Time t (min);Temperature T(c);Heat Flow Q (mW);Heat Flow (Normalized) Q (W/g);Weight (mg);Weight (%)
0;22,1276;3,949;0,156;25,259;100
0;22,1277;3,949;0,156;25,259;99,999
0;22,1278;3,949;0,156;25,259;99,999
0,01;22,1279;3,949;0,156;25,258;99,999
0,01;22,128;3,949;0,156;25,258;99,999
0,01;22,1281;3,949;0,156;25,258;99,998
0,01;22,1282;3,949;0,156;25,258;99,998
0,01;22,1283;3,949;0,156;25,258;99,998
0,01;22,1284;3,949;0,156;25,258;99,998
0,01;22,1285;3,949;0,156;25,258;99,997
0,02;22,1286;3,949;0,156;25,258;99,997
0,02;22,1287;3,949;0,156;25,258;99,997
0,02;22,1288;3,949;0,156;25,258;99,997
0,02;22,1289;3,949;0,156;25,258;99,997
0,02;22,129;3,949;0,156;25,258;99,996
0,03;22,1291;3,949;0,156;25,258;99,996
0,03;22,1292;3,949;0,156;25,258;99,996
0,03;22,1293;3,949;0,156;25,258;99,996
0,03;22,1294;3,949;0,156;25,258;99,995
0,03;22,1295;3,949;0,156;25,258;99,995
0,03;22,1296;3,949;0,156;25,257;99,995
0,03;22,1297;3,949;0,156;25,257;99,995
0,04;22,1298;3,949;0,156;25,257;99,994
0,04;22,1299;3,949;0,156;25,257;99,994
0,04;22,13;3,949;0,156;25,257;99,994
0,04;22,13;3,949;0,156;25,257;99,994
0,04;22,13;3,949;0,156;25,257;99,994
0,05;22,13;3,949;0,156;25,257;99,993
0,05;22,13;3,949;0,156;25,257;99,993
0,05;22,13;3,949;0,156;25,257;99,993
0,05;22,13;3,949;0,156;25,257;99,993
0,05;22,13;3,949;0,156;25,257;99,992
0,05;22,13;3,949;0,156;25,257;99,992
0,05;22,13;3,949;0,156;25,257;99,992
0,06;22,13;3,949;0,156;25,257;99,992
0,06;22,13;3,949;0,156;25,257;99,991
0,06;22,13;3,949;0,156;25,257;99,991
0,06;22,13;3,949;0,156;25,256;99,991
0,06;22,13;3,949;0,156;25,256;99,991
0,07;22,13;3,949;0,156;25,256;99,991
0,07;22,13;3,949;0,156;25,256;99,99
0,07;22,13;3,949;0,156;25,256;99,99
0,07;22,13;3,949;0,156;25,256;99,99
0,07;22,13;3,95;0,156;25,256;99,99
0,07;22,13;3,95;0,156;25,256;99,99
0,08;22,13;3,95;0,156;25,256;99,989
0,08;22,13;3,95;0,156;25,256;99,989
0,08;22,13;3,95;0,156;25,256;99,989
0,08;22,13;3,95;0,156;25,256;99,989
0,08;22,13;3,95;0,156;25,256;99,989
0,08;22,14;3,95;0,156;25,256;99,988
0,08;22,14;3,95;0,156;25,256;99,988
0,09;22,14;3,95;0,156;25,256;99,988
0,09;22,14;3,95;0,156;25,256;99,988
0,09;22,14;3,95;0,156;25,256;99,988
0,09;22,14;3,951;0,156;25,256;99,988
0,09;22,14;3,951;0,156;25,256;99,987
0,09;22,14;3,951;0,156;25,256;99,987
0,1;22,14;3,951;0,156;25,255;99,987
0,1;22,14;3,951;0,156;25,255;99,987
0,1;22,14;3,951;0,156;25,255;99,987
0,1;22,14;3,951;0,156;25,255;99,987
0,1;22,14;3,951;0,156;25,255;99,987
0,11;22,14;3,952;0,156;25,255;99,986
0,11;22,14;3,952;0,156;25,255;99,986
0,11;22,14;3,952;0,156;25,255;99,986
0,11;22,14;3,952;0,156;25,255;99,986
0,11;22,14;3,952;0,156;25,255;99,986
0,11;22,14;3,952;0,156;25,255;99,986
0,12;22,14;3,953;0,156;25,255;99,986
0,12;22,14;3,953;0,156;25,255;99,986
0,12;22,14;3,953;0,156;25,255;99,985
0,12;22,14;3,953;0,157;25,255;99,985
0,12;22,14;3,953;0,157;25,255;99,985
0,12;22,14;3,953;0,157;25,255;99,985
0,13;22,14;3,954;0,157;25,255;99,985
0,13;22,14;3,954;0,157;25,255;99,985
0,13;22,14;3,954;0,157;25,255;99,985
0,13;22,14;3,954;0,157;25,255;99,985
0,13;22,14;3,954;0,157;25,255;99,985
0,13;22,14;3,955;0,157;25,255;99,985
0,14;22,14;3,955;0,157;25,255;99,985
0,14;22,14;3,955;0,157;25,255;99,985
0,14;22,14;3,955;0,157;25,255;99,985
0,14;22,14;3,956;0,157;25,255;99,984
0,14;22,14;3,956;0,157;25,255;99,984
0,14;22,14;3,956;0,157;25,255;99,984
0,14;22,15;3,957;0,157;25,255;99,984
0,15;22,15;3,957;0,157;25,255;99,984
0,15;22,15;3,957;0,157;25,255;99,984
0,15;22,15;3,958;0,157;25,255;99,984
0,15;22,15;3,958;0,157;25,255;99,984
0,15;22,15;3,958;0,157;25,255;99,984
0,16;22,15;3,959;0,157;25,255;99,984
0,16;22,15;3,959;0,157;25,255;99,984
0,16;22,15;3,959;0,157;25,255;99,984
0,16;22,15;3,96;0,157;25,255;99,984
0,16;22,15;3,96;0,157;25,255;99,984
0,16;22,15;3,961;0,157;25,255;99,984
0,16;22,15;3,961;0,157;25,255;99,984
0,17;22,15;3,961;0,157;25,255;99,984
0,17;22,15;3,962;0,157;25,255;99,984
0,17;22,15;3,962;0,157;25,255;99,984
0,17;22,15;3,963;0,157;25,255;99,984
0,17;22,15;3,963;0,157;25,255;99,984
0,18;22,15;3,964;0,157;25,255;99,984
0,18;22,15;3,964;0,157;25,255;99,984
0,18;22,15;3,965;0,157;25,255;99,983
0,18;22,15;3,965;0,157;25,255;99,983
0,18;22,16;3,966;0,157;25,255;99,983
0,18;22,16;3,967;0,157;25,255;99,983
0,19;22,16;3,967;0,157;25,255;99,983
0,19;22,16;3,968;0,157;25,255;99,983
0,19;22,16;3,968;0,157;25,254;99,983
0,19;22,16;3,969;0,157;25,254;99,983
0,19;22,16;3,97;0,157;25,254;99,983
0,19;22,16;3,971;0,157;25,254;99,983
0,19;22,16;3,972;0,157;25,254;99,983
0,2;22,16;3,973;0,157;25,254;99,983
0,2;22,16;3,974;0,157;25,254;99,983
0,2;22,16;3,975;0,157;25,254;99,983
0,2;22,16;3,976;0,157;25,254;99,983
0,2;22,16;3,977;0,157;25,254;99,983
0,21;22,17;3,978;0,157;25,254;99,983
0,21;22,17;3,979;0,158;25,254;99,983
0,21;22,17;3,981;0,158;25,254;99,983
0,21;22,17;3,982;0,158;25,254;99,983
0,21;22,17;3,983;0,158;25,254;99,983
0,21;22,17;3,985;0,158;25,254;99,982
0,21;22,17;3,986;0,158;25,254;99,982
0,22;22,17;3,988;0,158;25,254;99,982
0,22;22,17;3,989;0,158;25,254;99,982
0,22;22,17;3,991;0,158;25,254;99,982
0,22;22,17;3,993;0,158;25,254;99,982
0,22;22,18;3,995;0,158;25,254;99,982
0,23;22,18;3,996;0,158;25,254;99,982
0,23;22,18;3,998;0,158;25,254;99,982
0,23;22,18;4;0,158;25,254;99,982
0,23;22,18;4,002;0,158;25,254;99,982
0,23;22,18;4,004;0,159;25,254;99,982
0,23;22,18;4,006;0,159;25,254;99,982
0,24;22,18;4,008;0,159;25,254;99,982
0,24;22,19;4,009;0,159;25,254;99,982
0,24;22,19;4,011;0,159;25,254;99,982
0,24;22,19;4,013;0,159;25,254;99,982
0,24;22,19;4,015;0,159;25,254;99,982
0,24;22,19;4,017;0,159;25,254;99,982
0,24;22,19;4,019;0,159;25,254;99,982
0,25;22,19;4,021;0,159;25,254;99,982
0,25;22,2;4,023;0,159;25,254;99,982
0,25;22,2;4,025;0,159;25,254;99,981
0,25;22,2;4,028;0,159;25,254;99,981
0,25;22,2;4,03;0,16;25,254;99,981
0,26;22,2;4,032;0,16;25,254;99,981
0,26;22,2;4,034;0,16;25,254;99,981
0,26;22,21;4,036;0,16;25,254;99,981
0,26;22,21;4,038;0,16;25,254;99,981
0,26;22,21;4,04;0,16;25,254;99,981
0,26;22,21;4,042;0,16;25,254;99,981
0,26;22,21;4,045;0,16;25,254;99,981
0,27;22,21;4,047;0,16;25,254;99,981
0,27;22,22;4,049;0,16;25,254;99,981
0,27;22,22;4,052;0,16;25,254;99,981
0,27;22,22;4,054;0,16;25,254;99,981
0,27;22,22;4,056;0,161;25,254;99,981
0,28;22,22;4,059;0,161;25,254;99,981
0,28;22,23;4,061;0,161;25,254;99,981
0,28;22,23;4,064;0,161;25,254;99,981
0,28;22,23;4,066;0,161;25,254;99,981
0,28;22,23;4,068;0,161;25,254;99,981
0,28;22,23;4,071;0,161;25,254;99,981
0,29;22,24;4,073;0,161;25,254;99,981
0,29;22,24;4,075;0,161;25,254;99,981
0,29;22,24;4,078;0,161;25,254;99,98
0,29;22,24;4,08;0,162;25,254;99,98
0,29;22,25;4,082;0,162;25,254;99,98
0,29;22,25;4,084;0,162;25,254;99,98
0,3;22,25;4,087;0,162;25,254;99,98
0,3;22,25;4,089;0,162;25,254;99,98
0,3;22,25;4,091;0,162;25,254;99,98
0,3;22,26;4,093;0,162;25,254;99,98
0,3;22,26;4,096;0,162;25,254;99,98
0,3;22,26;4,098;0,162;25,254;99,98
0,3;22,26;4,1;0,162;25,254;99,98
0,31;22,27;4,102;0,162;25,254;99,98
0,31;22,27;4,104;0,162;25,254;99,98
0,31;22,27;4,106;0,163;25,254;99,98
0,31;22,28;4,108;0,163;25,254;99,98
0,31;22,28;4,111;0,163;25,254;99,98
0,31;22,28;4,113;0,163;25,254;99,98
0,32;22,28;4,115;0,163;25,254;99,98
0,32;22,29;4,117;0,163;25,254;99,98
0,32;22,29;4,119;0,163;25,254;99,98
0,32;22,29;4,121;0,163;25,254;99,98
0,32;22,29;4,124;0,163;25,254;99,979
0,33;22,3;4,126;0,163;25,254;99,979
0,33;22,3;4,128;0,163;25,254;99,979
0,33;22,3;4,13;0,164;25,254;99,979
0,33;22,31;4,133;0,164;25,254;99,979
0,33;22,31;4,135;0,164;25,254;99,979
0,33;22,31;4,137;0,164;25,253;99,979
0,34;22,31;4,14;0,164;25,253;99,979
0,34;22,32;4,142;0,164;25,253;99,979
0,34;22,32;4,144;0,164;25,253;99,979
0,34;22,32;4,147;0,164;25,253;99,979
0,34;22,33;4,149;0,164;25,253;99,979
0,34;22,33;4,152;0,164;25,253;99,979
0,35;22,33;4,154;0,164;25,253;99,979
0,35;22,34;4,157;0,165;25,253;99,979
0,35;22,34;4,16;0,165;25,253;99,979
0,35;22,34;4,162;0,165;25,253;99,979
0,35;22,35;4,165;0,165;25,253;99,979
0,35;22,35;4,168;0,165;25,253;99,979
0,35;22,36;4,171;0,165;25,253;99,979
0,36;22,36;4,174;0,165;25,253;99,979
0,36;22,36;4,177;0,165;25,253;99,978
0,36;22,37;4,18;0,165;25,253;99,978
0,36;22,37;4,183;0,166;25,253;99,978
0,36;22,37;4,186;0,166;25,253;99,978
0,36;22,38;4,189;0,166;25,253;99,978
0,37;22,38;4,192;0,166;25,253;99,978
0,37;22,38;4,195;0,166;25,253;99,978
0,37;22,39;4,198;0,166;25,253;99,978
0,37;22,39;4,201;0,166;25,253;99,978
0,37;22,4;4,204;0,166;25,253;99,978
0,38;22,4;4,207;0,167;25,253;99,978
0,38;22,4;4,21;0,167;25,253;99,978
0,38;22,41;4,213;0,167;25,253;99,978
0,38;22,41;4,216;0,167;25,253;99,978
0,38;22,42;4,22;0,167;25,253;99,978
0,38;22,42;4,223;0,167;25,253;99,978
0,39;22,43;4,226;0,167;25,253;99,978
0,39;22,43;4,23;0,167;25,253;99,978
0,39;22,43;4,233;0,168;25,253;99,978
0,39;22,44;4,236;0,168;25,253;99,978
0,39;22,44;4,24;0,168;25,253;99,978
0,39;22,45;4,243;0,168;25,253;99,978
0,4;22,45;4,247;0,168;25,253;99,977
0,4;22,46;4,25;0,168;25,253;99,977
0,4;22,46;4,254;0,168;25,253;99,977
0,4;22,47;4,257;0,169;25,253;99,977
0,4;22,47;4,261;0,169;25,253;99,977
0,4;22,47;4,264;0,169;25,253;99,977
0,4;22,48;4,267;0,169;25,253;99,977
0,41;22,48;4,271;0,169;25,253;99,977
0,41;22,49;4,275;0,169;25,253;99,977
0,41;22,49;4,278;0,169;25,253;99,977
0,41;22,5;4,282;0,17;25,253;99,977
0,41;22,5;4,286;0,17;25,253;99,977
0,41;22,51;4,289;0,17;25,253;99,977
0,42;22,51;4,293;0,17;25,253;99,977
0,42;22,52;4,296;0,17;25,253;99,977
0,42;22,52;4,3;0,17;25,253;99,977
0,42;22,53;4,304;0,17;25,253;99,977
0,42;22,53;4,308;0,171;25,253;99,977
0,43;22,54;4,312;0,171;25,253;99,977
0,43;22,54;4,315;0,171;25,253;99,977
0,43;22,55;4,319;0,171;25,253;99,977
0,43;22,55;4,323;0,171;25,253;99,977
0,43;22,56;4,326;0,171;25,253;99,977
0,43;22,56;4,33;0,171;25,253;99,977
0,44;22,57;4,333;0,172;25,253;99,977
0,44;22,58;4,337;0,172;25,253;99,976
0,44;22,58;4,34;0,172;25,253;99,976
0,44;22,59;4,344;0,172;25,253;99,976
0,44;22,59;4,347;0,172;25,253;99,976
0,44;22,6;4,35;0,172;25,253;99,976
0,45;22,6;4,354;0,172;25,253;99,976
0,45;22,61;4,357;0,173;25,253;99,976
0,45;22,61;4,361;0,173;25,253;99,976
0,45;22,62;4,365;0,173;25,253;99,976
0,45;22,63;4,368;0,173;25,253;99,976
0,45;22,63;4,372;0,173;25,253;99,976
0,45;22,64;4,376;0,173;25,253;99,976
0,46;22,64;4,38;0,173;25,253;99,976
0,46;22,65;4,383;0,174;25,253;99,976
0,46;22,65;4,387;0,174;25,253;99,976
0,46;22,66;4,391;0,174;25,253;99,976
0,46;22,67;4,394;0,174;25,253;99,976
0,46;22,67;4,398;0,174;25,253;99,976
0,47;22,68;4,402;0,174;25,253;99,976
0,47;22,68;4,405;0,174;25,253;99,976
0,47;22,69;4,409;0,175;25,253;99,976
0,47;22,7;4,413;0,175;25,253;99,976
0,47;22,7;4,417;0,175;25,253;99,976
0,48;22,71;4,42;0,175;25,253;99,976
0,48;22,72;4,424;0,175;25,253;99,976
0,48;22,72;4,428;0,175;25,253;99,976
0,48;22,73;4,432;0,175;25,253;99,976
0,48;22,73;4,435;0,176;25,253;99,976
0,48;22,74;4,439;0,176;25,253;99,976
0,49;22,75;4,443;0,176;25,253;99,976
0,49;22,75;4,447;0,176;25,253;99,975
0,49;22,76;4,451;0,176;25,253;99,975
0,49;22,77;4,455;0,176;25,253;99,975
0,49;22,77;4,459;0,177;25,253;99,975
0,49;22,78;4,462;0,177;25,253;99,975
0,5;22,79;4,466;0,177;25,253;99,975
0,5;22,79;4,47;0,177;25,253;99,975
0,5;22,8;4,475;0,177;25,253;99,975
0,5;22,81;4,479;0,177;25,252;99,975
0,5;22,82;4,483;0,177;25,252;99,975
0,5;22,82;4,487;0,178;25,252;99,975
0,5;22,83;4,491;0,178;25,252;99,975
0,51;22,84;4,495;0,178;25,252;99,975
0,51;22,84;4,499;0,178;25,252;99,975
0,51;22,85;4,503;0,178;25,252;99,975
0,51;22,86;4,508;0,178;25,252;99,975
0,51;22,87;4,512;0,179;25,252;99,975
0,51;22,87;4,516;0,179;25,252;99,975
0,52;22,88;4,521;0,179;25,252;99,975
0,52;22,89;4,525;0,179;25,252;99,975
0,52;22,9;4,53;0,179;25,252;99,975
0,52;22,9;4,534;0,18;25,252;99,975
0,52;22,91;4,539;0,18;25,252;99,975
0,53;22,92;4,544;0,18;25,252;99,975
0,53;22,93;4,55;0,18;25,252;99,975
0,53;22,93;4,554;0,18;25,252;99,975
0,53;22,94;4,559;0,18;25,252;99,975
0,53;22,95;4,564;0,181;25,252;99,975
0,53;22,96;4,569;0,181;25,252;99,975
0,53;22,96;4,573;0,181;25,252;99,975
0,54;22,97;4,578;0,181;25,252;99,975
0,54;22,98;4,583;0,181;25,252;99,975
0,54;22,99;4,588;0,182;25,252;99,975
0,54;22,99;4,593;0,182;25,252;99,975
0,54;23;4,598;0,182;25,252;99,975
0,55;23,01;4,603;0,182;25,252;99,975
0,55;23,02;4,609;0,182;25,252;99,975
0,55;23,03;4,614;0,183;25,252;99,975
0,55;23,03;4,618;0,183;25,252;99,975
0,55;23,04;4,624;0,183;25,252;99,975
0,55;23,05;4,629;0,183;25,252;99,975
0,55;23,06;4,634;0,183;25,252;99,975
0,56;23,07;4,639;0,184;25,252;99,975
0,56;23,08;4,644;0,184;25,252;99,975
0,56;23,09;4,65;0,184;25,252;99,974
0,56;23,09;4,655;0,184;25,252;99,974
0,56;23,1;4,661;0,185;25,252;99,974
0,57;23,11;4,666;0,185;25,252;99,974
0,57;23,12;4,671;0,185;25,252;99,974
0,57;23,13;4,677;0,185;25,252;99,974
0,57;23,14;4,682;0,185;25,252;99,974
0,57;23,15;4,687;0,186;25,252;99,974
0,57;23,16;4,693;0,186;25,252;99,974
0,58;23,16;4,699;0,186;25,252;99,974
0,58;23,17;4,705;0,186;25,252;99,974
0,58;23,18;4,711;0,187;25,252;99,974
0,58;23,19;4,717;0,187;25,252;99,974
0,58;23,2;4,722;0,187;25,252;99,974
0,58;23,21;4,728;0,187;25,252;99,974
0,58;23,22;4,734;0,187;25,252;99,974
0,59;23,23;4,74;0,188;25,252;99,974
0,59;23,24;4,746;0,188;25,252;99,974
0,59;23,25;4,752;0,188;25,252;99,974
0,59;23,26;4,758;0,188;25,252;99,974
0,59;23,26;4,765;0,189;25,252;99,974
0,6;23,27;4,77;0,189;25,252;99,974
0,6;23,28;4,776;0,189;25,252;99,974
0,6;23,29;4,782;0,189;25,252;99,974
0,6;23,3;4,789;0,19;25,252;99,974
0,6;23,31;4,796;0,19;25,252;99,974
0,6;23,32;4,802;0,19;25,252;99,974
0,6;23,33;4,808;0,19;25,252;99,974
0,61;23,34;4,814;0,191;25,252;99,974
0,61;23,35;4,819;0,191;25,252;99,974
0,61;23,36;4,825;0,191;25,252;99,974
0,61;23,37;4,831;0,191;25,252;99,974
0,61;23,38;4,838;0,192;25,252;99,974
0,62;23,39;4,844;0,192;25,252;99,974
0,62;23,4;4,851;0,192;25,252;99,974
0,62;23,41;4,857;0,192;25,252;99,974
0,62;23,42;4,864;0,193;25,252;99,974
0,62;23,43;4,87;0,193;25,252;99,974
0,62;23,44;4,877;0,193;25,252;99,974
0,63;23,45;4,883;0,193;25,252;99,974
0,63;23,46;4,889;0,194;25,252;99,974
0,63;23,47;4,896;0,194;25,252;99,974
0,63;23,48;4,903;0,194;25,252;99,974
0,63;23,49;4,91;0,194;25,252;99,974
0,63;23,5;4,917;0,195;25,252;99,974
0,63;23,51;4,924;0,195;25,252;99,974
0,64;23,52;4,931;0,195;25,252;99,974
0,64;23,54;4,938;0,195;25,252;99,974
0,64;23,55;4,945;0,196;25,252;99,974
0,64;23,56;4,952;0,196;25,252;99,974
0,64;23,57;4,959;0,196;25,252;99,974
0,65;23,58;4,965;0,197;25,252;99,974
0,65;23,59;4,972;0,197;25,252;99,974
0,65;23,6;4,979;0,197;25,252;99,974
0,65;23,61;4,987;0,197;25,252;99,974
0,65;23,62;4,994;0,198;25,252;99,974
0,65;23,63;5,001;0,198;25,252;99,974
0,65;23,64;5,009;0,198;25,252;99,974
0,66;23,65;5,016;0,199;25,252;99,974
0,66;23,67;5,023;0,199;25,252;99,974
0,66;23,68;5,031;0,199;25,252;99,974
0,66;23,69;5,038;0,199;25,252;99,974
0,66;23,7;5,045;0,2;25,252;99,973
0,67;23,71;5,053;0,2;25,252;99,973
0,67;23,72;5,061;0,2;25,252;99,973
0,67;23,73;5,068;0,201;25,252;99,973
0,67;23,74;5,076;0,201;25,252;99,973
0,67;23,76;5,083;0,201;25,252;99,973
0,67;23,77;5,092;0,202;25,252;99,973
0,68;23,78;5,1;0,202;25,252;99,973
0,68;23,79;5,108;0,202;25,252;99,973
0,68;23,8;5,116;0,203;25,252;99,973
0,68;23,81;5,124;0,203;25,252;99,973
0,68;23,83;5,131;0,203;25,252;99,973
0,68;23,84;5,139;0,203;25,252;99,973
0,68;23,85;5,147;0,204;25,252;99,973
0,69;23,86;5,154;0,204;25,252;99,973
0,69;23,87;5,162;0,204;25,252;99,973
0,69;23,89;5,171;0,205;25,252;99,973
0,69;23,9;5,179;0,205;25,252;99,973
0,69;23,91;5,187;0,205;25,252;99,973
0,7;23,92;5,195;0,206;25,252;99,973
0,7;23,93;5,204;0,206;25,252;99,973
0,7;23,95;5,211;0,206;25,252;99,973
0,7;23,96;5,219;0,207;25,252;99,973
0,7;23,97;5,228;0,207;25,252;99,973
0,7;23,98;5,236;0,207;25,252;99,972
0,7;24;5,245;0,208;25,252;99,972
0,71;24,01;5,253;0,208;25,252;99,972
0,71;24,02;5,261;0,208;25,252;99,972
0,71;24,03;5,27;0,209;25,252;99,972
0,71;24,05;5,277;0,209;25,252;99,972
0,71;24,06;5,286;0,209;25,252;99,972
0,72;24,07;5,294;0,21;25,252;99,972
0,72;24,09;5,302;0,21;25,252;99,972
0,72;24,1;5,311;0,21;25,252;99,972
0,72;24,11;5,319;0,211;25,252;99,972
0,72;24,12;5,327;0,211;25,252;99,972
0,72;24,14;5,336;0,211;25,252;99,972
0,73;24,15;5,344;0,212;25,252;99,972
0,73;24,16;5,352;0,212;25,252;99,971
0,73;24,18;5,361;0,212;25,252;99,971
0,73;24,19;5,37;0,213;25,252;99,971
0,73;24,2;5,378;0,213;25,251;99,971
0,73;24,21;5,386;0,213;25,251;99,971
0,73;24,23;5,395;0,214;25,251;99,971
0,74;24,24;5,403;0,214;25,251;99,971
0,74;24,25;5,412;0,214;25,251;99,971
0,74;24,27;5,42;0,215;25,251;99,971
0,74;24,28;5,428;0,215;25,251;99,971
0,74;24,29;5,437;0,215;25,251;99,971
0,75;24,31;5,445;0,216;25,251;99,97
0,75;24,32;5,454;0,216;25,251;99,97
0,75;24,34;5,462;0,216;25,251;99,97
0,75;24,35;5,47;0,217;25,251;99,97
0,75;24,36;5,479;0,217;25,251;99,97
0,75;24,38;5,487;0,217;25,251;99,97
0,75;24,39;5,496;0,218;25,251;99,97
0,76;24,4;5,504;0,218;25,251;99,97
0,76;24,42;5,512;0,218;25,251;99,97
0,76;24,43;5,52;0,219;25,251;99,969
0,76;24,44;5,529;0,219;25,251;99,969
0,76;24,46;5,537;0,219;25,251;99,969
0,77;24,47;5,546;0,22;25,251;99,969
0,77;24,49;5,554;0,22;25,251;99,969
0,77;24,5;5,562;0,22;25,251;99,969
0,77;24,51;5,571;0,221;25,251;99,969
0,77;24,53;5,579;0,221;25,251;99,969
0,77;24,54;5,588;0,221;25,251;99,968
0,78;24,56;5,596;0,222;25,251;99,968
0,78;24,57;5,605;0,222;25,251;99,968
0,78;24,59;5,613;0,222;25,251;99,968
0,78;24,6;5,621;0,223;25,251;99,968
0,78;24,62;5,63;0,223;25,251;99,968
0,78;24,63;5,638;0,223;25,251;99,967
0,78;24,64;5,647;0,224;25,25;99,967
0,79;24,66;5,654;0,224;25,25;99,967
0,79;24,67;5,663;0,224;25,25;99,967
0,79;24,69;5,671;0,225;25,25;99,967
0,79;24,7;5,679;0,225;25,25;99,967
0,79;24,72;5,687;0,225;25,25;99,966
0,8;24,73;5,695;0,225;25,25;99,966
0,8;24,75;5,704;0,226;25,25;99,966
0,8;24,76;5,711;0,226;25,25;99,966
0,8;24,78;5,72;0,226;25,25;99,966
0,8;24,79;5,728;0,227;25,25;99,966
0,8;24,81;5,736;0,227;25,25;99,965
0,8;24,82;5,744;0,227;25,25;99,965
0,81;24,84;5,752;0,228;25,25;99,965
0,81;24,85;5,761;0,228;25,25;99,965
0,81;24,87;5,769;0,228;25,25;99,965
0,81;24,88;5,777;0,229;25,25;99,964
0,81;24,9;5,786;0,229;25,25;99,964
0,82;24,91;5,794;0,229;25,25;99,964
0,82;24,93;5,802;0,23;25,25;99,964
0,82;24,94;5,81;0,23;25,25;99,964
0,82;24,96;5,818;0,23;25,249;99,963
0,82;24,97;5,826;0,231;25,249;99,963
0,82;24,99;5,834;0,231;25,249;99,963
0,83;25,01;5,842;0,231;25,249;99,963
0,83;25,02;5,85;0,232;25,249;99,962
0,83;25,04;5,857;0,232;25,249;99,962
0,83;25,05;5,866;0,232;25,249;99,962
0,83;25,07;5,874;0,233;25,249;99,962
0,83;25,08;5,881;0,233;25,249;99,961
0,83;25,1;5,889;0,233;25,249;99,961
0,84;25,12;5,896;0,233;25,249;99,961
0,84;25,13;5,903;0,234;25,249;99,961
0,84;25,15;5,911;0,234;25,249;99,96
0,84;25,16;5,918;0,234;25,249;99,96
0,84;25,18;5,926;0,235;25,249;99,96
0,85;25,19;5,933;0,235;25,249;99,96
0,85;25,21;5,94;0,235;25,248;99,959
0,85;25,23;5,947;0,235;25,248;99,959
0,85;25,24;5,955;0,236;25,248;99,959
0,85;25,26;5,962;0,236;25,248;99,959
0,85;25,28;5,968;0,236;25,248;99,958
0,85;25,29;5,976;0,237;25,248;99,958
0,86;25,31;5,983;0,237;25,248;99,958
0,86;25,32;5,989;0,237;25,248;99,957
0,86;25,34;5,996;0,237;25,248;99,957
0,86;25,36;6,003;0,238;25,248;99,957
0,86;25,37;6,009;0,238;25,248;99,956
0,87;25,39;6,016;0,238;25,248;99,956
0,87;25,41;6,023;0,238;25,248;99,956
0,87;25,42;6,029;0,239;25,248;99,956
0,87;25,44;6,036;0,239;25,247;99,955
0,87;25,46;6,043;0,239;25,247;99,955
0,87;25,47;6,049;0,239;25,247;99,955
0,88;25,49;6,055;0,24;25,247;99,954
0,88;25,51;6,061;0,24;25,247;99,954
0,88;25,52;6,067;0,24;25,247;99,954
0,88;25,54;6,074;0,24;25,247;99,953
0,88;25,56;6,08;0,241;25,247;99,953
0,88;25,57;6,085;0,241;25,247;99,953
0,88;25,59;6,091;0,241;25,247;99,952
0,89;25,61;6,097;0,241;25,247;99,952
0,89;25,63;6,102;0,242;25,246;99,952
0,89;25,64;6,108;0,242;25,246;99,951
0,89;25,66;6,113;0,242;25,246;99,951
0,89;25,68;6,119;0,242;25,246;99,95
0,9;25,69;6,124;0,242;25,246;99,95
0,9;25,71;6,13;0,243;25,246;99,95
0,9;25,73;6,136;0,243;25,246;99,949
0,9;25,75;6,141;0,243;25,246;99,949
0,9;25,76;6,146;0,243;25,246;99,949
0,9;25,78;6,151;0,244;25,246;99,948
0,9;25,8;6,156;0,244;25,246;99,948
0,91;25,82;6,161;0,244;25,245;99,947
0,91;25,83;6,166;0,244;25,245;99,947
0,91;25,85;6,171;0,244;25,245;99,947
0,91;25,87;6,176;0,245;25,245;99,946
0,91;25,89;6,181;0,245;25,245;99,946
0,92;25,91;6,185;0,245;25,245;99,945
0,92;25,92;6,19;0,245;25,245;99,945
0,92;25,94;6,194;0,245;25,245;99,945
0,92;25,96;6,199;0,245;25,245;99,944
0,92;25,98;6,203;0,246;25,245;99,944
0,92;26;6,207;0,246;25,244;99,943
0,93;26,01;6,212;0,246;25,244;99,943
0,93;26,03;6,215;0,246;25,244;99,943
0,93;26,05;6,219;0,246;25,244;99,942
0,93;26,07;6,223;0,246;25,244;99,942
0,93;26,09;6,226;0,247;25,244;99,941
0,93;26,11;6,23;0,247;25,244;99,941
0,93;26,12;6,233;0,247;25,244;99,94
0,94;26,14;6,237;0,247;25,244;99,94
0,94;26,16;6,24;0,247;25,243;99,939
0,94;26,18;6,243;0,247;25,243;99,939
0,94;26,2;6,246;0,247;25,243;99,939
0,94;26,22;6,249;0,247;25,243;99,938
0,95;26,23;6,252;0,248;25,243;99,938
0,95;26,25;6,255;0,248;25,243;99,937
0,95;26,27;6,257;0,248;25,243;99,937
0,95;26,29;6,26;0,248;25,243;99,936
0,95;26,31;6,262;0,248;25,243;99,936
0,95;26,33;6,265;0,248;25,242;99,935
0,95;26,35;6,267;0,248;25,242;99,935
0,96;26,36;6,269;0,248;25,242;99,934
0,96;26,38;6,272;0,248;25,242;99,934
0,96;26,4;6,273;0,248;25,242;99,933
0,96;26,42;6,275;0,248;25,242;99,933
0,96;26,44;6,277;0,248;25,242;99,933
0,97;26,46;6,279;0,249;25,242;99,932
0,97;26,48;6,28;0,249;25,241;99,932
0,97;26,5;6,282;0,249;25,241;99,931
0,97;26,52;6,283;0,249;25,241;99,931
0,97;26,54;6,285;0,249;25,241;99,93
0,97;26,55;6,286;0,249;25,241;99,93
0,98;26,57;6,287;0,249;25,241;99,929
0,98;26,59;6,288;0,249;25,241;99,929
0,98;26,61;6,289;0,249;25,241;99,928
0,98;26,63;6,289;0,249;25,24;99,928
0,98;26,65;6,289;0,249;25,24;99,927
0,98;26,67;6,29;0,249;25,24;99,927
0,98;26,69;6,29;0,249;25,24;99,926
0,99;26,71;6,29;0,249;25,24;99,926
0,99;26,73;6,291;0,249;25,24;99,925
0,99;26,75;6,291;0,249;25,24;99,925
0,99;26,77;6,291;0,249;25,24;99,924
0,99;26,79;6,291;0,249;25,239;99,924
1;26,81;6,291;0,249;25,239;99,923
1;26,83;6,291;0,249;25,239;99,922
1;26,85;6,291;0,249;25,239;99,922
1;26,87;6,29;0,249;25,239;99,921
1;26,89;6,29;0,249;25,239;99,921
1;26,91;6,289;0,249;25,239;99,92
1;26,93;6,289;0,249;25,239;99,92
1,01;26,94;6,288;0,249;25,238;99,919
1,01;26,96;6,288;0,249;25,238;99,919
1,01;26,98;6,287;0,249;25,238;99,918
1,01;27;6,286;0,249;25,238;99,918
1,01;27,02;6,285;0,249;25,238;99,917
1,02;27,04;6,284;0,249;25,238;99,917
1,02;27,06;6,283;0,249;25,238;99,916
1,02;27,08;6,281;0,249;25,237;99,916
1,02;27,11;6,28;0,249;25,237;99,915
1,02;27,13;6,279;0,249;25,237;99,915
1,02;27,15;6,277;0,249;25,237;99,914
1,03;27,17;6,276;0,248;25,237;99,914
1,03;27,19;6,274;0,248;25,237;99,913
1,03;27,21;6,272;0,248;25,237;99,913
1,03;27,23;6,27;0,248;25,237;99,912
1,03;27,25;6,268;0,248;25,236;99,911
1,03;27,27;6,266;0,248;25,236;99,911
1,03;27,29;6,264;0,248;25,236;99,91
1,04;27,31;6,262;0,248;25,236;99,91
1,04;27,33;6,26;0,248;25,236;99,909
1,04;27,35;6,257;0,248;25,236;99,909
1,04;27,37;6,255;0,248;25,236;99,908
1,04;27,39;6,252;0,248;25,235;99,908
1,05;27,41;6,249;0,247;25,235;99,907
1,05;27,43;6,246;0,247;25,235;99,907
1,05;27,45;6,243;0,247;25,235;99,906
1,05;27,48;6,24;0,247;25,235;99,906
1,05;27,5;6,237;0,247;25,235;99,905
1,05;27,52;6,234;0,247;25,235;99,904
1,05;27,54;6,231;0,247;25,234;99,904
1,06;27,56;6,227;0,247;25,234;99,903
1,06;27,58;6,224;0,246;25,234;99,903
1,06;27,6;6,22;0,246;25,234;99,902
1,06;27,62;6,216;0,246;25,234;99,902
1,06;27,64;6,212;0,246;25,234;99,901
1,07;27,66;6,208;0,246;25,234;99,901
1,07;27,69;6,203;0,246;25,234;99,9
1,07;27,71;6,199;0,245;25,233;99,9
1,07;27,73;6,194;0,245;25,233;99,899
1,07;27,75;6,19;0,245;25,233;99,899
1,07;27,77;6,185;0,245;25,233;99,898
1,08;27,79;6,18;0,245;25,233;99,897
1,08;27,81;6,175;0,244;25,233;99,897
1,08;27,83;6,17;0,244;25,233;99,896
1,08;27,86;6,165;0,244;25,232;99,896
1,08;27,88;6,16;0,244;25,232;99,895
1,08;27,9;6,155;0,244;25,232;99,895
1,08;27,92;6,149;0,243;25,232;99,894
1,09;27,94;6,143;0,243;25,232;99,894
1,09;27,96;6,138;0,243;25,232;99,893
1,09;27,98;6,133;0,243;25,232;99,893
1,09;28,01;6,127;0,243;25,231;99,892
1,09;28,03;6,121;0,242;25,231;99,892
1,09;28,05;6,115;0,242;25,231;99,891
1,1;28,07;6,11;0,242;25,231;99,89
1,1;28,09;6,104;0,242;25,231;99,89
1,1;28,12;6,097;0,241;25,231;99,889
1,1;28,14;6,091;0,241;25,231;99,889
1,1;28,16;6,085;0,241;25,231;99,888
1,11;28,18;6,078;0,241;25,23;99,888
1,11;28,2;6,072;0,24;25,23;99,887
1,11;28,22;6,065;0,24;25,23;99,887
1,11;28,25;6,058;0,24;25,23;99,886
1,11;28,27;6,052;0,24;25,23;99,886
1,11;28,29;6,045;0,239;25,23;99,885
1,12;28,31;6,038;0,239;25,23;99,885
1,12;28,34;6,031;0,239;25,229;99,884
1,12;28,36;6,024;0,238;25,229;99,884
1,12;28,38;6,017;0,238;25,229;99,883
1,12;28,4;6,01;0,238;25,229;99,883
1,12;28,42;6,003;0,238;25,229;99,882
1,13;28,45;5,995;0,237;25,229;99,881
1,13;28,47;5,988;0,237;25,229;99,881
1,13;28,49;5,981;0,237;25,229;99,88
1,13;28,51;5,974;0,237;25,228;99,88
1,13;28,53;5,966;0,236;25,228;99,879
1,13;28,56;5,959;0,236;25,228;99,879
1,13;28,58;5,951;0,236;25,228;99,878
1,14;28,6;5,943;0,235;25,228;99,878
1,14;28,62;5,936;0,235;25,228;99,877
1,14;28,65;5,928;0,235;25,228;99,877
1,14;28,67;5,921;0,234;25,227;99,876
1,14;28,69;5,913;0,234;25,227;99,876
1,14;28,71;5,906;0,234;25,227;99,875
1,15;28,74;5,898;0,234;25,227;99,875
1,15;28,76;5,891;0,233;25,227;99,874
1,15;28,78;5,883;0,233;25,227;99,874
1,15;28,8;5,876;0,233;25,227;99,873
1,15;28,83;5,868;0,232;25,227;99,873
1,16;28,85;5,86;0,232;25,226;99,872
1,16;28,87;5,853;0,232;25,226;99,871
1,16;28,9;5,845;0,231;25,226;99,871
1,16;28,92;5,837;0,231;25,226;99,87
1,16;28,94;5,83;0,231;25,226;99,87
1,16;28,96;5,822;0,23;25,226;99,869
1,17;28,99;5,814;0,23;25,226;99,869
1,17;29,01;5,805;0,23;25,226;99,868
1,17;29,03;5,798;0,23;25,225;99,868
1,17;29,06;5,79;0,229;25,225;99,867
1,17;29,08;5,782;0,229;25,225;99,867
1,17;29,1;5,773;0,229;25,225;99,866
1,18;29,13;5,765;0,228;25,225;99,866
1,18;29,15;5,757;0,228;25,225;99,865
1,18;29,17;5,749;0,228;25,225;99,865
1,18;29,19;5,741;0,227;25,224;99,864
1,18;29,22;5,732;0,227;25,224;99,864
1,18;29,24;5,724;0,227;25,224;99,863
1,18;29,26;5,715;0,226;25,224;99,863
1,19;29,29;5,706;0,226;25,224;99,862
1,19;29,31;5,698;0,226;25,224;99,862
1,19;29,33;5,69;0,225;25,224;99,861
1,19;29,36;5,682;0,225;25,224;99,861
1,19;29,38;5,673;0,225;25,223;99,86
1,19;29,4;5,665;0,224;25,223;99,86
1,2;29,43;5,657;0,224;25,223;99,859
1,2;29,45;5,649;0,224;25,223;99,859
1,2;29,48;5,64;0,223;25,223;99,858
1,2;29,5;5,631;0,223;25,223;99,858
1,2;29,52;5,622;0,223;25,223;99,857
1,21;29,55;5,614;0,222;25,223;99,857
1,21;29,57;5,605;0,222;25,222;99,856
1,21;29,59;5,595;0,222;25,222;99,856
1,21;29,62;5,586;0,221;25,222;99,855
1,21;29,64;5,577;0,221;25,222;99,855
1,21;29,66;5,569;0,22;25,222;99,854
1,22;29,69;5,56;0,22;25,222;99,854
1,22;29,71;5,551;0,22;25,222;99,853
1,22;29,74;5,542;0,219;25,222;99,853
1,22;29,76;5,533;0,219;25,221;99,852
1,22;29,78;5,524;0,219;25,221;99,852
1,22;29,81;5,514;0,218;25,221;99,851
1,23;29,83;5,505;0,218;25,221;99,851
1,23;29,86;5,496;0,218;25,221;99,85
1,23;29,88;5,486;0,217;25,221;99,85
1,23;29,9;5,477;0,217;25,221;99,849
1,23;29,93;5,467;0,216;25,221;99,849
1,23;29,95;5,458;0,216;25,22;99,848
1,23;29,98;5,448;0,216;25,22;99,848
1,24;30;5,438;0,215;25,22;99,847
1,24;30,02;5,429;0,215;25,22;99,847
1,24;30,05;5,419;0,215;25,22;99,846
1,24;30,07;5,409;0,214;25,22;99,846
1,24;30,1;5,399;0,214;25,22;99,845
1,24;30,12;5,389;0,213;25,22;99,845
1,25;30,14;5,379;0,213;25,219;99,844
1,25;30,17;5,37;0,213;25,219;99,844
1,25;30,19;5,36;0,212;25,219;99,843
1,25;30,22;5,349;0,212;25,219;99,843
1,25;30,24;5,339;0,211;25,219;99,842
1,26;30,27;5,329;0,211;25,219;99,842
1,26;30,29;5,318;0,211;25,219;99,841
1,26;30,31;5,308;0,21;25,219;99,841
1,26;30,34;5,297;0,21;25,218;99,841
1,26;30,36;5,287;0,209;25,218;99,84
1,26;30,39;5,276;0,209;25,218;99,84
1,27;30,41;5,266;0,208;25,218;99,839
1,27;30,44;5,256;0,208;25,218;99,839
1,27;30,46;5,246;0,208;25,218;99,838
1,27;30,49;5,236;0,207;25,218;99,838
1,27;30,51;5,225;0,207;25,218;99,837
1,27;30,53;5,214;0,206;25,217;99,837
1,28;30,56;5,203;0,206;25,217;99,836
1,28;30,58;5,193;0,206;25,217;99,836
1,28;30,61;5,182;0,205;25,217;99,835
1,28;30,63;5,171;0,205;25,217;99,835
1,28;30,66;5,161;0,204;25,217;99,834
1,28;30,68;5,151;0,204;25,217;99,834
1,28;30,71;5,14;0,203;25,217;99,833
1,29;30,73;5,129;0,203;25,217;99,833
1,29;30,76;5,118;0,203;25,216;99,832
1,29;30,78;5,107;0,202;25,216;99,832
1,29;30,81;5,097;0,202;25,216;99,831
1,29;30,83;5,085;0,201;25,216;99,831
1,29;30,86;5,074;0,201;25,216;99,83
1,3;30,88;5,063;0,2;25,216;99,83
1,3;30,9;5,052;0,2;25,216;99,83
1,3;30,93;5,041;0,2;25,216;99,829
1,3;30,95;5,03;0,199;25,215;99,829
1,3;30,98;5,018;0,199;25,215;99,828
1,31;31;5,007;0,198;25,215;99,828
1,31;31,03;4,996;0,198;25,215;99,827
1,31;31,05;4,985;0,197;25,215;99,827
1,31;31,08;4,974;0,197;25,215;99,826
1,31;31,1;4,963;0,196;25,215;99,826
1,31;31,13;4,951;0,196;25,215;99,825
1,32;31,15;4,94;0,196;25,215;99,825
1,32;31,18;4,929;0,195;25,214;99,824
1,32;31,2;4,919;0,195;25,214;99,824
1,32;31,23;4,908;0,194;25,214;99,823
1,32;31,26;4,896;0,194;25,214;99,823
1,32;31,28;4,885;0,193;25,214;99,822
1,33;31,31;4,874;0,193;25,214;99,822
1,33;31,33;4,863;0,193;25,214;99,822
1,33;31,36;4,851;0,192;25,214;99,821
1,33;31,38;4,84;0,192;25,213;99,821
1,33;31,41;4,829;0,191;25,213;99,82
1,33;31,43;4,817;0,191;25,213;99,82
1,33;31,46;4,806;0,19;25,213;99,819
1,34;31,48;4,794;0,19;25,213;99,819
1,34;31,51;4,783;0,189;25,213;99,818
1,34;31,53;4,771;0,189;25,213;99,818
1,34;31,56;4,76;0,188;25,213;99,817
1,34;31,58;4,748;0,188;25,212;99,817
1,34;31,61;4,737;0,188;25,212;99,816
1,35;31,64;4,725;0,187;25,212;99,816
1,35;31,66;4,714;0,187;25,212;99,815
1,35;31,69;4,702;0,186;25,212;99,815
1,35;31,71;4,69;0,186;25,212;99,815
1,35;31,74;4,679;0,185;25,212;99,814
1,36;31,76;4,667;0,185;25,212;99,814
1,36;31,79;4,656;0,184;25,212;99,813
1,36;31,81;4,644;0,184;25,211;99,813
1,36;31,84;4,632;0,183;25,211;99,812
1,36;31,87;4,62;0,183;25,211;99,812
1,36;31,89;4,609;0,182;25,211;99,811
1,37;31,92;4,597;0,182;25,211;99,811
1,37;31,94;4,585;0,182;25,211;99,81
1,37;31,97;4,574;0,181;25,211;99,81
1,37;31,99;4,562;0,181;25,211;99,809
1,37;32,02;4,55;0,18;25,21;99,809
1,37;32,04;4,537;0,18;25,21;99,809
1,38;32,07;4,526;0,179;25,21;99,808
1,38;32,1;4,515;0,179;25,21;99,808
1,38;32,12;4,503;0,178;25,21;99,807
1,38;32,15;4,491;0,178;25,21;99,807
1,38;32,17;4,479;0,177;25,21;99,806
1,38;32,2;4,467;0,177;25,21;99,806
1,38;32,23;4,456;0,176;25,21;99,805
1,39;32,25;4,444;0,176;25,209;99,805
1,39;32,28;4,432;0,175;25,209;99,804
1,39;32,3;4,42;0,175;25,209;99,804
1,39;32,33;4,408;0,175;25,209;99,803
1,39;32,36;4,396;0,174;25,209;99,803
1,39;32,38;4,383;0,174;25,209;99,802
1,4;32,41;4,371;0,173;25,209;99,802
1,4;32,43;4,359;0,173;25,209;99,802
1,4;32,46;4,346;0,172;25,209;99,801
1,4;32,49;4,334;0,172;25,208;99,801
1,4;32,51;4,321;0,171;25,208;99,8
1,41;32,54;4,31;0,171;25,208;99,8
1,41;32,56;4,297;0,17;25,208;99,799
1,41;32,59;4,285;0,17;25,208;99,799
1,41;32,62;4,273;0,169;25,208;99,798
1,41;32,64;4,26;0,169;25,208;99,798
1,41;32,67;4,247;0,168;25,208;99,797
1,42;32,69;4,235;0,168;25,207;99,797
1,42;32,72;4,223;0,167;25,207;99,796
1,42;32,75;4,211;0,167;25,207;99,796
1,42;32,77;4,199;0,166;25,207;99,796
1,42;32,8;4,186;0,166;25,207;99,795
1,42;32,83;4,174;0,165;25,207;99,795
1,43;32,85;4,162;0,165;25,207;99,794
1,43;32,88;4,15;0,164;25,207;99,794
1,43;32,9;4,137;0,164;25,207;99,793
1,43;32,93;4,125;0,163;25,206;99,793
1,43;32,96;4,112;0,163;25,206;99,792
1,43;32,98;4,099;0,162;25,206;99,792
1,43;33,01;4,086;0,162;25,206;99,791
1,44;33,04;4,073;0,161;25,206;99,791
1,44;33,06;4,06;0,161;25,206;99,79
1,44;33,09;4,047;0,16;25,206;99,79
1,44;33,12;4,034;0,16;25,206;99,79
1,44;33,14;4,022;0,159;25,205;99,789
1,44;33,17;4,009;0,159;25,205;99,789
1,45;33,2;3,996;0,158;25,205;99,788
1,45;33,22;3,984;0,158;25,205;99,788
1,45;33,25;3,971;0,157;25,205;99,787
1,45;33,27;3,957;0,157;25,205;99,787
1,45;33,3;3,944;0,156;25,205;99,786
1,46;33,33;3,932;0,156;25,205;99,786
1,46;33,35;3,918;0,155;25,205;99,785
1,46;33,38;3,905;0,155;25,204;99,785
1,46;33,41;3,892;0,154;25,204;99,784
1,46;33,43;3,879;0,154;25,204;99,784
1,46;33,46;3,865;0,153;25,204;99,783
1,47;33,49;3,852;0,153;25,204;99,783
1,47;33,51;3,839;0,152;25,204;99,783
1,47;33,54;3,825;0,151;25,204;99,782
1,47;33,57;3,813;0,151;25,204;99,782
1,47;33,59;3,799;0,15;25,203;99,781
1,47;33,62;3,787;0,15;25,203;99,781
1,48;33,65;3,773;0,149;25,203;99,78
1,48;33,67;3,76;0,149;25,203;99,78
1,48;33,7;3,747;0,148;25,203;99,779
1,48;33,73;3,734;0,148;25,203;99,779
1,48;33,75;3,722;0,147;25,203;99,778
1,48;33,78;3,708;0,147;25,203;99,778
1,48;33,81;3,695;0,146;25,203;99,777
1,49;33,83;3,682;0,146;25,202;99,777
1,49;33,86;3,668;0,145;25,202;99,777
1,49;33,89;3,655;0,145;25,202;99,776
1,49;33,91;3,642;0,144;25,202;99,776
1,49;33,94;3,628;0,144;25,202;99,775
1,49;33,97;3,615;0,143;25,202;99,775
1,5;34;3,602;0,143;25,202;99,774
1,5;34,02;3,589;0,142;25,202;99,774
1,5;34,05;3,575;0,142;25,201;99,773
1,5;34,08;3,562;0,141;25,201;99,773
1,5;34,1;3,548;0,14;25,201;99,772
1,51;34,13;3,534;0,14;25,201;99,772
1,51;34,16;3,52;0,139;25,201;99,771
1,51;34,18;3,507;0,139;25,201;99,771
1,51;34,21;3,494;0,138;25,201;99,77
1,51;34,24;3,481;0,138;25,201;99,77
1,51;34,26;3,468;0,137;25,201;99,77
1,52;34,29;3,455;0,137;25,2;99,769
1,52;34,32;3,441;0,136;25,2;99,769
1,52;34,35;3,428;0,136;25,2;99,768
1,52;34,37;3,415;0,135;25,2;99,768
1,52;34,4;3,402;0,135;25,2;99,767
1,52;34,43;3,388;0,134;25,2;99,767
1,53;34,45;3,375;0,134;25,2;99,766
1,53;34,48;3,361;0,133;25,2;99,766
1,53;34,51;3,347;0,133;25,199;99,765
1,53;34,53;3,333;0,132;25,199;99,765
1,53;34,56;3,319;0,131;25,199;99,764
1,53;34,59;3,306;0,131;25,199;99,764
1,53;34,62;3,292;0,13;25,199;99,763
1,54;34,64;3,279;0,13;25,199;99,763
1,54;34,67;3,265;0,129;25,199;99,762
1,54;34,7;3,252;0,129;25,199;99,762
1,54;34,72;3,238;0,128;25,199;99,762
1,54;34,75;3,224;0,128;25,198;99,761
1,54;34,78;3,211;0,127;25,198;99,761
1,55;34,81;3,197;0,127;25,198;99,76
1,55;34,83;3,183;0,126;25,198;99,76
1,55;34,86;3,17;0,125;25,198;99,759
1,55;34,89;3,156;0,125;25,198;99,759
1,55;34,91;3,142;0,124;25,198;99,758
1,56;34,94;3,128;0,124;25,198;99,758
1,56;34,97;3,114;0,123;25,197;99,757
1,56;35;3,1;0,123;25,197;99,757
1,56;35,02;3,086;0,122;25,197;99,756
1,56;35,05;3,072;0,122;25,197;99,756
1,56;35,08;3,058;0,121;25,197;99,755
1,57;35,11;3,044;0,121;25,197;99,755
1,57;35,13;3,03;0,12;25,197;99,754
1,57;35,16;3,016;0,119;25,197;99,754
1,57;35,19;3,001;0,119;25,196;99,753
1,57;35,21;2,987;0,118;25,196;99,753
1,57;35,24;2,973;0,118;25,196;99,752
1,58;35,27;2,958;0,117;25,196;99,752
1,58;35,3;2,944;0,117;25,196;99,752
1,58;35,32;2,93;0,116;25,196;99,751
1,58;35,35;2,916;0,115;25,196;99,751
1,58;35,38;2,901;0,115;25,196;99,75
1,58;35,41;2,887;0,114;25,195;99,75
1,58;35,43;2,873;0,114;25,195;99,749
1,59;35,46;2,858;0,113;25,195;99,749
1,59;35,49;2,845;0,113;25,195;99,748
1,59;35,52;2,831;0,112;25,195;99,748
1,59;35,54;2,816;0,112;25,195;99,747
1,59;35,57;2,802;0,111;25,195;99,747
1,59;35,6;2,788;0,11;25,195;99,746
1,6;35,62;2,773;0,11;25,195;99,746
1,6;35,65;2,758;0,109;25,194;99,745
1,6;35,68;2,744;0,109;25,194;99,745
1,6;35,71;2,73;0,108;25,194;99,744
1,6;35,73;2,715;0,107;25,194;99,744
1,61;35,76;2,701;0,107;25,194;99,743
1,61;35,79;2,687;0,106;25,194;99,743
1,61;35,82;2,672;0,106;25,194;99,742
1,61;35,84;2,658;0,105;25,194;99,742
1,61;35,87;2,644;0,105;25,193;99,741
1,61;35,9;2,63;0,104;25,193;99,741
1,62;35,93;2,615;0,104;25,193;99,74
1,62;35,96;2,601;0,103;25,193;99,74
1,62;35,98;2,586;0,102;25,193;99,739
1,62;36,01;2,572;0,102;25,193;99,739
1,62;36,04;2,557;0,101;25,193;99,738
1,62;36,06;2,542;0,101;25,193;99,738
1,63;36,09;2,528;0,1;25,192;99,737
1,63;36,12;2,513;0,1;25,192;99,737
1,63;36,15;2,499;0,099;25,192;99,736
1,63;36,17;2,484;0,098;25,192;99,736
1,63;36,2;2,469;0,098;25,192;99,735
1,63;36,23;2,455;0,097;25,192;99,735
1,63;36,26;2,44;0,097;25,192;99,734
1,64;36,29;2,426;0,096;25,192;99,734
1,64;36,31;2,412;0,095;25,191;99,733
1,64;36,34;2,397;0,095;25,191;99,733
1,64;36,37;2,383;0,094;25,191;99,732
1,64;36,4;2,368;0,094;25,191;99,732
1,64;36,42;2,353;0,093;25,191;99,731
1,65;36,45;2,339;0,093;25,191;99,731
1,65;36,48;2,324;0,092;25,191;99,73
1,65;36,51;2,31;0,091;25,191;99,73
1,65;36,53;2,295;0,091;25,19;99,729
1,65;36,56;2,281;0,09;25,19;99,729
1,66;36,59;2,266;0,09;25,19;99,728
1,66;36,62;2,252;0,089;25,19;99,728
1,66;36,64;2,237;0,089;25,19;99,727
1,66;36,67;2,223;0,088;25,19;99,727
1,66;36,7;2,208;0,087;25,19;99,726
1,66;36,73;2,193;0,087;25,19;99,726
1,67;36,76;2,178;0,086;25,189;99,725
1,67;36,78;2,163;0,086;25,189;99,725
1,67;36,81;2,148;0,085;25,189;99,724
1,67;36,84;2,134;0,084;25,189;99,724
1,67;36,87;2,118;0,084;25,189;99,723
1,67;36,89;2,104;0,083;25,189;99,723
1,68;36,92;2,088;0,083;25,189;99,722
1,68;36,95;2,074;0,082;25,188;99,722
1,68;36,98;2,059;0,082;25,188;99,721
1,68;37,01;2,044;0,081;25,188;99,721
1,68;37,03;2,029;0,08;25,188;99,72
1,68;37,06;2,014;0,08;25,188;99,72
1,68;37,09;1,999;0,079;25,188;99,719
1,69;37,12;1,984;0,079;25,188;99,719
1,69;37,14;1,969;0,078;25,188;99,718
1,69;37,17;1,954;0,077;25,187;99,718
1,69;37,2;1,939;0,077;25,187;99,717
1,69;37,23;1,925;0,076;25,187;99,717
1,69;37,25;1,91;0,076;25,187;99,716
1,7;37,28;1,895;0,075;25,187;99,716
1,7;37,31;1,88;0,074;25,187;99,715
1,7;37,34;1,866;0,074;25,187;99,715
1,7;37,37;1,85;0,073;25,187;99,714
1,7;37,39;1,835;0,073;25,186;99,714
1,71;37,42;1,82;0,072;25,186;99,713
1,71;37,45;1,806;0,071;25,186;99,712
1,71;37,48;1,791;0,071;25,186;99,712
1,71;37,51;1,776;0,07;25,186;99,711
1,71;37,53;1,761;0,07;25,186;99,711
1,71;37,56;1,746;0,069;25,186;99,71
1,72;37,59;1,731;0,069;25,185;99,71
1,72;37,62;1,716;0,068;25,185;99,709
1,72;37,64;1,702;0,067;25,185;99,709
1,72;37,67;1,686;0,067;25,185;99,708
1,72;37,7;1,671;0,066;25,185;99,708
1,72;37,73;1,656;0,066;25,185;99,707
1,73;37,76;1,64;0,065;25,185;99,707
1,73;37,78;1,625;0,064;25,185;99,706
1,73;37,81;1,611;0,064;25,184;99,706
1,73;37,84;1,595;0,063;25,184;99,705
1,73;37,87;1,58;0,063;25,184;99,705
1,73;37,9;1,565;0,062;25,184;99,704
1,73;37,92;1,55;0,061;25,184;99,703
1,74;37,95;1,534;0,061;25,184;99,703
1,74;37,98;1,519;0,06;25,184;99,702
1,74;38,01;1,504;0,06;25,183;99,702
1,74;38,04;1,489;0,059;25,183;99,701
1,74;38,06;1,474;0,058;25,183;99,701
1,74;38,09;1,459;0,058;25,183;99,7
1,75;38,12;1,445;0,057;25,183;99,7
1,75;38,15;1,43;0,057;25,183;99,699
1,75;38,18;1,415;0,056;25,183;99,699
1,75;38,2;1,4;0,055;25,182;99,698
1,75;38,23;1,385;0,055;25,182;99,698
1,76;38,26;1,37;0,054;25,182;99,697
1,76;38,29;1,355;0,054;25,182;99,696
1,76;38,32;1,34;0,053;25,182;99,696
1,76;38,34;1,325;0,052;25,182;99,695
1,76;38,37;1,309;0,052;25,182;99,695
1,76;38,4;1,294;0,051;25,182;99,694
1,77;38,43;1,28;0,051;25,181;99,694
1,77;38,46;1,264;0,05;25,181;99,693
1,77;38,48;1,249;0,049;25,181;99,693
1,77;38,51;1,234;0,049;25,181;99,692
1,77;38,54;1,218;0,048;25,181;99,692
1,77;38,57;1,203;0,048;25,181;99,691
1,78;38,6;1,187;0,047;25,181;99,69
1,78;38,62;1,171;0,046;25,18;99,69
1,78;38,65;1,155;0,046;25,18;99,689
1,78;38,68;1,14;0,045;25,18;99,689
1,78;38,71;1,125;0,045;25,18;99,688
1,78;38,74;1,109;0,044;25,18;99,688
1,78;38,76;1,093;0,043;25,18;99,687
1,79;38,79;1,078;0,043;25,18;99,687
1,79;38,82;1,062;0,042;25,179;99,686
1,79;38,85;1,047;0,041;25,179;99,685
1,79;38,87;1,031;0,041;25,179;99,685
1,79;38,9;1,015;0,04;25,179;99,684
1,79;38,93;0,999;0,04;25,179;99,684
1,8;38,96;0,983;0,039;25,179;99,683
1,8;38,99;0,967;0,038;25,179;99,683
1,8;39,01;0,951;0,038;25,178;99,682
1,8;39,04;0,935;0,037;25,178;99,681
1,8;39,07;0,919;0,036;25,178;99,681
1,81;39,1;0,903;0,036;25,178;99,68
1,81;39,13;0,887;0,035;25,178;99,68
1,81;39,15;0,872;0,035;25,178;99,679
1,81;39,18;0,857;0,034;25,178;99,679
1,81;39,21;0,841;0,033;25,177;99,678
1,81;39,24;0,825;0,033;25,177;99,678
1,82;39,27;0,81;0,032;25,177;99,677
1,82;39,29;0,794;0,031;25,177;99,676
1,82;39,32;0,779;0,031;25,177;99,676
1,82;39,35;0,763;0,03;25,177;99,675
1,82;39,38;0,748;0,03;25,177;99,675
1,82;39,4;0,732;0,029;25,176;99,674
1,83;39,43;0,716;0,028;25,176;99,673
1,83;39,46;0,7;0,028;25,176;99,673
1,83;39,49;0,684;0,027;25,176;99,672
1,83;39,52;0,668;0,026;25,176;99,672
1,83;39,55;0,652;0,026;25,176;99,671
1,83;39,57;0,636;0,025;25,176;99,671
1,83;39,6;0,62;0,025;25,175;99,67
1,84;39,63;0,604;0,024;25,175;99,669
1,84;39,66;0,588;0,023;25,175;99,669
1,84;39,68;0,572;0,023;25,175;99,668
1,84;39,71;0,556;0,022;25,175;99,668
1,84;39,74;0,54;0,021;25,175;99,667
1,84;39,77;0,524;0,021;25,175;99,667
1,85;39,8;0,508;0,02;25,174;99,666
1,85;39,82;0,491;0,019;25,174;99,665
1,85;39,85;0,475;0,019;25,174;99,665
1,85;39,88;0,459;0,018;25,174;99,664
1,85;39,91;0,444;0,018;25,174;99,664
1,86;39,94;0,427;0,017;25,174;99,663
1,86;39,96;0,411;0,016;25,173;99,662
1,86;39,99;0,395;0,016;25,173;99,662
1,86;40,02;0,379;0,015;25,173;99,661
1,86;40,05;0,363;0,014;25,173;99,661
1,86;40,08;0,347;0,014;25,173;99,66
1,87;40,1;0,331;0,013;25,173;99,659
1,87;40,13;0,315;0,012;25,173;99,659
1,87;40,16;0,299;0,012;25,172;99,658
1,87;40,19;0,284;0,011;25,172;99,658
1,87;40,22;0,268;0,011;25,172;99,657
1,87;40,24;0,252;0,01;25,172;99,656
1,88;40,27;0,236;0,009;25,172;99,656
1,88;40,3;0,221;0,009;25,172;99,655
1,88;40,33;0,205;0,008;25,172;99,655
1,88;40,36;0,189;0,007;25,171;99,654
1,88;40,38;0,174;0,007;25,171;99,653
1,88;40,41;0,159;0,006;25,171;99,653
1,88;40,44;0,143;0,006;25,171;99,652
1,89;40,47;0,127;0,005;25,171;99,652
1,89;40,5;0,112;0,004;25,171;99,651
1,89;40,52;0,096;0,004;25,17;99,65
1,89;40,55;0,08;0,003;25,17;99,65
1,89;40,58;0,064;0,003;25,17;99,649
1,89;40,61;0,048;0,002;25,17;99,649
1,9;40,64;0,032;0,001;25,17;99,648
1,9;40,66;0,016;0,001;25,17;99,647
1,9;40,69;0;0;25,169;99,647
1,9;40,72;-0,015;-0,001;25,169;99,646
1,9;40,75;-0,031;-0,001;25,169;99,645
1,91;40,78;-0,047;-0,002;25,169;99,645
1,91;40,8;-0,063;-0,002;25,169;99,644
1,91;40,83;-0,079;-0,003;25,169;99,644
1,91;40,86;-0,095;-0,004;25,169;99,643
1,91;40,89;-0,111;-0,004;25,168;99,642
1,91;40,92;-0,127;-0,005;25,168;99,642
1,92;40,94;-0,142;-0,006;25,168;99,641
1,92;40,97;-0,158;-0,006;25,168;99,64
1,92;41;-0,174;-0,007;25,168;99,64
1,92;41,03;-0,19;-0,008;25,168;99,639
1,92;41,06;-0,206;-0,008;25,167;99,639
1,92;41,08;-0,222;-0,009;25,167;99,638
1,93;41,11;-0,238;-0,009;25,167;99,637
1,93;41,14;-0,253;-0,01;25,167;99,637
1,93;41,17;-0,269;-0,011;25,167;99,636
1,93;41,2;-0,284;-0,011;25,167;99,635
1,93;41,23;-0,3;-0,012;25,166;99,635
1,93;41,25;-0,316;-0,013;25,166;99,634
1,93;41,28;-0,332;-0,013;25,166;99,633
1,94;41,31;-0,348;-0,014;25,166;99,633
1,94;41,34;-0,364;-0,014;25,166;99,632
1,94;41,36;-0,38;-0,015;25,166;99,632
1,94;41,39;-0,396;-0,016;25,166;99,631
1,94;41,42;-0,412;-0,016;25,165;99,63
1,94;41,45;-0,427;-0,017;25,165;99,63
1,95;41,48;-0,443;-0,018;25,165;99,629
1,95;41,5;-0,46;-0,018;25,165;99,628
1,95;41,53;-0,476;-0,019;25,165;99,628
1,95;41,56;-0,492;-0,019;25,165;99,627
1,95;41,59;-0,508;-0,02;25,164;99,626
1,96;41,62;-0,525;-0,021;25,164;99,626
1,96;41,64;-0,541;-0,021;25,164;99,625
1,96;41,67;-0,557;-0,022;25,164;99,624
1,96;41,7;-0,573;-0,023;25,164;99,624
1,96;41,73;-0,589;-0,023;25,164;99,623
1,96;41,76;-0,605;-0,024;25,163;99,622
1,97;41,78;-0,622;-0,025;25,163;99,622
1,97;41,81;-0,638;-0,025;25,163;99,621
1,97;41,84;-0,655;-0,026;25,163;99,62
1,97;41,87;-0,671;-0,027;25,163;99,62
1,97;41,89;-0,687;-0,027;25,163;99,619
1,97;41,92;-0,703;-0,028;25,162;99,618
1,98;41,95;-0,72;-0,028;25,162;99,618
1,98;41,98;-0,735;-0,029;25,162;99,617
1,98;42,01;-0,752;-0,03;25,162;99,616
1,98;42,03;-0,768;-0,03;25,162;99,616
1,98;42,06;-0,785;-0,031;25,162;99,615
1,98;42,09;-0,801;-0,032;25,161;99,614
1,98;42,12;-0,818;-0,032;25,161;99,614
1,99;42,14;-0,834;-0,033;25,161;99,613
1,99;42,17;-0,851;-0,034;25,161;99,612
1,99;42,2;-0,868;-0,034;25,161;99,612
1,99;42,23;-0,884;-0,035;25,161;99,611
1,99;42,25;-0,901;-0,036;25,16;99,61
1,99;42,28;-0,917;-0,036;25,16;99,61
2;42,31;-0,934;-0,037;25,16;99,609
2;42,34;-0,951;-0,038;25,16;99,608
2;42,37;-0,967;-0,038;25,16;99,608
2;42,39;-0,984;-0,039;25,159;99,607
2;42,42;-1;-0,04;25,159;99,606
2,01;42,45;-1,017;-0,04;25,159;99,606
2,01;42,48;-1,034;-0,041;25,159;99,605
2,01;42,5;-1,051;-0,042;25,159;99,604
2,01;42,53;-1,068;-0,042;25,159;99,603
2,01;42,56;-1,084;-0,043;25,158;99,603
2,01;42,59;-1,101;-0,044;25,158;99,602
2,02;42,61;-1,117;-0,044;25,158;99,601
2,02;42,64;-1,134;-0,045;25,158;99,601
2,02;42,67;-1,15;-0,046;25,158;99,6
2,02;42,7;-1,167;-0,046;25,157;99,599
2,02;42,73;-1,183;-0,047;25,157;99,598
2,02;42,75;-1,199;-0,047;25,157;99,598
2,03;42,78;-1,216;-0,048;25,157;99,597
2,03;42,81;-1,233;-0,049;25,157;99,596
2,03;42,84;-1,25;-0,049;25,157;99,595
2,03;42,86;-1,266;-0,05;25,156;99,595
2,03;42,89;-1,283;-0,051;25,156;99,594
2,03;42,92;-1,299;-0,051;25,156;99,593
2,03;42,95;-1,316;-0,052;25,156;99,593
2,04;42,97;-1,332;-0,053;25,156;99,592
2,04;43;-1,349;-0,053;25,155;99,591
2,04;43,03;-1,366;-0,054;25,155;99,59
2,04;43,06;-1,382;-0,055;25,155;99,59
2,04;43,09;-1,4;-0,055;25,155;99,589
2,04;43,11;-1,416;-0,056;25,155;99,588
2,05;43,14;-1,433;-0,057;25,154;99,587
2,05;43,17;-1,45;-0,057;25,154;99,586
2,05;43,2;-1,467;-0,058;25,154;99,586
2,05;43,22;-1,483;-0,059;25,154;99,585
2,05;43,25;-1,5;-0,059;25,154;99,584
2,06;43,28;-1,516;-0,06;25,154;99,583
2,06;43,31;-1,533;-0,061;25,153;99,583
2,06;43,33;-1,55;-0,061;25,153;99,582
2,06;43,36;-1,567;-0,062;25,153;99,581
2,06;43,39;-1,583;-0,063;25,153;99,58
2,06;43,42;-1,6;-0,063;25,153;99,579
2,07;43,44;-1,617;-0,064;25,152;99,579
2,07;43,47;-1,633;-0,065;25,152;99,578
2,07;43,5;-1,65;-0,065;25,152;99,577
2,07;43,53;-1,667;-0,066;25,152;99,576
2,07;43,56;-1,684;-0,067;25,151;99,575
2,07;43,58;-1,7;-0,067;25,151;99,575
2,08;43,61;-1,717;-0,068;25,151;99,574
2,08;43,64;-1,734;-0,069;25,151;99,573
2,08;43,67;-1,751;-0,069;25,151;99,572
2,08;43,69;-1,768;-0,07;25,15;99,571
2,08;43,72;-1,785;-0,071;25,15;99,57
2,08;43,75;-1,801;-0,071;25,15;99,57
2,08;43,78;-1,818;-0,072;25,15;99,569
2,09;43,8;-1,835;-0,073;25,15;99,568
2,09;43,83;-1,852;-0,073;25,149;99,567
2,09;43,86;-1,869;-0,074;25,149;99,566
2,09;43,89;-1,886;-0,075;25,149;99,565
2,09;43,92;-1,903;-0,075;25,149;99,564
2,09;43,94;-1,92;-0,076;25,148;99,564
2,1;43,97;-1,937;-0,077;25,148;99,563
2,1;44;-1,954;-0,077;25,148;99,562
2,1;44,03;-1,971;-0,078;25,148;99,561
2,1;44,05;-1,988;-0,079;25,148;99,56
2,1;44,08;-2,005;-0,079;25,147;99,559
2,11;44,11;-2,022;-0,08;25,147;99,558
2,11;44,14;-2,039;-0,081;25,147;99,557
2,11;44,16;-2,055;-0,081;25,147;99,556
2,11;44,19;-2,072;-0,082;25,146;99,556
2,11;44,22;-2,088;-0,083;25,146;99,555
2,11;44,25;-2,105;-0,083;25,146;99,554
2,12;44,27;-2,121;-0,084;25,146;99,553
2,12;44,3;-2,138;-0,085;25,146;99,552
2,12;44,33;-2,155;-0,085;25,145;99,551
2,12;44,36;-2,171;-0,086;25,145;99,55
2,12;44,38;-2,188;-0,087;25,145;99,549
2,12;44,41;-2,204;-0,087;25,145;99,548
2,13;44,44;-2,221;-0,088;25,144;99,547
2,13;44,47;-2,237;-0,089;25,144;99,546
2,13;44,49;-2,254;-0,089;25,144;99,545
2,13;44,52;-2,27;-0,09;25,144;99,545
2,13;44,55;-2,287;-0,091;25,143;99,544
2,13;44,58;-2,303;-0,091;25,143;99,543
2,14;44,6;-2,32;-0,092;25,143;99,542
2,14;44,63;-2,337;-0,093;25,143;99,541
2,14;44,66;-2,354;-0,093;25,143;99,54
2,14;44,69;-2,371;-0,094;25,142;99,539
2,14;44,71;-2,388;-0,095;25,142;99,538
2,14;44,74;-2,405;-0,095;25,142;99,537
2,14;44,77;-2,422;-0,096;25,142;99,536
2,15;44,8;-2,438;-0,097;25,141;99,535
2,15;44,82;-2,455;-0,097;25,141;99,534
2,15;44,85;-2,472;-0,098;25,141;99,533
2,15;44,88;-2,488;-0,099;25,141;99,532
2,15;44,9;-2,505;-0,099;25,14;99,531
2,16;44,93;-2,522;-0,1;25,14;99,53
2,16;44,96;-2,538;-0,1;25,14;99,529
2,16;44,99;-2,555;-0,101;25,14;99,528
2,16;45,01;-2,572;-0,102;25,139;99,527
2,16;45,04;-2,588;-0,102;25,139;99,526
2,16;45,07;-2,605;-0,103;25,139;99,525
2,16;45,1;-2,621;-0,104;25,139;99,524
2,17;45,12;-2,639;-0,104;25,138;99,523
2,17;45,15;-2,655;-0,105;25,138;99,522
2,17;45,18;-2,672;-0,106;25,138;99,521
2,17;45,2;-2,688;-0,106;25,138;99,52
2,17;45,23;-2,704;-0,107;25,137;99,519
2,18;45,26;-2,721;-0,108;25,137;99,518
2,18;45,29;-2,737;-0,108;25,137;99,517
2,18;45,31;-2,754;-0,109;25,137;99,516
2,18;45,34;-2,771;-0,11;25,136;99,515
2,18;45,37;-2,788;-0,11;25,136;99,514
2,18;45,39;-2,805;-0,111;25,136;99,513
2,19;45,42;-2,822;-0,112;25,136;99,512
2,19;45,45;-2,839;-0,112;25,135;99,511
2,19;45,48;-2,856;-0,113;25,135;99,51
2,19;45,5;-2,873;-0,114;25,135;99,509
2,19;45,53;-2,89;-0,114;25,134;99,508
2,19;45,56;-2,907;-0,115;25,134;99,507
2,19;45,59;-2,925;-0,116;25,134;99,506
2,2;45,61;-2,942;-0,116;25,134;99,505
2,2;45,64;-2,959;-0,117;25,133;99,504
2,2;45,67;-2,976;-0,118;25,133;99,503
2,2;45,69;-2,993;-0,119;25,133;99,502
2,2;45,72;-3,011;-0,119;25,133;99,501
2,21;45,75;-3,028;-0,12;25,132;99,5
2,21;45,78;-3,045;-0,121;25,132;99,499
2,21;45,8;-3,063;-0,121;25,132;99,497
2,21;45,83;-3,08;-0,122;25,132;99,496
2,21;45,86;-3,097;-0,123;25,131;99,495
2,21;45,88;-3,114;-0,123;25,131;99,494
2,21;45,91;-3,131;-0,124;25,131;99,493
2,22;45,94;-3,149;-0,125;25,13;99,492
2,22;45,96;-3,166;-0,125;25,13;99,491
2,22;45,99;-3,183;-0,126;25,13;99,49
2,22;46,02;-3,2;-0,127;25,13;99,489
2,22;46,05;-3,218;-0,127;25,129;99,488
2,23;46,07;-3,235;-0,128;25,129;99,487
2,23;46,1;-3,252;-0,129;25,129;99,486
2,23;46,13;-3,27;-0,129;25,129;99,484
2,23;46,15;-3,287;-0,13;25,128;99,483
2,23;46,18;-3,305;-0,131;25,128;99,482
2,23;46,21;-3,322;-0,132;25,128;99,481
2,24;46,23;-3,339;-0,132;25,127;99,48
2,24;46,26;-3,356;-0,133;25,127;99,479
2,24;46,29;-3,374;-0,134;25,127;99,478
2,24;46,31;-3,391;-0,134;25,127;99,477
2,24;46,34;-3,408;-0,135;25,126;99,476
2,24;46,37;-3,426;-0,136;25,126;99,475
2,24;46,4;-3,443;-0,136;25,126;99,473
2,25;46,42;-3,461;-0,137;25,125;99,472
2,25;46,45;-3,478;-0,138;25,125;99,471
2,25;46,48;-3,495;-0,138;25,125;99,47
2,25;46,5;-3,512;-0,139;25,125;99,469
2,25;46,53;-3,53;-0,14;25,124;99,468
2,26;46,56;-3,547;-0,14;25,124;99,467
2,26;46,58;-3,564;-0,141;25,124;99,465
2,26;46,61;-3,581;-0,142;25,123;99,464
2,26;46,64;-3,598;-0,142;25,123;99,463
2,26;46,67;-3,616;-0,143;25,123;99,462
2,26;46,69;-3,633;-0,144;25,123;99,461
2,26;46,72;-3,65;-0,145;25,122;99,46
2,27;46,75;-3,667;-0,145;25,122;99,459
2,27;46,77;-3,684;-0,146;25,122;99,457
2,27;46,8;-3,702;-0,147;25,121;99,456
2,27;46,83;-3,719;-0,147;25,121;99,455
2,27;46,85;-3,736;-0,148;25,121;99,454
2,28;46,88;-3,752;-0,149;25,121;99,453
2,28;46,91;-3,77;-0,149;25,12;99,452
2,28;46,93;-3,787;-0,15;25,12;99,451
2,28;46,96;-3,804;-0,151;25,12;99,449
2,28;46,99;-3,821;-0,151;25,119;99,448
2,28;47,01;-3,839;-0,152;25,119;99,447
2,29;47,04;-3,856;-0,153;25,119;99,446
2,29;47,07;-3,874;-0,153;25,118;99,445
2,29;47,09;-3,891;-0,154;25,118;99,443
2,29;47,12;-3,908;-0,155;25,118;99,442
2,29;47,15;-3,926;-0,155;25,118;99,441
2,29;47,17;-3,943;-0,156;25,117;99,44
2,29;47,2;-3,96;-0,157;25,117;99,439
2,3;47,23;-3,977;-0,157;25,117;99,438
2,3;47,25;-3,994;-0,158;25,116;99,436
2,3;47,28;-4,01;-0,159;25,116;99,435
2,3;47,31;-4,028;-0,159;25,116;99,434
2,3;47,33;-4,045;-0,16;25,115;99,433
2,31;47,36;-4,062;-0,161;25,115;99,432
2,31;47,39;-4,079;-0,161;25,115;99,43
2,31;47,41;-4,096;-0,162;25,115;99,429
2,31;47,44;-4,113;-0,163;25,114;99,428
2,31;47,47;-4,13;-0,164;25,114;99,427
2,31;47,49;-4,148;-0,164;25,114;99,426
2,31;47,52;-4,165;-0,165;25,113;99,424
2,32;47,55;-4,182;-0,166;25,113;99,423
2,32;47,57;-4,2;-0,166;25,113;99,422
2,32;47,6;-4,217;-0,167;25,112;99,421
2,32;47,63;-4,234;-0,168;25,112;99,42
2,32;47,65;-4,251;-0,168;25,112;99,418
2,33;47,68;-4,268;-0,169;25,112;99,417
2,33;47,71;-4,285;-0,17;25,111;99,416
2,33;47,73;-4,303;-0,17;25,111;99,415
2,33;47,76;-4,32;-0,171;25,111;99,413
2,33;47,79;-4,337;-0,172;25,11;99,412
2,33;47,81;-4,355;-0,172;25,11;99,411
2,34;47,84;-4,372;-0,173;25,11;99,41
2,34;47,86;-4,39;-0,174;25,109;99,408
2,34;47,89;-4,407;-0,174;25,109;99,407
2,34;47,92;-4,424;-0,175;25,109;99,406
2,34;47,94;-4,442;-0,176;25,108;99,405
2,34;47,97;-4,459;-0,177;25,108;99,403
2,34;48;-4,477;-0,177;25,108;99,402
2,35;48,02;-4,495;-0,178;25,107;99,401
2,35;48,05;-4,512;-0,179;25,107;99,4
2,35;48,08;-4,53;-0,179;25,107;99,398
2,35;48,1;-4,547;-0,18;25,106;99,397
2,35;48,13;-4,564;-0,181;25,106;99,396
2,36;48,15;-4,581;-0,181;25,106;99,395
2,36;48,18;-4,599;-0,182;25,105;99,393
2,36;48,21;-4,616;-0,183;25,105;99,392
2,36;48,23;-4,634;-0,183;25,105;99,391
2,36;48,26;-4,651;-0,184;25,105;99,389
2,36;48,29;-4,669;-0,185;25,104;99,388
2,36;48,31;-4,686;-0,186;25,104;99,387
2,37;48,34;-4,704;-0,186;25,104;99,386
2,37;48,37;-4,72;-0,187;25,103;99,384
2,37;48,39;-4,738;-0,188;25,103;99,383
2,37;48,42;-4,755;-0,188;25,103;99,382
2,37;48,44;-4,772;-0,189;25,102;99,38
2,38;48,47;-4,789;-0,19;25,102;99,379
2,38;48,5;-4,806;-0,19;25,102;99,378
2,38;48,52;-4,824;-0,191;25,101;99,377
2,38;48,55;-4,841;-0,192;25,101;99,375
2,38;48,58;-4,859;-0,192;25,101;99,374
2,38;48,6;-4,877;-0,193;25,1;99,373
2,39;48,63;-4,895;-0,194;25,1;99,371
2,39;48,65;-4,913;-0,194;25,1;99,37
2,39;48,68;-4,93;-0,195;25,099;99,369
2,39;48,71;-4,948;-0,196;25,099;99,367
2,39;48,73;-4,966;-0,197;25,099;99,366
2,39;48,76;-4,984;-0,197;25,098;99,365
2,39;48,79;-5,002;-0,198;25,098;99,363
2,4;48,81;-5,019;-0,199;25,098;99,362
2,4;48,84;-5,037;-0,199;25,097;99,361
2,4;48,86;-5,054;-0,2;25,097;99,359
2,4;48,89;-5,073;-0,201;25,097;99,358
2,4;48,92;-5,09;-0,202;25,096;99,357
2,41;48,94;-5,108;-0,202;25,096;99,355
2,41;48,97;-5,126;-0,203;25,096;99,354
2,41;48,99;-5,143;-0,204;25,095;99,353
2,41;49,02;-5,161;-0,204;25,095;99,351
2,41;49,05;-5,179;-0,205;25,095;99,35
2,41;49,07;-5,196;-0,206;25,094;99,349
2,41;49,1;-5,214;-0,206;25,094;99,347
2,42;49,13;-5,232;-0,207;25,094;99,346
2,42;49,15;-5,25;-0,208;25,093;99,345
2,42;49,18;-5,268;-0,209;25,093;99,343
2,42;49,2;-5,285;-0,209;25,093;99,342
2,42;49,23;-5,303;-0,21;25,092;99,341
2,43;49,26;-5,321;-0,211;25,092;99,339
2,43;49,28;-5,339;-0,211;25,092;99,338
2,43;49,31;-5,356;-0,212;25,091;99,337
2,43;49,33;-5,374;-0,213;25,091;99,335
2,43;49,36;-5,392;-0,213;25,09;99,334
2,43;49,39;-5,409;-0,214;25,09;99,332
2,44;49,41;-5,427;-0,215;25,09;99,331
2,44;49,44;-5,445;-0,216;25,089;99,33
2,44;49,46;-5,463;-0,216;25,089;99,328
2,44;49,49;-5,481;-0,217;25,089;99,327
2,44;49,52;-5,499;-0,218;25,088;99,326
2,44;49,54;-5,516;-0,218;25,088;99,324
2,44;49,57;-5,534;-0,219;25,088;99,323
2,45;49,59;-5,552;-0,22;25,087;99,321
2,45;49,62;-5,57;-0,221;25,087;99,32
2,45;49,65;-5,588;-0,221;25,087;99,319
2,45;49,67;-5,606;-0,222;25,086;99,317
2,45;49,7;-5,624;-0,223;25,086;99,316
2,46;49,72;-5,642;-0,223;25,086;99,314
2,46;49,75;-5,661;-0,224;25,085;99,313
2,46;49,77;-5,679;-0,225;25,085;99,312
2,46;49,8;-5,697;-0,226;25,085;99,31
2,46;49,83;-5,715;-0,226;25,084;99,309
2,46;49,85;-5,733;-0,227;25,084;99,307
2,46;49,88;-5,751;-0,228;25,083;99,306
2,47;49,9;-5,769;-0,228;25,083;99,305
2,47;49,93;-5,787;-0,229;25,083;99,303
2,47;49,96;-5,805;-0,23;25,082;99,302
2,47;49,98;-5,822;-0,231;25,082;99,3
2,47;50,01;-5,84;-0,231;25,082;99,299
2,48;50,03;-5,857;-0,232;25,081;99,298
2,48;50,06;-5,875;-0,233;25,081;99,296
2,48;50,08;-5,893;-0,233;25,081;99,295
2,48;50,11;-5,91;-0,234;25,08;99,293
2,48;50,14;-5,928;-0,235;25,08;99,292
2,48;50,16;-5,946;-0,235;25,08;99,291
2,49;50,19;-5,964;-0,236;25,079;99,289
2,49;50,21;-5,982;-0,237;25,079;99,288
2,49;50,24;-5,999;-0,238;25,078;99,286
2,49;50,26;-6,016;-0,238;25,078;99,285
2,49;50,29;-6,035;-0,239;25,078;99,284
2,49;50,32;-6,053;-0,24;25,077;99,282
2,49;50,34;-6,07;-0,24;25,077;99,281
2,5;50,37;-6,088;-0,241;25,077;99,279
2,5;50,39;-6,106;-0,242;25,076;99,278
2,5;50,42;-6,123;-0,242;25,076;99,276
2,5;50,44;-6,141;-0,243;25,076;99,275
2,5;50,47;-6,159;-0,244;25,075;99,274
2,51;50,5;-6,177;-0,245;25,075;99,272
2,51;50,52;-6,195;-0,245;25,075;99,271
2,51;50,55;-6,213;-0,246;25,074;99,269
2,51;50,57;-6,231;-0,247;25,074;99,268
2,51;50,6;-6,248;-0,247;25,073;99,266
2,51;50,62;-6,266;-0,248;25,073;99,265
2,51;50,65;-6,284;-0,249;25,073;99,263
2,52;50,67;-6,302;-0,249;25,072;99,262
2,52;50,7;-6,32;-0,25;25,072;99,26
2,52;50,73;-6,337;-0,251;25,072;99,259
2,52;50,75;-6,355;-0,252;25,071;99,258
2,52;50,78;-6,372;-0,252;25,071;99,256
2,53;50,8;-6,39;-0,253;25,07;99,255
2,53;50,83;-6,408;-0,254;25,07;99,253
2,53;50,85;-6,426;-0,254;25,07;99,252
2,53;50,88;-6,443;-0,255;25,069;99,25
2,53;50,9;-6,461;-0,256;25,069;99,249
2,53;50,93;-6,479;-0,256;25,069;99,247
2,54;50,95;-6,497;-0,257;25,068;99,246
2,54;50,98;-6,515;-0,258;25,068;99,244
2,54;51,01;-6,532;-0,259;25,068;99,243
2,54;51,03;-6,55;-0,259;25,067;99,242
2,54;51,06;-6,568;-0,26;25,067;99,24
2,54;51,08;-6,586;-0,261;25,066;99,239
2,54;51,11;-6,603;-0,261;25,066;99,237
2,55;51,13;-6,621;-0,262;25,066;99,236
2,55;51,16;-6,639;-0,263;25,065;99,234
2,55;51,18;-6,657;-0,264;25,065;99,233
2,55;51,21;-6,675;-0,264;25,065;99,231
2,55;51,23;-6,693;-0,265;25,064;99,23
2,56;51,26;-6,711;-0,266;25,064;99,228
2,56;51,28;-6,729;-0,266;25,063;99,227
2,56;51,31;-6,747;-0,267;25,063;99,225
2,56;51,33;-6,765;-0,268;25,063;99,224
2,56;51,36;-6,783;-0,269;25,062;99,222
2,56;51,39;-6,8;-0,269;25,062;99,221
2,56;51,41;-6,818;-0,27;25,062;99,219
2,57;51,44;-6,836;-0,271;25,061;99,218
2,57;51,46;-6,854;-0,271;25,061;99,216
2,57;51,49;-6,872;-0,272;25,06;99,215
2,57;51,51;-6,89;-0,273;25,06;99,213
2,57;51,54;-6,908;-0,273;25,06;99,212
2,58;51,56;-6,926;-0,274;25,059;99,21
2,58;51,59;-6,943;-0,275;25,059;99,209
2,58;51,61;-6,961;-0,276;25,059;99,207
2,58;51,64;-6,98;-0,276;25,058;99,206
2,58;51,66;-6,998;-0,277;25,058;99,204
2,58;51,69;-7,015;-0,278;25,057;99,203
2,59;51,71;-7,033;-0,278;25,057;99,201
2,59;51,74;-7,051;-0,279;25,057;99,2
2,59;51,76;-7,069;-0,28;25,056;99,198
2,59;51,79;-7,087;-0,281;25,056;99,197
2,59;51,81;-7,105;-0,281;25,055;99,195
2,59;51,84;-7,123;-0,282;25,055;99,194
2,59;51,86;-7,141;-0,283;25,055;99,192
2,6;51,89;-7,159;-0,283;25,054;99,191
2,6;51,92;-7,177;-0,284;25,054;99,189
2,6;51,94;-7,195;-0,285;25,054;99,188
2,6;51,97;-7,213;-0,286;25,053;99,186
2,6;51,99;-7,231;-0,286;25,053;99,185
2,61;52,02;-7,249;-0,287;25,052;99,183
2,61;52,04;-7,267;-0,288;25,052;99,182
2,61;52,07;-7,285;-0,288;25,052;99,18
2,61;52,09;-7,304;-0,289;25,051;99,179
2,61;52,12;-7,322;-0,29;25,051;99,177
2,61;52,14;-7,34;-0,291;25,05;99,175
2,61;52,17;-7,359;-0,291;25,05;99,174
2,62;52,19;-7,377;-0,292;25,05;99,172
2,62;52,22;-7,395;-0,293;25,049;99,171
2,62;52,24;-7,412;-0,293;25,049;99,169
2,62;52,27;-7,43;-0,294;25,049;99,168
2,62;52,29;-7,448;-0,295;25,048;99,166
2,63;52,32;-7,466;-0,296;25,048;99,165
2,63;52,34;-7,484;-0,296;25,047;99,163
2,63;52,37;-7,503;-0,297;25,047;99,162
2,63;52,39;-7,52;-0,298;25,047;99,16
2,63;52,42;-7,538;-0,298;25,046;99,159
2,63;52,44;-7,555;-0,299;25,046;99,157
2,64;52,47;-7,573;-0,3;25,045;99,156
2,64;52,49;-7,591;-0,301;25,045;99,154
2,64;52,52;-7,609;-0,301;25,045;99,152
2,64;52,54;-7,627;-0,302;25,044;99,151
2,64;52,57;-7,645;-0,303;25,044;99,149
2,64;52,59;-7,663;-0,303;25,043;99,148
2,64;52,62;-7,681;-0,304;25,043;99,146
2,65;52,64;-7,699;-0,305;25,043;99,145
2,65;52,66;-7,717;-0,306;25,042;99,143
2,65;52,69;-7,734;-0,306;25,042;99,141
2,65;52,71;-7,752;-0,307;25,041;99,14
2,65;52,74;-7,77;-0,308;25,041;99,138
2,66;52,76;-7,789;-0,308;25,041;99,137
2,66;52,79;-7,806;-0,309;25,04;99,135
2,66;52,81;-7,823;-0,31;25,04;99,134
2,66;52,84;-7,841;-0,31;25,039;99,132
2,66;52,86;-7,859;-0,311;25,039;99,13
2,66;52,89;-7,877;-0,312;25,039;99,129
2,66;52,91;-7,894;-0,313;25,038;99,127
2,67;52,94;-7,912;-0,313;25,038;99,126
2,67;52,96;-7,93;-0,314;25,037;99,124
2,67;52,99;-7,948;-0,315;25,037;99,122
2,67;53,01;-7,966;-0,315;25,037;99,121
2,67;53,04;-7,983;-0,316;25,036;99,119
2,68;53,06;-8,001;-0,317;25,036;99,118
2,68;53,08;-8,019;-0,317;25,035;99,116
2,68;53,11;-8,036;-0,318;25,035;99,114
2,68;53,13;-8,054;-0,319;25,035;99,113
2,68;53,16;-8,072;-0,32;25,034;99,111
2,68;53,18;-8,09;-0,32;25,034;99,11
2,69;53,21;-8,107;-0,321;25,033;99,108
2,69;53,23;-8,126;-0,322;25,033;99,106
2,69;53,26;-8,143;-0,322;25,033;99,105
2,69;53,28;-8,161;-0,323;25,032;99,103
2,69;53,31;-8,179;-0,324;25,032;99,101
2,69;53,33;-8,196;-0,324;25,031;99,1
2,69;53,36;-8,214;-0,325;25,031;99,098
2,7;53,38;-8,232;-0,326;25,031;99,097
2,7;53,41;-8,249;-0,327;25,03;99,095
2,7;53,43;-8,267;-0,327;25,03;99,093
2,7;53,46;-8,285;-0,328;25,029;99,092
2,7;53,48;-8,302;-0,329;25,029;99,09
2,71;53,5;-8,32;-0,329;25,028;99,088
2,71;53,53;-8,338;-0,33;25,028;99,087
2,71;53,55;-8,356;-0,331;25,028;99,085
2,71;53,58;-8,374;-0,332;25,027;99,083
2,71;53,6;-8,392;-0,332;25,027;99,082
2,71;53,63;-8,41;-0,333;25,026;99,08
2,71;53,65;-8,428;-0,334;25,026;99,078
2,72;53,68;-8,446;-0,334;25,026;99,077
2,72;53,7;-8,464;-0,335;25,025;99,075
2,72;53,73;-8,482;-0,336;25,025;99,073
2,72;53,75;-8,5;-0,337;25,024;99,072
2,72;53,77;-8,518;-0,337;25,024;99,07
2,73;53,8;-8,536;-0,338;25,023;99,068
2,73;53,82;-8,555;-0,339;25,023;99,067
2,73;53,85;-8,573;-0,339;25,023;99,065
2,73;53,87;-8,591;-0,34;25,022;99,063
2,73;53,9;-8,609;-0,341;25,022;99,062
2,73;53,92;-8,628;-0,342;25,021;99,06
2,74;53,95;-8,646;-0,342;25,021;99,058
2,74;53,97;-8,664;-0,343;25,02;99,057
2,74;53,99;-8,682;-0,344;25,02;99,055
2,74;54,02;-8,7;-0,344;25,02;99,053
2,74;54,04;-8,719;-0,345;25,019;99,052
2,74;54,07;-8,737;-0,346;25,019;99,05
2,74;54,09;-8,755;-0,347;25,018;99,048
2,75;54,12;-8,774;-0,347;25,018;99,047
2,75;54,14;-8,792;-0,348;25,018;99,045
2,75;54,17;-8,81;-0,349;25,017;99,043
2,75;54,19;-8,828;-0,349;25,017;99,042
2,75;54,21;-8,846;-0,35;25,016;99,04
2,76;54,24;-8,864;-0,351;25,016;99,038
2,76;54,26;-8,883;-0,352;25,015;99,036
2,76;54,29;-8,901;-0,352;25,015;99,035
2,76;54,31;-8,919;-0,353;25,015;99,033
2,76;54,34;-8,937;-0,354;25,014;99,031
2,76;54,36;-8,955;-0,355;25,014;99,03
2,76;54,38;-8,974;-0,355;25,013;99,028
2,77;54,41;-8,992;-0,356;25,013;99,026
2,77;54,43;-9,009;-0,357;25,012;99,025
2,77;54,46;-9,027;-0,357;25,012;99,023
2,77;54,48;-9,046;-0,358;25,011;99,021
2,77;54,5;-9,064;-0,359;25,011;99,019
2,78;54,53;-9,082;-0,36;25,011;99,018
2,78;54,55;-9,1;-0,36;25,01;99,016
2,78;54,58;-9,118;-0,361;25,01;99,014
2,78;54,6;-9,137;-0,362;25,009;99,013
2,78;54,63;-9,155;-0,362;25,009;99,011
2,78;54,65;-9,173;-0,363;25,008;99,009
2,79;54,67;-9,191;-0,364;25,008;99,007
2,79;54,7;-9,209;-0,365;25,008;99,006
2,79;54,72;-9,227;-0,365;25,007;99,004
2,79;54,75;-9,245;-0,366;25,007;99,002
2,79;54,77;-9,262;-0,367;25,006;99
2,79;54,79;-9,28;-0,367;25,006;98,999
2,79;54,82;-9,298;-0,368;25,005;98,997
2,8;54,84;-9,316;-0,369;25,005;98,995
2,8;54,87;-9,333;-0,37;25,005;98,994
2,8;54,89;-9,351;-0,37;25,004;98,992
2,8;54,92;-9,369;-0,371;25,004;98,99
2,8;54,94;-9,387;-0,372;25,003;98,988
2,81;54,96;-9,405;-0,372;25,003;98,987
2,81;54,99;-9,423;-0,373;25,002;98,985
2,81;55,01;-9,441;-0,374;25,002;98,983
2,81;55,04;-9,458;-0,374;25,001;98,981
2,81;55,06;-9,476;-0,375;25,001;98,98
2,81;55,08;-9,494;-0,376;25,001;98,978
2,81;55,11;-9,512;-0,377;25;98,976
2,82;55,13;-9,53;-0,377;25;98,974
2,82;55,16;-9,548;-0,378;24,999;98,973
2,82;55,18;-9,566;-0,379;24,999;98,971
2,82;55,2;-9,584;-0,379;24,998;98,969
2,82;55,23;-9,603;-0,38;24,998;98,967
2,83;55,25;-9,621;-0,381;24,998;98,966
2,83;55,28;-9,639;-0,382;24,997;98,964
2,83;55,3;-9,657;-0,382;24,997;98,962
2,83;55,32;-9,675;-0,383;24,996;98,96
2,83;55,35;-9,694;-0,384;24,996;98,959
2,83;55,37;-9,712;-0,384;24,995;98,957
2,84;55,39;-9,73;-0,385;24,995;98,955
2,84;55,42;-9,748;-0,386;24,994;98,953
2,84;55,44;-9,766;-0,387;24,994;98,952
2,84;55,47;-9,784;-0,387;24,993;98,95
2,84;55,49;-9,802;-0,388;24,993;98,948
2,84;55,51;-9,82;-0,389;24,993;98,946
2,84;55,54;-9,839;-0,39;24,992;98,945
2,85;55,56;-9,856;-0,39;24,992;98,943
2,85;55,59;-9,874;-0,391;24,991;98,941
2,85;55,61;-9,893;-0,392;24,991;98,939
2,85;55,63;-9,911;-0,392;24,99;98,937
2,85;55,66;-9,929;-0,393;24,99;98,936
2,86;55,68;-9,947;-0,394;24,989;98,934
2,86;55,71;-9,965;-0,395;24,989;98,932
2,86;55,73;-9,984;-0,395;24,989;98,93
2,86;55,75;-10,002;-0,396;24,988;98,928
2,86;55,78;-10,021;-0,397;24,988;98,927
2,86;55,8;-10,039;-0,397;24,987;98,925
2,86;55,82;-10,056;-0,398;24,987;98,923
2,87;55,85;-10,075;-0,399;24,986;98,921
2,87;55,87;-10,093;-0,4;24,986;98,919
2,87;55,9;-10,111;-0,4;24,985;98,918
2,87;55,92;-10,13;-0,401;24,985;98,916
2,87;55,94;-10,148;-0,402;24,984;98,914
2,88;55,97;-10,166;-0,402;24,984;98,912
2,88;55,99;-10,185;-0,403;24,984;98,91
2,88;56,01;-10,203;-0,404;24,983;98,909
2,88;56,04;-10,221;-0,405;24,983;98,907
2,88;56,06;-10,24;-0,405;24,982;98,905
2,88;56,08;-10,258;-0,406;24,982;98,903
2,89;56,11;-10,277;-0,407;24,981;98,901
2,89;56,13;-10,295;-0,408;24,981;98,9
2,89;56,16;-10,313;-0,408;24,98;98,898
2,89;56,18;-10,331;-0,409;24,98;98,896
2,89;56,2;-10,35;-0,41;24,979;98,894
2,89;56,23;-10,368;-0,41;24,979;98,892
2,89;56,25;-10,386;-0,411;24,978;98,89
2,9;56,27;-10,404;-0,412;24,978;98,889
2,9;56,3;-10,422;-0,413;24,978;98,887
2,9;56,32;-10,44;-0,413;24,977;98,885
2,9;56,35;-10,458;-0,414;24,977;98,883
2,9;56,37;-10,476;-0,415;24,976;98,881
2,91;56,39;-10,495;-0,415;24,976;98,879
2,91;56,42;-10,513;-0,416;24,975;98,877
2,91;56,44;-10,531;-0,417;24,975;98,876
2,91;56,46;-10,549;-0,418;24,974;98,874
2,91;56,49;-10,567;-0,418;24,974;98,872
2,91;56,51;-10,585;-0,419;24,973;98,87
2,91;56,53;-10,603;-0,42;24,973;98,868
2,92;56,56;-10,621;-0,42;24,972;98,866
2,92;56,58;-10,639;-0,421;24,972;98,864
2,92;56,6;-10,657;-0,422;24,971;98,863
2,92;56,63;-10,676;-0,423;24,971;98,861
2,92;56,65;-10,694;-0,423;24,97;98,859
2,93;56,68;-10,712;-0,424;24,97;98,857
2,93;56,7;-10,73;-0,425;24,97;98,855
2,93;56,72;-10,749;-0,426;24,969;98,853
2,93;56,75;-10,767;-0,426;24,969;98,851
2,93;56,77;-10,785;-0,427;24,968;98,849
2,93;56,79;-10,803;-0,428;24,968;98,848
2,94;56,82;-10,821;-0,428;24,967;98,846
2,94;56,84;-10,839;-0,429;24,967;98,844
2,94;56,86;-10,857;-0,43;24,966;98,842
2,94;56,89;-10,876;-0,431;24,966;98,84
2,94;56,91;-10,893;-0,431;24,965;98,838
2,94;56,93;-10,911;-0,432;24,965;98,836
2,94;56,96;-10,929;-0,433;24,964;98,834
2,95;56,98;-10,947;-0,433;24,964;98,832
2,95;57;-10,965;-0,434;24,963;98,831
2,95;57,03;-10,982;-0,435;24,963;98,829
2,95;57,05;-11;-0,436;24,962;98,827
2,95;57,07;-11,019;-0,436;24,962;98,825
2,96;57,1;-11,037;-0,437;24,961;98,823
2,96;57,12;-11,055;-0,438;24,961;98,821
2,96;57,14;-11,074;-0,438;24,96;98,819
2,96;57,17;-11,092;-0,439;24,96;98,817
2,96;57,19;-11,111;-0,44;24,96;98,815
2,96;57,21;-11,129;-0,441;24,959;98,813
2,96;57,24;-11,148;-0,441;24,959;98,811
2,97;57,26;-11,166;-0,442;24,958;98,81
2,97;57,28;-11,184;-0,443;24,958;98,808
2,97;57,31;-11,202;-0,443;24,957;98,806
2,97;57,33;-11,22;-0,444;24,957;98,804
2,97;57,35;-11,239;-0,445;24,956;98,802
2,98;57,38;-11,258;-0,446;24,956;98,8
2,98;57,4;-11,277;-0,446;24,955;98,798
2,98;57,42;-11,294;-0,447;24,955;98,796
2,98;57,45;-11,313;-0,448;24,954;98,794
2,98;57,47;-11,331;-0,449;24,954;98,792
2,98;57,49;-11,349;-0,449;24,953;98,79
2,99;57,52;-11,367;-0,45;24,953;98,788
2,99;57,54;-11,385;-0,451;24,952;98,786
2,99;57,56;-11,403;-0,451;24,952;98,784
2,99;57,59;-11,421;-0,452;24,951;98,782
2,99;57,61;-11,439;-0,453;24,951;98,781
2,99;57,63;-11,457;-0,454;24,95;98,779
2,99;57,66;-11,475;-0,454;24,95;98,777
3;57,68;-11,493;-0,455;24,949;98,775
3;57,7;-11,511;-0,456;24,949;98,773
3;57,73;-11,53;-0,456;24,948;98,771
3;57,75;-11,548;-0,457;24,948;98,769
3;57,77;-11,566;-0,458;24,947;98,767
3,01;57,8;-11,585;-0,459;24,947;98,765
3,01;57,82;-11,603;-0,459;24,946;98,763
3,01;57,84;-11,621;-0,46;24,946;98,761
3,01;57,87;-11,639;-0,461;24,945;98,759
3,01;57,89;-11,657;-0,462;24,945;98,757
3,01;57,91;-11,676;-0,462;24,944;98,755
3,01;57,94;-11,694;-0,463;24,944;98,753
3,02;57,96;-11,712;-0,464;24,943;98,751
3,02;57,98;-11,73;-0,464;24,943;98,749
3,02;58,01;-11,748;-0,465;24,942;98,747
3,02;58,03;-11,766;-0,466;24,942;98,745
3,02;58,05;-11,784;-0,467;24,941;98,743
3,03;58,08;-11,802;-0,467;24,941;98,742
3,03;58,1;-11,821;-0,468;24,94;98,74
3,03;58,12;-11,839;-0,469;24,94;98,738
3,03;58,14;-11,857;-0,469;24,939;98,736
3,03;58,17;-11,876;-0,47;24,939;98,734
3,03;58,19;-11,894;-0,471;24,938;98,732
3,04;58,21;-11,912;-0,472;24,938;98,73
3,04;58,24;-11,929;-0,472;24,937;98,728
3,04;58,26;-11,947;-0,473;24,937;98,726
3,04;58,28;-11,965;-0,474;24,936;98,724
3,04;58,31;-11,983;-0,474;24,936;98,722
3,04;58,33;-12,001;-0,475;24,935;98,72
3,04;58,35;-12,018;-0,476;24,935;98,718
3,05;58,38;-12,036;-0,476;24,934;98,716
3,05;58,4;-12,054;-0,477;24,934;98,714
3,05;58,42;-12,072;-0,478;24,933;98,712
3,05;58,44;-12,089;-0,479;24,933;98,71
3,05;58,47;-12,107;-0,479;24,932;98,708
3,06;58,49;-12,125;-0,48;24,932;98,706
3,06;58,51;-12,142;-0,481;24,931;98,704
3,06;58,54;-12,159;-0,481;24,931;98,702
3,06;58,56;-12,177;-0,482;24,93;98,7
3,06;58,58;-12,195;-0,483;24,93;98,698
3,06;58,61;-12,213;-0,484;24,929;98,696
3,06;58,63;-12,231;-0,484;24,929;98,694
3,07;58,65;-12,249;-0,485;24,928;98,692
3,07;58,67;-12,268;-0,486;24,928;98,69
3,07;58,7;-12,286;-0,486;24,927;98,688
3,07;58,72;-12,304;-0,487;24,927;98,686
3,07;58,74;-12,322;-0,488;24,926;98,684
3,08;58,77;-12,339;-0,489;24,926;98,682
3,08;58,79;-12,358;-0,489;24,925;98,68
3,08;58,81;-12,376;-0,49;24,925;98,677
3,08;58,84;-12,394;-0,491;24,924;98,675
3,08;58,86;-12,412;-0,491;24,924;98,673
3,08;58,88;-12,429;-0,492;24,923;98,671
3,09;58,9;-12,448;-0,493;24,923;98,669
3,09;58,93;-12,466;-0,494;24,922;98,667
3,09;58,95;-12,484;-0,494;24,922;98,665
3,09;58,97;-12,503;-0,495;24,921;98,663
3,09;59;-12,521;-0,496;24,921;98,661
3,09;59,02;-12,539;-0,496;24,92;98,659
3,09;59,04;-12,557;-0,497;24,92;98,657
3,1;59,06;-12,575;-0,498;24,919;98,655
3,1;59,09;-12,594;-0,499;24,918;98,653
3,1;59,11;-12,612;-0,499;24,918;98,651
3,1;59,13;-12,631;-0,5;24,917;98,649
3,1;59,16;-12,649;-0,501;24,917;98,647
3,11;59,18;-12,668;-0,502;24,916;98,645
3,11;59,2;-12,687;-0,502;24,916;98,642
3,11;59,22;-12,705;-0,503;24,915;98,64
3,11;59,25;-12,723;-0,504;24,915;98,638
3,11;59,27;-12,741;-0,504;24,914;98,636
3,11;59,29;-12,759;-0,505;24,914;98,634
3,11;59,32;-12,778;-0,506;24,913;98,632
3,12;59,34;-12,796;-0,507;24,913;98,63
3,12;59,36;-12,814;-0,507;24,912;98,628
3,12;59,38;-12,833;-0,508;24,912;98,626
3,12;59,41;-12,85;-0,509;24,911;98,624
3,12;59,43;-12,868;-0,509;24,911;98,621
3,13;59,45;-12,886;-0,51;24,91;98,619
3,13;59,48;-12,904;-0,511;24,909;98,617
3,13;59,5;-12,923;-0,512;24,909;98,615
3,13;59,52;-12,941;-0,512;24,908;98,613
3,13;59,54;-12,959;-0,513;24,908;98,611
3,13;59,57;-12,977;-0,514;24,907;98,609
3,14;59,59;-12,996;-0,515;24,907;98,607
3,14;59,61;-13,014;-0,515;24,906;98,604
3,14;59,63;-13,032;-0,516;24,906;98,602
3,14;59,66;-13,051;-0,517;24,905;98,6
3,14;59,68;-13,069;-0,517;24,905;98,598
3,14;59,7;-13,087;-0,518;24,904;98,596
3,14;59,73;-13,105;-0,519;24,904;98,594
3,15;59,75;-13,123;-0,52;24,903;98,592
3,15;59,77;-13,141;-0,52;24,902;98,59
3,15;59,79;-13,16;-0,521;24,902;98,587
3,15;59,82;-13,178;-0,522;24,901;98,585
3,15;59,84;-13,196;-0,522;24,901;98,583
3,16;59,86;-13,214;-0,523;24,9;98,581
3,16;59,88;-13,233;-0,524;24,9;98,579
3,16;59,91;-13,251;-0,525;24,899;98,577
3,16;59,93;-13,269;-0,525;24,899;98,575
3,16;59,95;-13,287;-0,526;24,898;98,572
3,16;59,97;-13,305;-0,527;24,898;98,57
3,16;60;-13,323;-0,527;24,897;98,568
3,17;60,02;-13,341;-0,528;24,897;98,566
3,17;60,04;-13,359;-0,529;24,896;98,564
3,17;60,07;-13,377;-0,53;24,895;98,562
3,17;60,09;-13,394;-0,53;24,895;98,559
3,17;60,11;-13,412;-0,531;24,894;98,557
3,18;60,13;-13,43;-0,532;24,894;98,555
3,18;60,16;-13,448;-0,532;24,893;98,553
3,18;60,18;-13,465;-0,533;24,893;98,551
3,18;60,2;-13,483;-0,534;24,892;98,549
3,18;60,22;-13,501;-0,534;24,892;98,546
3,18;60,25;-13,518;-0,535;24,891;98,544
3,19;60,27;-13,536;-0,536;24,89;98,542
3,19;60,29;-13,553;-0,537;24,89;98,54
3,19;60,32;-13,571;-0,537;24,889;98,538
3,19;60,34;-13,589;-0,538;24,889;98,536
3,19;60,36;-13,607;-0,539;24,888;98,533
3,19;60,38;-13,625;-0,539;24,888;98,531
3,19;60,41;-13,643;-0,54;24,887;98,529
3,2;60,43;-13,66;-0,541;24,887;98,527
3,2;60,45;-13,678;-0,542;24,886;98,525
3,2;60,47;-13,696;-0,542;24,886;98,523
3,2;60,5;-13,714;-0,543;24,885;98,52
3,2;60,52;-13,732;-0,544;24,884;98,518
3,21;60,54;-13,75;-0,544;24,884;98,516
3,21;60,56;-13,768;-0,545;24,883;98,514
3,21;60,59;-13,787;-0,546;24,883;98,512
3,21;60,61;-13,804;-0,547;24,882;98,509
3,21;60,63;-13,822;-0,547;24,882;98,507
3,21;60,65;-13,84;-0,548;24,881;98,505
3,21;60,68;-13,858;-0,549;24,881;98,503
3,22;60,7;-13,875;-0,549;24,88;98,501
3,22;60,72;-13,893;-0,55;24,879;98,499
3,22;60,74;-13,911;-0,551;24,879;98,496
3,22;60,77;-13,928;-0,551;24,878;98,494
3,22;60,79;-13,946;-0,552;24,878;98,492
3,23;60,81;-13,964;-0,553;24,877;98,49
3,23;60,84;-13,982;-0,554;24,877;98,488
3,23;60,86;-14;-0,554;24,876;98,485
3,23;60,88;-14,018;-0,555;24,876;98,483
3,23;60,9;-14,036;-0,556;24,875;98,481
3,23;60,93;-14,053;-0,556;24,874;98,479
3,24;60,95;-14,071;-0,557;24,874;98,476
3,24;60,97;-14,089;-0,558;24,873;98,474
3,24;60,99;-14,107;-0,559;24,873;98,472
3,24;61,02;-14,125;-0,559;24,872;98,47
3,24;61,04;-14,143;-0,56;24,872;98,468
3,24;61,06;-14,161;-0,561;24,871;98,465
3,24;61,08;-14,18;-0,561;24,871;98,463
3,25;61,11;-14,198;-0,562;24,87;98,461
3,25;61,13;-14,215;-0,563;24,869;98,459
3,25;61,15;-14,233;-0,564;24,869;98,456
3,25;61,17;-14,251;-0,564;24,868;98,454
3,25;61,2;-14,269;-0,565;24,868;98,452
3,26;61,22;-14,287;-0,566;24,867;98,45
3,26;61,24;-14,305;-0,566;24,867;98,447
3,26;61,26;-14,323;-0,567;24,866;98,445
3,26;61,28;-14,341;-0,568;24,865;98,443
3,26;61,31;-14,359;-0,568;24,865;98,441
3,26;61,33;-14,377;-0,569;24,864;98,438
3,26;61,35;-14,395;-0,57;24,864;98,436
3,27;61,37;-14,413;-0,571;24,863;98,434
3,27;61,4;-14,43;-0,571;24,863;98,432
3,27;61,42;-14,449;-0,572;24,862;98,429
3,27;61,44;-14,467;-0,573;24,861;98,427
3,27;61,46;-14,484;-0,573;24,861;98,425
3,28;61,49;-14,502;-0,574;24,86;98,423
3,28;61,51;-14,52;-0,575;24,86;98,42
3,28;61,53;-14,538;-0,576;24,859;98,418
3,28;61,55;-14,556;-0,576;24,859;98,416
3,28;61,58;-14,574;-0,577;24,858;98,413
3,28;61,6;-14,591;-0,578;24,857;98,411
3,29;61,62;-14,61;-0,578;24,857;98,409
3,29;61,64;-14,628;-0,579;24,856;98,407
3,29;61,67;-14,646;-0,58;24,856;98,404
3,29;61,69;-14,664;-0,581;24,855;98,402
3,29;61,71;-14,682;-0,581;24,855;98,4
3,29;61,73;-14,7;-0,582;24,854;98,397
3,29;61,75;-14,719;-0,583;24,853;98,395
3,3;61,78;-14,736;-0,583;24,853;98,393
3,3;61,8;-14,755;-0,584;24,852;98,39
3,3;61,82;-14,773;-0,585;24,852;98,388
3,3;61,84;-14,791;-0,586;24,851;98,386
3,3;61,87;-14,809;-0,586;24,85;98,384
3,31;61,89;-14,828;-0,587;24,85;98,381
3,31;61,91;-14,846;-0,588;24,849;98,379
3,31;61,93;-14,864;-0,588;24,849;98,377
3,31;61,95;-14,881;-0,589;24,848;98,374
3,31;61,98;-14,899;-0,59;24,848;98,372
3,31;62;-14,917;-0,591;24,847;98,37
3,31;62,02;-14,935;-0,591;24,846;98,367
3,32;62,04;-14,952;-0,592;24,846;98,365
3,32;62,07;-14,97;-0,593;24,845;98,363
3,32;62,09;-14,988;-0,593;24,845;98,36
3,32;62,11;-15,005;-0,594;24,844;98,358
3,32;62,13;-15,022;-0,595;24,843;98,356
3,33;62,15;-15,04;-0,595;24,843;98,354
3,33;62,18;-15,058;-0,596;24,842;98,351
3,33;62,2;-15,075;-0,597;24,842;98,349
3,33;62,22;-15,093;-0,598;24,841;98,347
3,33;62,24;-15,111;-0,598;24,841;98,344
3,33;62,27;-15,129;-0,599;24,84;98,342
3,34;62,29;-15,147;-0,6;24,839;98,34
3,34;62,31;-15,164;-0,6;24,839;98,337
3,34;62,33;-15,182;-0,601;24,838;98,335
3,34;62,36;-15,201;-0,602;24,838;98,333
3,34;62,38;-15,218;-0,602;24,837;98,33
3,34;62,4;-15,236;-0,603;24,836;98,328
3,34;62,42;-15,254;-0,604;24,836;98,325
3,35;62,45;-15,271;-0,605;24,835;98,323
3,35;62,47;-15,289;-0,605;24,835;98,321
3,35;62,49;-15,307;-0,606;24,834;98,318
3,35;62,51;-15,325;-0,607;24,833;98,316
3,35;62,53;-15,342;-0,607;24,833;98,314
3,36;62,56;-15,36;-0,608;24,832;98,311
3,36;62,58;-15,378;-0,609;24,832;98,309
3,36;62,6;-15,396;-0,61;24,831;98,307
3,36;62,62;-15,413;-0,61;24,83;98,304
3,36;62,64;-15,432;-0,611;24,83;98,302
3,36;62,67;-15,45;-0,612;24,829;98,3
3,36;62,69;-15,468;-0,612;24,829;98,297
3,37;62,71;-15,486;-0,613;24,828;98,295
3,37;62,73;-15,503;-0,614;24,827;98,292
3,37;62,76;-15,521;-0,614;24,827;98,29
3,37;62,78;-15,539;-0,615;24,826;98,288
3,37;62,8;-15,557;-0,616;24,826;98,285
3,38;62,82;-15,575;-0,617;24,825;98,283
3,38;62,84;-15,592;-0,617;24,824;98,281
3,38;62,87;-15,61;-0,618;24,824;98,278
3,38;62,89;-15,629;-0,619;24,823;98,276
3,38;62,91;-15,646;-0,619;24,823;98,273
3,38;62,93;-15,664;-0,62;24,822;98,271
3,39;62,96;-15,681;-0,621;24,821;98,269
3,39;62,98;-15,699;-0,622;24,821;98,266
3,39;63;-15,717;-0,622;24,82;98,264
3,39;63,02;-15,735;-0,623;24,82;98,261
3,39;63,04;-15,752;-0,624;24,819;98,259
3,39;63,07;-15,77;-0,624;24,818;98,257
3,39;63,09;-15,789;-0,625;24,818;98,254
3,4;63,11;-15,806;-0,626;24,817;98,252
3,4;63,13;-15,824;-0,626;24,817;98,249
3,4;63,16;-15,841;-0,627;24,816;98,247
3,4;63,18;-15,859;-0,628;24,815;98,245
3,4;63,2;-15,877;-0,629;24,815;98,242
3,41;63,22;-15,895;-0,629;24,814;98,24
3,41;63,24;-15,913;-0,63;24,814;98,237
3,41;63,27;-15,931;-0,631;24,813;98,235
3,41;63,29;-15,949;-0,631;24,812;98,232
3,41;63,31;-15,967;-0,632;24,812;98,23
3,41;63,33;-15,984;-0,633;24,811;98,228
3,41;63,35;-16,002;-0,634;24,81;98,225
3,42;63,38;-16,02;-0,634;24,81;98,223
3,42;63,4;-16,038;-0,635;24,809;98,22
3,42;63,42;-16,056;-0,636;24,809;98,218
3,42;63,44;-16,073;-0,636;24,808;98,216
3,42;63,46;-16,091;-0,637;24,807;98,213
3,43;63,49;-16,108;-0,638;24,807;98,211
3,43;63,51;-16,126;-0,638;24,806;98,208
3,43;63,53;-16,144;-0,639;24,806;98,206
3,43;63,55;-16,162;-0,64;24,805;98,203
3,43;63,58;-16,18;-0,641;24,804;98,201
3,43;63,6;-16,199;-0,641;24,804;98,199
3,44;63,62;-16,216;-0,642;24,803;98,196
3,44;63,64;-16,234;-0,643;24,802;98,194
3,44;63,66;-16,252;-0,643;24,802;98,191
3,44;63,69;-16,269;-0,644;24,801;98,189
3,44;63,71;-16,287;-0,645;24,801;98,186
3,44;63,73;-16,304;-0,645;24,8;98,184
3,44;63,75;-16,322;-0,646;24,799;98,181
3,45;63,77;-16,34;-0,647;24,799;98,179
3,45;63,8;-16,357;-0,648;24,798;98,176
3,45;63,82;-16,374;-0,648;24,798;98,174
3,45;63,84;-16,392;-0,649;24,797;98,172
3,45;63,86;-16,409;-0,65;24,796;98,169
3,46;63,89;-16,426;-0,65;24,796;98,167
3,46;63,91;-16,444;-0,651;24,795;98,164
3,46;63,93;-16,462;-0,652;24,794;98,162
3,46;63,95;-16,48;-0,652;24,794;98,159
3,46;63,97;-16,497;-0,653;24,793;98,157
3,46;64;-16,514;-0,654;24,793;98,154
3,46;64,02;-16,532;-0,655;24,792;98,152
3,47;64,04;-16,55;-0,655;24,791;98,149
3,47;64,06;-16,568;-0,656;24,791;98,147
3,47;64,08;-16,586;-0,657;24,79;98,144
3,47;64,11;-16,604;-0,657;24,789;98,142
3,47;64,13;-16,621;-0,658;24,789;98,139
3,48;64,15;-16,639;-0,659;24,788;98,137
3,48;64,17;-16,657;-0,659;24,787;98,134
3,48;64,19;-16,674;-0,66;24,787;98,132
3,48;64,22;-16,692;-0,661;24,786;98,129
3,48;64,24;-16,709;-0,662;24,786;98,127
3,48;64,26;-16,727;-0,662;24,785;98,124
3,49;64,28;-16,745;-0,663;24,784;98,122
3,49;64,3;-16,763;-0,664;24,784;98,119
3,49;64,33;-16,78;-0,664;24,783;98,117
3,49;64,35;-16,797;-0,665;24,782;98,114
3,49;64,37;-16,815;-0,666;24,782;98,112
3,49;64,39;-16,832;-0,666;24,781;98,109
3,49;64,41;-16,85;-0,667;24,781;98,107
3,5;64,44;-16,868;-0,668;24,78;98,104
3,5;64,46;-16,885;-0,668;24,779;98,102
3,5;64,48;-16,902;-0,669;24,779;98,099
3,5;64,5;-16,92;-0,67;24,778;98,097
3,5;64,52;-16,937;-0,671;24,777;98,094
3,51;64,55;-16,955;-0,671;24,777;98,092
3,51;64,57;-16,972;-0,672;24,776;98,089
3,51;64,59;-16,989;-0,673;24,775;98,087
3,51;64,61;-17,007;-0,673;24,775;98,084
3,51;64,63;-17,024;-0,674;24,774;98,081
3,51;64,66;-17,041;-0,675;24,774;98,079
3,51;64,68;-17,058;-0,675;24,773;98,076
3,52;64,7;-17,075;-0,676;24,772;98,074
3,52;64,72;-17,093;-0,677;24,772;98,071
3,52;64,74;-17,111;-0,677;24,771;98,069
3,52;64,77;-17,127;-0,678;24,77;98,066
3,52;64,79;-17,145;-0,679;24,77;98,064
3,53;64,81;-17,162;-0,679;24,769;98,061
3,53;64,83;-17,18;-0,68;24,768;98,059
3,53;64,85;-17,197;-0,681;24,768;98,056
3,53;64,88;-17,215;-0,682;24,767;98,054
3,53;64,9;-17,232;-0,682;24,766;98,051
3,53;64,92;-17,25;-0,683;24,766;98,049
3,54;64,94;-17,267;-0,684;24,765;98,046
3,54;64,96;-17,285;-0,684;24,765;98,043
3,54;64,99;-17,303;-0,685;24,764;98,041
3,54;65,01;-17,32;-0,686;24,763;98,038
3,54;65,03;-17,337;-0,686;24,763;98,036
3,54;65,05;-17,354;-0,687;24,762;98,033
3,54;65,07;-17,372;-0,688;24,761;98,031
3,55;65,1;-17,389;-0,688;24,761;98,028
3,55;65,12;-17,406;-0,689;24,76;98,025
3,55;65,14;-17,423;-0,69;24,759;98,023
3,55;65,16;-17,44;-0,69;24,759;98,02
3,55;65,18;-17,457;-0,691;24,758;98,018
3,56;65,21;-17,475;-0,692;24,757;98,015
3,56;65,23;-17,492;-0,693;24,757;98,013
3,56;65,25;-17,51;-0,693;24,756;98,01
3,56;65,27;-17,527;-0,694;24,755;98,007
3,56;65,29;-17,544;-0,695;24,755;98,005
3,56;65,32;-17,561;-0,695;24,754;98,002
3,56;65,34;-17,579;-0,696;24,753;98
3,57;65,36;-17,596;-0,697;24,753;97,997
3,57;65,38;-17,613;-0,697;24,752;97,994
3,57;65,4;-17,631;-0,698;24,752;97,992
3,57;65,43;-17,649;-0,699;24,751;97,989
3,57;65,45;-17,666;-0,699;24,75;97,987
3,58;65,47;-17,684;-0,7;24,75;97,984
3,58;65,49;-17,701;-0,701;24,749;97,981
3,58;65,51;-17,718;-0,701;24,748;97,979
3,58;65,54;-17,735;-0,702;24,748;97,976
3,58;65,56;-17,752;-0,703;24,747;97,974
3,58;65,58;-17,77;-0,704;24,746;97,971
3,59;65,6;-17,787;-0,704;24,746;97,968
3,59;65,62;-17,804;-0,705;24,745;97,966
3,59;65,65;-17,822;-0,706;24,744;97,963
3,59;65,67;-17,839;-0,706;24,744;97,96
3,59;65,69;-17,856;-0,707;24,743;97,958
3,59;65,71;-17,873;-0,708;24,742;97,955
3,59;65,73;-17,891;-0,708;24,742;97,953
3,6;65,76;-17,908;-0,709;24,741;97,95
3,6;65,78;-17,925;-0,71;24,74;97,947
3,6;65,8;-17,942;-0,71;24,74;97,945
3,6;65,82;-17,959;-0,711;24,739;97,942
3,6;65,84;-17,976;-0,712;24,738;97,939
3,61;65,86;-17,994;-0,712;24,738;97,937
3,61;65,89;-18,011;-0,713;24,737;97,934
3,61;65,91;-18,028;-0,714;24,736;97,931
3,61;65,93;-18,045;-0,714;24,736;97,929
3,61;65,95;-18,063;-0,715;24,735;97,926
3,61;65,97;-18,081;-0,716;24,734;97,923
3,61;66;-18,098;-0,717;24,734;97,921
3,62;66,02;-18,115;-0,717;24,733;97,918
3,62;66,04;-18,133;-0,718;24,732;97,915
3,62;66,06;-18,15;-0,719;24,732;97,913
3,62;66,08;-18,167;-0,719;24,731;97,91
3,62;66,11;-18,184;-0,72;24,73;97,907
3,63;66,13;-18,201;-0,721;24,73;97,905
3,63;66,15;-18,218;-0,721;24,729;97,902
3,63;66,17;-18,235;-0,722;24,728;97,899
3,63;66,19;-18,253;-0,723;24,728;97,897
3,63;66,22;-18,27;-0,723;24,727;97,894
3,63;66,24;-18,287;-0,724;24,726;97,891
3,64;66,26;-18,304;-0,725;24,725;97,889
3,64;66,28;-18,322;-0,725;24,725;97,886
3,64;66,3;-18,339;-0,726;24,724;97,883
3,64;66,33;-18,356;-0,727;24,723;97,881
3,64;66,35;-18,374;-0,727;24,723;97,878
3,64;66,37;-18,391;-0,728;24,722;97,875
3,64;66,39;-18,408;-0,729;24,721;97,873
3,65;66,41;-18,426;-0,729;24,721;97,87
3,65;66,43;-18,443;-0,73;24,72;97,867
3,65;66,46;-18,46;-0,731;24,719;97,865
3,65;66,48;-18,477;-0,732;24,719;97,862
3,65;66,5;-18,494;-0,732;24,718;97,859
3,66;66,52;-18,511;-0,733;24,717;97,857
3,66;66,54;-18,529;-0,734;24,717;97,854
3,66;66,57;-18,546;-0,734;24,716;97,851
3,66;66,59;-18,563;-0,735;24,715;97,849
3,66;66,61;-18,58;-0,736;24,715;97,846
3,66;66,63;-18,597;-0,736;24,714;97,843
3,66;66,65;-18,614;-0,737;24,713;97,841
3,67;66,68;-18,631;-0,738;24,713;97,838
3,67;66,7;-18,648;-0,738;24,712;97,835
3,67;66,72;-18,665;-0,739;24,711;97,832
3,67;66,74;-18,682;-0,74;24,711;97,83
3,67;66,76;-18,699;-0,74;24,71;97,827
3,68;66,79;-18,716;-0,741;24,709;97,824
3,68;66,81;-18,734;-0,742;24,709;97,822
3,68;66,83;-18,751;-0,742;24,708;97,819
3,68;66,85;-18,769;-0,743;24,707;97,816
3,68;66,87;-18,786;-0,744;24,706;97,813
3,68;66,9;-18,803;-0,744;24,706;97,811
3,69;66,92;-18,821;-0,745;24,705;97,808
3,69;66,94;-18,838;-0,746;24,704;97,805
3,69;66,96;-18,855;-0,746;24,704;97,803
3,69;66,98;-18,872;-0,747;24,703;97,8
3,69;67;-18,89;-0,748;24,702;97,797
3,69;67,03;-18,907;-0,749;24,702;97,795
3,69;67,05;-18,924;-0,749;24,701;97,792
3,7;67,07;-18,941;-0,75;24,7;97,789
3,7;67,09;-18,958;-0,751;24,7;97,786
3,7;67,11;-18,975;-0,751;24,699;97,784
3,7;67,14;-18,992;-0,752;24,698;97,781
3,7;67,16;-19,009;-0,753;24,698;97,778
3,71;67,18;-19,026;-0,753;24,697;97,775
3,71;67,2;-19,044;-0,754;24,696;97,773
3,71;67,22;-19,061;-0,755;24,695;97,77
3,71;67,25;-19,079;-0,755;24,695;97,767
3,71;67,27;-19,096;-0,756;24,694;97,765
3,71;67,29;-19,114;-0,757;24,693;97,762
3,71;67,31;-19,131;-0,757;24,693;97,759
3,72;67,33;-19,148;-0,758;24,692;97,756
3,72;67,36;-19,165;-0,759;24,691;97,754
3,72;67,38;-19,182;-0,759;24,691;97,751
3,72;67,4;-19,199;-0,76;24,69;97,748
3,72;67,42;-19,215;-0,761;24,689;97,745
3,73;67,44;-19,232;-0,761;24,689;97,743
3,73;67,47;-19,249;-0,762;24,688;97,74
3,73;67,49;-19,266;-0,763;24,687;97,737
3,73;67,51;-19,283;-0,763;24,686;97,734
3,73;67,53;-19,3;-0,764;24,686;97,732
3,73;67,55;-19,317;-0,765;24,685;97,729
3,74;67,57;-19,334;-0,765;24,684;97,726
3,74;67,6;-19,351;-0,766;24,684;97,723
3,74;67,62;-19,368;-0,767;24,683;97,72
3,74;67,64;-19,385;-0,767;24,682;97,718
3,74;67,66;-19,402;-0,768;24,682;97,715
3,74;67,68;-19,419;-0,769;24,681;97,712
3,74;67,71;-19,436;-0,769;24,68;97,709
3,75;67,73;-19,453;-0,77;24,679;97,707
3,75;67,75;-19,47;-0,771;24,679;97,704
3,75;67,77;-19,487;-0,771;24,678;97,701
3,75;67,79;-19,504;-0,772;24,677;97,698
3,75;67,82;-19,521;-0,773;24,677;97,695
3,76;67,84;-19,538;-0,774;24,676;97,693
3,76;67,86;-19,555;-0,774;24,675;97,69
3,76;67,88;-19,572;-0,775;24,675;97,687
3,76;67,9;-19,589;-0,776;24,674;97,684
3,76;67,93;-19,605;-0,776;24,673;97,682
3,76;67,95;-19,622;-0,777;24,672;97,679
3,76;67,97;-19,638;-0,777;24,672;97,676
3,77;67,99;-19,655;-0,778;24,671;97,673
3,77;68,01;-19,672;-0,779;24,67;97,67
3,77;68,03;-19,689;-0,779;24,67;97,668
3,77;68,06;-19,706;-0,78;24,669;97,665
3,77;68,08;-19,723;-0,781;24,668;97,662
3,78;68,1;-19,74;-0,781;24,667;97,659
3,78;68,12;-19,756;-0,782;24,667;97,656
3,78;68,14;-19,773;-0,783;24,666;97,654
3,78;68,17;-19,79;-0,783;24,665;97,651
3,78;68,19;-19,806;-0,784;24,665;97,648
3,78;68,21;-19,823;-0,785;24,664;97,645
3,79;68,23;-19,84;-0,785;24,663;97,642
3,79;68,25;-19,856;-0,786;24,663;97,639
3,79;68,28;-19,873;-0,787;24,662;97,637
3,79;68,3;-19,889;-0,787;24,661;97,634
3,79;68,32;-19,906;-0,788;24,66;97,631
3,79;68,34;-19,923;-0,789;24,66;97,628
3,79;68,36;-19,939;-0,789;24,659;97,625
3,8;68,39;-19,956;-0,79;24,658;97,622
3,8;68,41;-19,972;-0,791;24,657;97,62
3,8;68,43;-19,989;-0,791;24,657;97,617
3,8;68,45;-20,006;-0,792;24,656;97,614
3,8;68,47;-20,023;-0,793;24,655;97,611
3,81;68,5;-20,039;-0,793;24,655;97,608
3,81;68,52;-20,056;-0,794;24,654;97,605
3,81;68,54;-20,073;-0,795;24,653;97,603
3,81;68,56;-20,089;-0,795;24,652;97,6
3,81;68,58;-20,106;-0,796;24,652;97,597
3,81;68,6;-20,122;-0,797;24,651;97,594
3,81;68,63;-20,139;-0,797;24,65;97,591
3,82;68,65;-20,156;-0,798;24,65;97,588
3,82;68,67;-20,172;-0,799;24,649;97,586
3,82;68,69;-20,189;-0,799;24,648;97,583
3,82;68,71;-20,206;-0,8;24,647;97,58
3,82;68,74;-20,223;-0,801;24,647;97,577
3,83;68,76;-20,24;-0,801;24,646;97,574
3,83;68,78;-20,256;-0,802;24,645;97,571
3,83;68,8;-20,273;-0,803;24,645;97,568
3,83;68,82;-20,29;-0,803;24,644;97,566
3,83;68,85;-20,307;-0,804;24,643;97,563
3,83;68,87;-20,323;-0,805;24,642;97,56
3,84;68,89;-20,34;-0,805;24,642;97,557
3,84;68,91;-20,357;-0,806;24,641;97,554
3,84;68,93;-20,374;-0,807;24,64;97,551
3,84;68,96;-20,39;-0,807;24,64;97,549
3,84;68,98;-20,407;-0,808;24,639;97,546
3,84;69;-20,423;-0,809;24,638;97,543
3,84;69,02;-20,44;-0,809;24,637;97,54
3,85;69,04;-20,457;-0,81;24,637;97,537
3,85;69,07;-20,474;-0,811;24,636;97,534
3,85;69,09;-20,49;-0,811;24,635;97,531
3,85;69,11;-20,507;-0,812;24,634;97,528
3,85;69,13;-20,524;-0,813;24,634;97,525
3,86;69,15;-20,54;-0,813;24,633;97,523
3,86;69,18;-20,557;-0,814;24,632;97,52
3,86;69,2;-20,574;-0,815;24,632;97,517
3,86;69,22;-20,591;-0,815;24,631;97,514
3,86;69,24;-20,607;-0,816;24,63;97,511
3,86;69,26;-20,624;-0,817;24,629;97,508
3,86;69,28;-20,641;-0,817;24,629;97,505
3,87;69,31;-20,657;-0,818;24,628;97,502
3,87;69,33;-20,674;-0,818;24,627;97,499
3,87;69,35;-20,691;-0,819;24,626;97,496
3,87;69,37;-20,708;-0,82;24,626;97,494
3,87;69,39;-20,725;-0,82;24,625;97,491
3,88;69,42;-20,741;-0,821;24,624;97,488
3,88;69,44;-20,758;-0,822;24,623;97,485
3,88;69,46;-20,774;-0,822;24,623;97,482
3,88;69,48;-20,791;-0,823;24,622;97,479
3,88;69,5;-20,808;-0,824;24,621;97,476
3,88;69,53;-20,824;-0,824;24,62;97,473
3,89;69,55;-20,841;-0,825;24,62;97,47
3,89;69,57;-20,858;-0,826;24,619;97,467
3,89;69,59;-20,875;-0,826;24,618;97,464
3,89;69,61;-20,891;-0,827;24,618;97,461
3,89;69,64;-20,907;-0,828;24,617;97,459
3,89;69,66;-20,924;-0,828;24,616;97,456
3,89;69,68;-20,941;-0,829;24,615;97,453
3,9;69,7;-20,957;-0,83;24,615;97,45
3,9;69,72;-20,973;-0,83;24,614;97,447
3,9;69,75;-20,99;-0,831;24,613;97,444
3,9;69,77;-21,006;-0,832;24,612;97,441
3,9;69,79;-21,023;-0,832;24,612;97,438
3,91;69,81;-21,039;-0,833;24,611;97,435
3,91;69,83;-21,055;-0,834;24,61;97,432
3,91;69,86;-21,072;-0,834;24,609;97,429
3,91;69,88;-21,088;-0,835;24,609;97,426
3,91;69,9;-21,105;-0,836;24,608;97,423
3,91;69,92;-21,121;-0,836;24,607;97,42
3,91;69,94;-21,137;-0,837;24,606;97,417
3,92;69,97;-21,153;-0,837;24,606;97,414
3,92;69,99;-21,17;-0,838;24,605;97,411
3,92;70,01;-21,186;-0,839;24,604;97,408
3,92;70,03;-21,202;-0,839;24,603;97,405
3,92;70,05;-21,218;-0,84;24,603;97,403
3,93;70,08;-21,235;-0,841;24,602;97,4
3,93;70,1;-21,252;-0,841;24,601;97,397
3,93;70,12;-21,269;-0,842;24,6;97,394
3,93;70,14;-21,285;-0,843;24,6;97,391
3,93;70,16;-21,301;-0,843;24,599;97,388
3,93;70,19;-21,317;-0,844;24,598;97,385
3,94;70,21;-21,333;-0,845;24,597;97,382
3,94;70,23;-21,349;-0,845;24,597;97,379
3,94;70,25;-21,366;-0,846;24,596;97,376
3,94;70,27;-21,381;-0,846;24,595;97,373
3,94;70,3;-21,397;-0,847;24,594;97,37
3,94;70,32;-21,413;-0,848;24,594;97,367
3,94;70,34;-21,429;-0,848;24,593;97,364
3,95;70,36;-21,445;-0,849;24,592;97,361
3,95;70,38;-21,461;-0,85;24,591;97,358
3,95;70,41;-21,478;-0,85;24,591;97,355
3,95;70,43;-21,494;-0,851;24,59;97,352
3,95;70,45;-21,51;-0,852;24,589;97,349
3,96;70,47;-21,526;-0,852;24,588;97,346
3,96;70,49;-21,542;-0,853;24,588;97,343
3,96;70,52;-21,559;-0,854;24,587;97,34
3,96;70,54;-21,575;-0,854;24,586;97,337
3,96;70,56;-21,591;-0,855;24,585;97,334
3,96;70,58;-21,607;-0,855;24,585;97,331
3,96;70,6;-21,624;-0,856;24,584;97,328
3,97;70,63;-21,64;-0,857;24,583;97,325
3,97;70,65;-21,656;-0,857;24,582;97,322
3,97;70,67;-21,672;-0,858;24,582;97,319
3,97;70,69;-21,688;-0,859;24,581;97,316
3,97;70,72;-21,704;-0,859;24,58;97,313
3,98;70,74;-21,72;-0,86;24,579;97,31
3,98;70,76;-21,737;-0,861;24,579;97,307
3,98;70,78;-21,753;-0,861;24,578;97,304
3,98;70,8;-21,769;-0,862;24,577;97,301
3,98;70,82;-21,786;-0,862;24,576;97,298
3,98;70,85;-21,801;-0,863;24,576;97,295
3,99;70,87;-21,818;-0,864;24,575;97,292
3,99;70,89;-21,834;-0,864;24,574;97,289
3,99;70,91;-21,85;-0,865;24,573;97,286
3,99;70,94;-21,866;-0,866;24,573;97,283
3,99;70,96;-21,882;-0,866;24,572;97,28
3,99;70,98;-21,899;-0,867;24,571;97,277
3,99;71;-21,915;-0,868;24,57;97,274
4;71,02;-21,931;-0,868;24,569;97,271
4;71,05;-21,948;-0,869;24,569;97,268
4;71,07;-21,963;-0,87;24,568;97,265
4;71,09;-21,979;-0,87;24,567;97,262
4;71,11;-21,996;-0,871;24,566;97,259
4,01;71,13;-22,012;-0,871;24,566;97,256
4,01;71,16;-22,029;-0,872;24,565;97,253
4,01;71,18;-22,044;-0,873;24,564;97,25
4,01;71,2;-22,061;-0,873;24,563;97,247
4,01;71,22;-22,077;-0,874;24,563;97,244
4,01;71,24;-22,093;-0,875;24,562;97,241
4,01;71,27;-22,11;-0,875;24,561;97,238
4,02;71,29;-22,126;-0,876;24,56;97,235
4,02;71,31;-22,142;-0,877;24,56;97,232
4,02;71,33;-22,158;-0,877;24,559;97,229
4,02;71,35;-22,175;-0,878;24,558;97,226
4,02;71,38;-22,191;-0,879;24,557;97,223
4,03;71,4;-22,207;-0,879;24,556;97,22
4,03;71,42;-22,223;-0,88;24,556;97,217
4,03;71,44;-22,24;-0,88;24,555;97,214
4,03;71,46;-22,256;-0,881;24,554;97,211
4,03;71,49;-22,272;-0,882;24,553;97,208
4,03;71,51;-22,288;-0,882;24,553;97,204
4,04;71,53;-22,304;-0,883;24,552;97,201
4,04;71,55;-22,32;-0,884;24,551;97,198
4,04;71,57;-22,336;-0,884;24,55;97,195
4,04;71,6;-22,351;-0,885;24,55;97,192
4,04;71,62;-22,367;-0,886;24,549;97,189
4,04;71,64;-22,383;-0,886;24,548;97,186
4,04;71,66;-22,399;-0,887;24,547;97,183
4,05;71,69;-22,415;-0,887;24,546;97,18
4,05;71,71;-22,431;-0,888;24,546;97,177
4,05;71,73;-22,447;-0,889;24,545;97,174
4,05;71,75;-22,463;-0,889;24,544;97,171
4,05;71,77;-22,48;-0,89;24,543;97,168
4,06;71,8;-22,496;-0,891;24,543;97,165
4,06;71,82;-22,512;-0,891;24,542;97,162
4,06;71,84;-22,528;-0,892;24,541;97,159
4,06;71,86;-22,544;-0,893;24,54;97,156
4,06;71,88;-22,561;-0,893;24,54;97,153
4,06;71,91;-22,577;-0,894;24,539;97,149
4,06;71,93;-22,594;-0,894;24,538;97,146
4,07;71,95;-22,61;-0,895;24,537;97,143
4,07;71,97;-22,627;-0,896;24,536;97,14
4,07;72;-22,643;-0,896;24,536;97,137
4,07;72,02;-22,659;-0,897;24,535;97,134
4,07;72,04;-22,675;-0,898;24,534;97,131
4,08;72,06;-22,691;-0,898;24,533;97,128
4,08;72,08;-22,707;-0,899;24,533;97,125
4,08;72,11;-22,723;-0,9;24,532;97,122
4,08;72,13;-22,738;-0,9;24,531;97,119
4,08;72,15;-22,754;-0,901;24,53;97,116
4,08;72,17;-22,77;-0,901;24,529;97,113
4,09;72,19;-22,786;-0,902;24,529;97,109
4,09;72,22;-22,802;-0,903;24,528;97,106
4,09;72,24;-22,818;-0,903;24,527;97,103
4,09;72,26;-22,834;-0,904;24,526;97,1
4,09;72,28;-22,85;-0,905;24,526;97,097
4,09;72,31;-22,865;-0,905;24,525;97,094
4,09;72,33;-22,881;-0,906;24,524;97,091
4,1;72,35;-22,896;-0,906;24,523;97,088
4,1;72,37;-22,912;-0,907;24,522;97,085
4,1;72,39;-22,927;-0,908;24,522;97,082
4,1;72,42;-22,943;-0,908;24,521;97,079
4,1;72,44;-22,958;-0,909;24,52;97,075
4,11;72,46;-22,974;-0,91;24,519;97,072
4,11;72,48;-22,99;-0,91;24,518;97,069
4,11;72,51;-23,006;-0,911;24,518;97,066
4,11;72,53;-23,022;-0,911;24,517;97,063
4,11;72,55;-23,037;-0,912;24,516;97,06
4,11;72,57;-23,053;-0,913;24,515;97,057
4,11;72,59;-23,069;-0,913;24,515;97,054
4,12;72,62;-23,084;-0,914;24,514;97,051
4,12;72,64;-23,1;-0,915;24,513;97,047
4,12;72,66;-23,116;-0,915;24,512;97,044
4,12;72,68;-23,132;-0,916;24,511;97,041
4,12;72,71;-23,147;-0,916;24,511;97,038
4,13;72,73;-23,163;-0,917;24,51;97,035
4,13;72,75;-23,178;-0,918;24,509;97,032
4,13;72,77;-23,194;-0,918;24,508;97,029
4,13;72,79;-23,209;-0,919;24,507;97,025
4,13;72,82;-23,225;-0,919;24,507;97,022
4,13;72,84;-23,24;-0,92;24,506;97,019
4,14;72,86;-23,256;-0,921;24,505;97,016
4,14;72,88;-23,271;-0,921;24,504;97,013
4,14;72,91;-23,286;-0,922;24,503;97,01
4,14;72,93;-23,302;-0,923;24,503;97,007
4,14;72,95;-23,317;-0,923;24,502;97,003
4,14;72,97;-23,332;-0,924;24,501;97
4,14;72,99;-23,347;-0,924;24,5;96,997
4,15;73,02;-23,362;-0,925;24,499;96,994
4,15;73,04;-23,377;-0,926;24,499;96,991
4,15;73,06;-23,392;-0,926;24,498;96,988
4,15;73,08;-23,407;-0,927;24,497;96,984
4,15;73,11;-23,423;-0,927;24,496;96,981
4,16;73,13;-23,438;-0,928;24,495;96,978
4,16;73,15;-23,454;-0,929;24,495;96,975
4,16;73,17;-23,469;-0,929;24,494;96,972
4,16;73,19;-23,485;-0,93;24,493;96,969
4,16;73,22;-23,5;-0,93;24,492;96,966
4,16;73,24;-23,516;-0,931;24,491;96,962
4,16;73,26;-23,531;-0,932;24,491;96,959
4,17;73,28;-23,546;-0,932;24,49;96,956
4,17;73,31;-23,562;-0,933;24,489;96,953
4,17;73,33;-23,577;-0,933;24,488;96,95
4,17;73,35;-23,592;-0,934;24,487;96,946
4,17;73,37;-23,607;-0,935;24,487;96,943
4,18;73,4;-23,622;-0,935;24,486;96,94
4,18;73,42;-23,637;-0,936;24,485;96,937
4,18;73,44;-23,652;-0,936;24,484;96,934
4,18;73,46;-23,668;-0,937;24,483;96,931
4,18;73,48;-23,683;-0,938;24,483;96,927
4,18;73,51;-23,698;-0,938;24,482;96,924
4,19;73,53;-23,713;-0,939;24,481;96,921
4,19;73,55;-23,729;-0,939;24,48;96,918
4,19;73,57;-23,744;-0,94;24,479;96,915
4,19;73,6;-23,759;-0,941;24,479;96,911
4,19;73,62;-23,775;-0,941;24,478;96,908
4,19;73,64;-23,79;-0,942;24,477;96,905
4,19;73,66;-23,805;-0,942;24,476;96,902
4,2;73,69;-23,82;-0,943;24,475;96,899
4,2;73,71;-23,835;-0,944;24,475;96,896
4,2;73,73;-23,851;-0,944;24,474;96,892
4,2;73,75;-23,866;-0,945;24,473;96,889
4,2;73,77;-23,881;-0,945;24,472;96,886
4,21;73,8;-23,896;-0,946;24,471;96,883
4,21;73,82;-23,912;-0,947;24,471;96,88
4,21;73,84;-23,928;-0,947;24,47;96,876
4,21;73,86;-23,943;-0,948;24,469;96,873
4,21;73,89;-23,959;-0,949;24,468;96,87
4,21;73,91;-23,974;-0,949;24,467;96,867
4,21;73,93;-23,989;-0,95;24,467;96,864
4,22;73,95;-24,005;-0,95;24,466;96,86
4,22;73,98;-24,019;-0,951;24,465;96,857
4,22;74;-24,035;-0,952;24,464;96,854
4,22;74,02;-24,05;-0,952;24,463;96,851
4,22;74,04;-24,065;-0,953;24,463;96,848
4,23;74,06;-24,08;-0,953;24,462;96,844
4,23;74,09;-24,095;-0,954;24,461;96,841
4,23;74,11;-24,11;-0,955;24,46;96,838
4,23;74,13;-24,126;-0,955;24,459;96,835
4,23;74,15;-24,141;-0,956;24,458;96,832
4,23;74,18;-24,156;-0,956;24,458;96,828
4,24;74,2;-24,172;-0,957;24,457;96,825
4,24;74,22;-24,187;-0,958;24,456;96,822
4,24;74,24;-24,202;-0,958;24,455;96,819
4,24;74,26;-24,218;-0,959;24,454;96,816
4,24;74,29;-24,233;-0,959;24,454;96,812
4,24;74,31;-24,248;-0,96;24,453;96,809
4,24;74,33;-24,263;-0,961;24,452;96,806
4,25;74,35;-24,279;-0,961;24,451;96,803
4,25;74,38;-24,294;-0,962;24,45;96,8
4,25;74,4;-24,309;-0,962;24,45;96,796
4,25;74,42;-24,324;-0,963;24,449;96,793
4,25;74,44;-24,34;-0,964;24,448;96,79
4,26;74,47;-24,355;-0,964;24,447;96,787
4,26;74,49;-24,371;-0,965;24,446;96,783
4,26;74,51;-24,386;-0,965;24,445;96,78
4,26;74,53;-24,401;-0,966;24,445;96,777
4,26;74,56;-24,417;-0,967;24,444;96,774
4,26;74,58;-24,432;-0,967;24,443;96,771
4,26;74,6;-24,448;-0,968;24,442;96,767
4,27;74,62;-24,463;-0,968;24,441;96,764
4,27;74,64;-24,479;-0,969;24,441;96,761
4,27;74,67;-24,494;-0,97;24,44;96,758
4,27;74,69;-24,509;-0,97;24,439;96,754
4,27;74,71;-24,525;-0,971;24,438;96,751
4,28;74,73;-24,54;-0,972;24,437;96,748
4,28;74,76;-24,554;-0,972;24,436;96,745
4,28;74,78;-24,569;-0,973;24,436;96,741
4,28;74,8;-24,584;-0,973;24,435;96,738
4,28;74,82;-24,599;-0,974;24,434;96,735
4,28;74,85;-24,614;-0,974;24,433;96,732
4,29;74,87;-24,629;-0,975;24,432;96,728
4,29;74,89;-24,644;-0,976;24,432;96,725
4,29;74,91;-24,659;-0,976;24,431;96,722
4,29;74,94;-24,674;-0,977;24,43;96,719
4,29;74,96;-24,689;-0,977;24,429;96,715
4,29;74,98;-24,704;-0,978;24,428;96,712
4,3;75;-24,719;-0,979;24,427;96,709
4,3;75,03;-24,734;-0,979;24,427;96,706
4,3;75,05;-24,748;-0,98;24,426;96,702
4,3;75,07;-24,763;-0,98;24,425;96,699
4,3;75,09;-24,778;-0,981;24,424;96,696
4,3;75,12;-24,793;-0,982;24,423;96,693
4,3;75,14;-24,808;-0,982;24,423;96,689
4,31;75,16;-24,823;-0,983;24,422;96,686
4,31;75,18;-24,838;-0,983;24,421;96,683
4,31;75,21;-24,853;-0,984;24,42;96,68
4,31;75,23;-24,868;-0,985;24,419;96,676
4,31;75,25;-24,883;-0,985;24,418;96,673
4,31;75,27;-24,898;-0,986;24,418;96,67
4,32;75,3;-24,913;-0,986;24,417;96,666
4,32;75,32;-24,927;-0,987;24,416;96,663
4,32;75,34;-24,942;-0,987;24,415;96,66
4,32;75,36;-24,956;-0,988;24,414;96,657
4,32;75,39;-24,971;-0,989;24,413;96,653
4,33;75,41;-24,985;-0,989;24,413;96,65
4,33;75,43;-24,999;-0,99;24,412;96,647
4,33;75,45;-25,013;-0,99;24,411;96,643
4,33;75,48;-25,028;-0,991;24,41;96,64
4,33;75,5;-25,042;-0,991;24,409;96,637
4,33;75,52;-25,056;-0,992;24,408;96,633
4,34;75,54;-25,071;-0,993;24,408;96,63
4,34;75,57;-25,086;-0,993;24,407;96,627
4,34;75,59;-25,1;-0,994;24,406;96,624
4,34;75,61;-25,115;-0,994;24,405;96,62
4,34;75,63;-25,129;-0,995;24,404;96,617
4,34;75,66;-25,144;-0,995;24,403;96,614
4,35;75,68;-25,159;-0,996;24,403;96,61
4,35;75,7;-25,173;-0,997;24,402;96,607
4,35;75,72;-25,187;-0,997;24,401;96,604
4,35;75,75;-25,202;-0,998;24,4;96,601
4,35;75,77;-25,216;-0,998;24,399;96,597
4,35;75,79;-25,23;-0,999;24,398;96,594
4,35;75,81;-25,245;-0,999;24,398;96,591
4,36;75,84;-25,259;-1;24,397;96,587
4,36;75,86;-25,274;-1,001;24,396;96,584
4,36;75,88;-25,288;-1,001;24,395;96,581
4,36;75,9;-25,303;-1,002;24,394;96,577
4,36;75,93;-25,318;-1,002;24,393;96,574
4,36;75,95;-25,332;-1,003;24,393;96,571
4,37;75,97;-25,347;-1,003;24,392;96,568
4,37;75,99;-25,361;-1,004;24,391;96,564
4,37;76,02;-25,375;-1,005;24,39;96,561
4,37;76,04;-25,389;-1,005;24,389;96,558
4,37;76,06;-25,403;-1,006;24,388;96,554
4,38;76,08;-25,417;-1,006;24,388;96,551
4,38;76,11;-25,431;-1,007;24,387;96,548
4,38;76,13;-25,445;-1,007;24,386;96,544
4,38;76,15;-25,459;-1,008;24,385;96,541
4,38;76,17;-25,473;-1,008;24,384;96,538
4,38;76,2;-25,487;-1,009;24,383;96,534
4,39;76,22;-25,502;-1,01;24,383;96,531
4,39;76,24;-25,516;-1,01;24,382;96,528
4,39;76,27;-25,53;-1,011;24,381;96,524
4,39;76,29;-25,544;-1,011;24,38;96,521
4,39;76,31;-25,558;-1,012;24,379;96,518
4,39;76,33;-25,573;-1,012;24,378;96,514
4,4;76,36;-25,587;-1,013;24,377;96,511
4,4;76,38;-25,601;-1,014;24,377;96,508
4,4;76,4;-25,615;-1,014;24,376;96,504
4,4;76,42;-25,629;-1,015;24,375;96,501
4,4;76,45;-25,643;-1,015;24,374;96,498
4,4;76,47;-25,657;-1,016;24,373;96,495
4,4;76,49;-25,671;-1,016;24,372;96,491
4,41;76,51;-25,685;-1,017;24,372;96,488
4,41;76,54;-25,7;-1,017;24,371;96,485
4,41;76,56;-25,714;-1,018;24,37;96,481
4,41;76,58;-25,728;-1,019;24,369;96,478
4,41;76,61;-25,742;-1,019;24,368;96,475
4,41;76,63;-25,757;-1,02;24,367;96,471
4,42;76,65;-25,771;-1,02;24,367;96,468
4,42;76,67;-25,785;-1,021;24,366;96,465
4,42;76,7;-25,799;-1,021;24,365;96,461
4,42;76,72;-25,814;-1,022;24,364;96,458
4,42;76,74;-25,828;-1,023;24,363;96,455
4,43;76,76;-25,842;-1,023;24,362;96,451
4,43;76,79;-25,856;-1,024;24,362;96,448
4,43;76,81;-25,87;-1,024;24,361;96,445
4,43;76,83;-25,884;-1,025;24,36;96,441
4,43;76,85;-25,898;-1,025;24,359;96,438
4,43;76,88;-25,912;-1,026;24,358;96,435
4,44;76,9;-25,926;-1,026;24,357;96,431
4,44;76,92;-25,939;-1,027;24,357;96,428
4,44;76,95;-25,953;-1,027;24,356;96,425
4,44;76,97;-25,967;-1,028;24,355;96,421
4,44;76,99;-25,981;-1,029;24,354;96,418
4,44;77,01;-25,995;-1,029;24,353;96,415
4,45;77,04;-26,008;-1,03;24,352;96,411
4,45;77,06;-26,022;-1,03;24,351;96,408
4,45;77,08;-26,036;-1,031;24,351;96,405
4,45;77,1;-26,049;-1,031;24,35;96,401
4,45;77,13;-26,064;-1,032;24,349;96,398
4,45;77,15;-26,078;-1,032;24,348;96,395
4,45;77,17;-26,092;-1,033;24,347;96,391
4,46;77,2;-26,106;-1,034;24,346;96,388
4,46;77,22;-26,12;-1,034;24,346;96,385
4,46;77,24;-26,134;-1,035;24,345;96,381
4,46;77,26;-26,148;-1,035;24,344;96,378
4,46;77,29;-26,161;-1,036;24,343;96,374
4,46;77,31;-26,176;-1,036;24,342;96,371
4,47;77,33;-26,19;-1,037;24,341;96,368
4,47;77,35;-26,203;-1,037;24,34;96,364
4,47;77,38;-26,217;-1,038;24,34;96,361
4,47;77,4;-26,231;-1,038;24,339;96,358
4,47;77,42;-26,245;-1,039;24,338;96,354
4,48;77,44;-26,259;-1,04;24,337;96,351
4,48;77,47;-26,272;-1,04;24,336;96,348
4,48;77,49;-26,286;-1,041;24,335;96,344
4,48;77,51;-26,299;-1,041;24,334;96,341
4,48;77,54;-26,313;-1,042;24,334;96,337
4,48;77,56;-26,327;-1,042;24,333;96,334
4,49;77,58;-26,34;-1,043;24,332;96,331
4,49;77,6;-26,354;-1,043;24,331;96,327
4,49;77,63;-26,367;-1,044;24,33;96,324
4,49;77,65;-26,381;-1,044;24,329;96,321
4,49;77,67;-26,394;-1,045;24,329;96,317
4,49;77,7;-26,408;-1,046;24,328;96,314
4,5;77,72;-26,422;-1,046;24,327;96,31
4,5;77,74;-26,435;-1,047;24,326;96,307
4,5;77,76;-26,449;-1,047;24,325;96,304
4,5;77,79;-26,462;-1,048;24,324;96,3
4,5;77,81;-26,476;-1,048;24,323;96,297
4,5;77,83;-26,489;-1,049;24,323;96,293
4,5;77,86;-26,502;-1,049;24,322;96,29
4,51;77,88;-26,516;-1,05;24,321;96,287
4,51;77,9;-26,529;-1,05;24,32;96,283
4,51;77,92;-26,543;-1,051;24,319;96,28
4,51;77,95;-26,557;-1,051;24,318;96,276
4,51;77,97;-26,57;-1,052;24,317;96,273
4,51;77,99;-26,584;-1,052;24,317;96,27
4,52;78,01;-26,598;-1,053;24,316;96,266
4,52;78,04;-26,611;-1,054;24,315;96,263
4,52;78,06;-26,624;-1,054;24,314;96,259
4,52;78,08;-26,637;-1,055;24,313;96,256
4,52;78,11;-26,651;-1,055;24,312;96,253
4,53;78,13;-26,664;-1,056;24,311;96,249
4,53;78,15;-26,678;-1,056;24,31;96,246
4,53;78,18;-26,692;-1,057;24,31;96,242
4,53;78,2;-26,706;-1,057;24,309;96,239
4,53;78,22;-26,719;-1,058;24,308;96,236
4,53;78,24;-26,732;-1,058;24,307;96,232
4,54;78,27;-26,745;-1,059;24,306;96,229
4,54;78,29;-26,758;-1,059;24,305;96,225
4,54;78,31;-26,772;-1,06;24,304;96,222
4,54;78,33;-26,785;-1,06;24,304;96,219
4,54;78,36;-26,799;-1,061;24,303;96,215
4,54;78,38;-26,812;-1,061;24,302;96,212
4,55;78,4;-26,825;-1,062;24,301;96,208
4,55;78,43;-26,839;-1,063;24,3;96,205
4,55;78,45;-26,852;-1,063;24,299;96,202
4,55;78,47;-26,865;-1,064;24,298;96,198
4,55;78,5;-26,878;-1,064;24,298;96,195
4,55;78,52;-26,891;-1,065;24,297;96,191
4,55;78,54;-26,905;-1,065;24,296;96,188
4,56;78,56;-26,918;-1,066;24,295;96,184
4,56;78,59;-26,932;-1,066;24,294;96,181
4,56;78,61;-26,945;-1,067;24,293;96,178
4,56;78,63;-26,959;-1,067;24,292;96,174
4,56;78,66;-26,972;-1,068;24,292;96,171
4,56;78,68;-26,985;-1,068;24,291;96,167
4,57;78,7;-26,998;-1,069;24,29;96,164
4,57;78,72;-27,012;-1,069;24,289;96,16
4,57;78,75;-27,025;-1,07;24,288;96,157
4,57;78,77;-27,039;-1,07;24,287;96,154
4,57;78,79;-27,052;-1,071;24,286;96,15
4,58;78,82;-27,066;-1,072;24,285;96,147
4,58;78,84;-27,079;-1,072;24,285;96,143
4,58;78,86;-27,092;-1,073;24,284;96,14
4,58;78,88;-27,106;-1,073;24,283;96,136
4,58;78,91;-27,119;-1,074;24,282;96,133
4,58;78,93;-27,132;-1,074;24,281;96,13
4,59;78,95;-27,146;-1,075;24,28;96,126
4,59;78,98;-27,158;-1,075;24,279;96,123
4,59;79;-27,172;-1,076;24,279;96,119
4,59;79,02;-27,185;-1,076;24,278;96,116
4,59;79,05;-27,198;-1,077;24,277;96,112
4,59;79,07;-27,211;-1,077;24,276;96,109
4,6;79,09;-27,224;-1,078;24,275;96,106
4,6;79,11;-27,237;-1,078;24,274;96,102
4,6;79,14;-27,25;-1,079;24,273;96,099
4,6;79,16;-27,263;-1,079;24,272;96,095
4,6;79,18;-27,276;-1,08;24,272;96,092
4,6;79,21;-27,29;-1,08;24,271;96,088
4,6;79,23;-27,304;-1,081;24,27;96,085
4,61;79,25;-27,317;-1,081;24,269;96,081
4,61;79,27;-27,33;-1,082;24,268;96,078
4,61;79,3;-27,343;-1,083;24,267;96,075
4,61;79,32;-27,356;-1,083;24,266;96,071
4,61;79,34;-27,369;-1,084;24,266;96,068
4,61;79,37;-27,382;-1,084;24,265;96,064
4,62;79,39;-27,395;-1,085;24,264;96,061
4,62;79,41;-27,409;-1,085;24,263;96,057
4,62;79,43;-27,422;-1,086;24,262;96,054
4,62;79,46;-27,435;-1,086;24,261;96,051
4,62;79,48;-27,448;-1,087;24,26;96,047
4,63;79,5;-27,461;-1,087;24,259;96,044
4,63;79,53;-27,474;-1,088;24,259;96,04
4,63;79,55;-27,487;-1,088;24,258;96,037
4,63;79,57;-27,5;-1,089;24,257;96,033
4,63;79,6;-27,513;-1,089;24,256;96,03
4,63;79,62;-27,526;-1,09;24,255;96,026
4,64;79,64;-27,539;-1,09;24,254;96,023
4,64;79,66;-27,552;-1,091;24,253;96,02
4,64;79,69;-27,564;-1,091;24,252;96,016
4,64;79,71;-27,577;-1,092;24,252;96,013
4,64;79,73;-27,589;-1,092;24,251;96,009
4,64;79,76;-27,602;-1,093;24,25;96,006
4,65;79,78;-27,615;-1,093;24,249;96,002
4,65;79,8;-27,628;-1,094;24,248;95,999
4,65;79,82;-27,64;-1,094;24,247;95,995
4,65;79,85;-27,653;-1,095;24,246;95,992
4,65;79,87;-27,666;-1,095;24,245;95,988
4,65;79,89;-27,678;-1,096;24,245;95,985
4,65;79,92;-27,69;-1,096;24,244;95,982
4,66;79,94;-27,702;-1,097;24,243;95,978
4,66;79,96;-27,715;-1,097;24,242;95,975
4,66;79,99;-27,727;-1,098;24,241;95,971
4,66;80,01;-27,74;-1,098;24,24;95,968
4,66;80,03;-27,752;-1,099;24,239;95,964
4,66;80,06;-27,764;-1,099;24,238;95,961
4,67;80,08;-27,777;-1,1;24,238;95,957
4,67;80,1;-27,789;-1,1;24,237;95,954
4,67;80,12;-27,801;-1,101;24,236;95,95
4,67;80,15;-27,814;-1,101;24,235;95,947
4,67;80,17;-27,826;-1,102;24,234;95,943
4,68;80,19;-27,838;-1,102;24,233;95,94
4,68;80,22;-27,851;-1,103;24,232;95,937
4,68;80,24;-27,863;-1,103;24,231;95,933
4,68;80,26;-27,876;-1,104;24,231;95,93
4,68;80,29;-27,888;-1,104;24,23;95,926
4,68;80,31;-27,9;-1,105;24,229;95,923
4,69;80,33;-27,912;-1,105;24,228;95,919
4,69;80,36;-27,924;-1,106;24,227;95,916
4,69;80,38;-27,936;-1,106;24,226;95,912
4,69;80,4;-27,948;-1,106;24,225;95,909
4,69;80,43;-27,961;-1,107;24,224;95,905
4,69;80,45;-27,973;-1,107;24,224;95,902
4,7;80,47;-27,985;-1,108;24,223;95,898
4,7;80,49;-27,997;-1,108;24,222;95,895
4,7;80,52;-28,009;-1,109;24,221;95,891
4,7;80,54;-28,022;-1,109;24,22;95,888
4,7;80,56;-28,034;-1,11;24,219;95,884
4,7;80,59;-28,046;-1,11;24,218;95,881
4,7;80,61;-28,058;-1,111;24,217;95,877
4,71;80,63;-28,07;-1,111;24,217;95,874
4,71;80,66;-28,083;-1,112;24,216;95,87
4,71;80,68;-28,095;-1,112;24,215;95,867
4,71;80,7;-28,107;-1,113;24,214;95,863
4,71;80,73;-28,12;-1,113;24,213;95,86
4,71;80,75;-28,132;-1,114;24,212;95,856
4,72;80,77;-28,144;-1,114;24,211;95,853
4,72;80,8;-28,156;-1,115;24,21;95,849
4,72;80,82;-28,168;-1,115;24,209;95,846
4,72;80,84;-28,18;-1,116;24,209;95,842
4,72;80,87;-28,193;-1,116;24,208;95,839
4,73;80,89;-28,205;-1,117;24,207;95,835
4,73;80,91;-28,217;-1,117;24,206;95,832
4,73;80,94;-28,228;-1,118;24,205;95,828
4,73;80,96;-28,241;-1,118;24,204;95,825
4,73;80,98;-28,253;-1,119;24,203;95,821
4,73;81,01;-28,265;-1,119;24,202;95,818
4,74;81,03;-28,277;-1,12;24,202;95,814
4,74;81,05;-28,29;-1,12;24,201;95,811
4,74;81,07;-28,302;-1,12;24,2;95,807
4,74;81,1;-28,314;-1,121;24,199;95,804
4,74;81,12;-28,326;-1,121;24,198;95,8
4,74;81,14;-28,338;-1,122;24,197;95,797
4,75;81,17;-28,35;-1,122;24,196;95,793
4,75;81,19;-28,362;-1,123;24,195;95,79
4,75;81,21;-28,374;-1,123;24,194;95,786
4,75;81,24;-28,386;-1,124;24,194;95,783
4,75;81,26;-28,398;-1,124;24,193;95,779
4,75;81,28;-28,41;-1,125;24,192;95,776
4,75;81,31;-28,422;-1,125;24,191;95,772
4,76;81,33;-28,434;-1,126;24,19;95,769
4,76;81,35;-28,446;-1,126;24,189;95,765
4,76;81,38;-28,458;-1,127;24,188;95,762
4,76;81,4;-28,47;-1,127;24,187;95,758
4,76;81,42;-28,481;-1,128;24,187;95,755
4,76;81,45;-28,494;-1,128;24,186;95,751
4,77;81,47;-28,505;-1,129;24,185;95,748
4,77;81,49;-28,517;-1,129;24,184;95,744
4,77;81,52;-28,53;-1,129;24,183;95,741
4,77;81,54;-28,541;-1,13;24,182;95,737
4,77;81,56;-28,553;-1,13;24,181;95,734
4,78;81,59;-28,565;-1,131;24,18;95,73
4,78;81,61;-28,577;-1,131;24,179;95,727
4,78;81,63;-28,589;-1,132;24,179;95,723
4,78;81,66;-28,6;-1,132;24,178;95,72
4,78;81,68;-28,612;-1,133;24,177;95,716
4,78;81,7;-28,623;-1,133;24,176;95,713
4,79;81,73;-28,635;-1,134;24,175;95,709
4,79;81,75;-28,647;-1,134;24,174;95,706
4,79;81,77;-28,659;-1,135;24,173;95,702
4,79;81,8;-28,671;-1,135;24,172;95,699
4,79;81,82;-28,682;-1,136;24,171;95,695
4,79;81,84;-28,695;-1,136;24,171;95,692
4,8;81,87;-28,706;-1,136;24,17;95,688
4,8;81,89;-28,718;-1,137;24,169;95,685
4,8;81,91;-28,729;-1,137;24,168;95,681
4,8;81,94;-28,741;-1,138;24,167;95,678
4,8;81,96;-28,753;-1,138;24,166;95,674
4,8;81,98;-28,764;-1,139;24,165;95,671
4,8;82,01;-28,776;-1,139;24,164;95,667
4,81;82,03;-28,787;-1,14;24,163;95,664
4,81;82,05;-28,799;-1,14;24,163;95,66
4,81;82,08;-28,81;-1,141;24,162;95,657
4,81;82,1;-28,822;-1,141;24,161;95,653
4,81;82,12;-28,833;-1,142;24,16;95,65
4,81;82,15;-28,845;-1,142;24,159;95,646
4,82;82,17;-28,857;-1,142;24,158;95,643
4,82;82,19;-28,868;-1,143;24,157;95,639
4,82;82,22;-28,879;-1,143;24,156;95,636
4,82;82,24;-28,89;-1,144;24,155;95,632
4,82;82,26;-28,902;-1,144;24,155;95,629
4,83;82,29;-28,913;-1,145;24,154;95,625
4,83;82,31;-28,924;-1,145;24,153;95,621
4,83;82,33;-28,935;-1,146;24,152;95,618
4,83;82,36;-28,947;-1,146;24,151;95,614
4,83;82,38;-28,958;-1,146;24,15;95,611
4,83;82,4;-28,97;-1,147;24,149;95,607
4,84;82,43;-28,98;-1,147;24,148;95,604
4,84;82,45;-28,992;-1,148;24,147;95,6
4,84;82,47;-29,003;-1,148;24,147;95,597
4,84;82,5;-29,014;-1,149;24,146;95,593
4,84;82,52;-29,026;-1,149;24,145;95,59
4,84;82,54;-29,038;-1,15;24,144;95,586
4,85;82,57;-29,049;-1,15;24,143;95,583
4,85;82,59;-29,061;-1,151;24,142;95,579
4,85;82,61;-29,072;-1,151;24,141;95,576
4,85;82,64;-29,083;-1,151;24,14;95,572
4,85;82,66;-29,094;-1,152;24,139;95,569
4,85;82,68;-29,105;-1,152;24,139;95,565
4,85;82,71;-29,116;-1,153;24,138;95,562
4,86;82,73;-29,127;-1,153;24,137;95,558
4,86;82,75;-29,138;-1,154;24,136;95,554
4,86;82,78;-29,149;-1,154;24,135;95,551
4,86;82,8;-29,16;-1,154;24,134;95,547
4,86;82,82;-29,172;-1,155;24,133;95,544
4,86;82,85;-29,182;-1,155;24,132;95,54
4,87;82,87;-29,193;-1,156;24,131;95,537
4,87;82,89;-29,204;-1,156;24,131;95,533
4,87;82,92;-29,215;-1,157;24,13;95,53
4,87;82,94;-29,226;-1,157;24,129;95,526
4,87;82,96;-29,236;-1,157;24,128;95,523
4,88;82,99;-29,247;-1,158;24,127;95,519
4,88;83,01;-29,258;-1,158;24,126;95,516
4,88;83,04;-29,269;-1,159;24,125;95,512
4,88;83,06;-29,279;-1,159;24,124;95,509
4,88;83,08;-29,29;-1,16;24,123;95,505
4,88;83,11;-29,3;-1,16;24,122;95,502
4,89;83,13;-29,311;-1,16;24,122;95,498
4,89;83,15;-29,322;-1,161;24,121;95,494
4,89;83,18;-29,333;-1,161;24,12;95,491
4,89;83,2;-29,343;-1,162;24,119;95,487
4,89;83,22;-29,354;-1,162;24,118;95,484
4,89;83,25;-29,365;-1,163;24,117;95,48
4,9;83,27;-29,376;-1,163;24,116;95,477
4,9;83,29;-29,386;-1,163;24,115;95,473
4,9;83,32;-29,397;-1,164;24,114;95,47
4,9;83,34;-29,408;-1,164;24,114;95,466
4,9;83,37;-29,419;-1,165;24,113;95,463
4,9;83,39;-29,43;-1,165;24,112;95,459
4,9;83,41;-29,441;-1,166;24,111;95,455
4,91;83,44;-29,451;-1,166;24,11;95,452
4,91;83,46;-29,462;-1,166;24,109;95,448
4,91;83,48;-29,473;-1,167;24,108;95,445
4,91;83,51;-29,484;-1,167;24,107;95,441
4,91;83,53;-29,495;-1,168;24,106;95,438
4,91;83,55;-29,505;-1,168;24,105;95,434
4,92;83,58;-29,516;-1,169;24,105;95,431
4,92;83,6;-29,526;-1,169;24,104;95,427
4,92;83,62;-29,537;-1,169;24,103;95,424
4,92;83,65;-29,547;-1,17;24,102;95,42
4,92;83,67;-29,558;-1,17;24,101;95,417
4,93;83,7;-29,569;-1,171;24,1;95,413
4,93;83,72;-29,579;-1,171;24,099;95,41
4,93;83,74;-29,59;-1,171;24,098;95,406
4,93;83,77;-29,599;-1,172;24,097;95,402
4,93;83,79;-29,61;-1,172;24,097;95,399
4,93;83,81;-29,621;-1,173;24,096;95,395
4,94;83,84;-29,632;-1,173;24,095;95,392
4,94;83,86;-29,643;-1,174;24,094;95,388
4,94;83,88;-29,654;-1,174;24,093;95,385
4,94;83,91;-29,664;-1,174;24,092;95,381
4,94;83,93;-29,674;-1,175;24,091;95,378
4,94;83,95;-29,685;-1,175;24,09;95,374
4,95;83,98;-29,696;-1,176;24,089;95,37
4,95;84;-29,706;-1,176;24,088;95,367
4,95;84,03;-29,717;-1,177;24,088;95,363
4,95;84,05;-29,727;-1,177;24,087;95,36
4,95;84,07;-29,738;-1,177;24,086;95,356
4,95;84,1;-29,748;-1,178;24,085;95,353
4,95;84,12;-29,758;-1,178;24,084;95,349
4,96;84,14;-29,768;-1,179;24,083;95,346
4,96;84,17;-29,778;-1,179;24,082;95,342
4,96;84,19;-29,789;-1,179;24,081;95,338
4,96;84,21;-29,799;-1,18;24,08;95,335
4,96;84,24;-29,809;-1,18;24,08;95,331
4,96;84,26;-29,819;-1,181;24,079;95,328
4,97;84,29;-29,83;-1,181;24,078;95,324
4,97;84,31;-29,84;-1,181;24,077;95,321
4,97;84,33;-29,85;-1,182;24,076;95,317
4,97;84,36;-29,861;-1,182;24,075;95,314
4,97;84,38;-29,872;-1,183;24,074;95,31
4,98;84,4;-29,882;-1,183;24,073;95,306
4,98;84,43;-29,892;-1,183;24,072;95,303
4,98;84,45;-29,903;-1,184;24,071;95,299
4,98;84,47;-29,913;-1,184;24,071;95,296
4,98;84,5;-29,923;-1,185;24,07;95,292
4,98;84,52;-29,933;-1,185;24,069;95,289
4,99;84,55;-29,943;-1,185;24,068;95,285
4,99;84,57;-29,953;-1,186;24,067;95,282
4,99;84,59;-29,964;-1,186;24,066;95,278
4,99;84,62;-29,974;-1,187;24,065;95,274
4,99;84,64;-29,984;-1,187;24,064;95,271
4,99;84,66;-29,994;-1,187;24,063;95,267
5;84,69;-30,004;-1,188;24,062;95,264
5;84,71;-30,014;-1,188;24,062;95,26
5;84,73;-30,024;-1,189;24,061;95,257
5;84,76;-30,034;-1,189;24,06;95,253
5;84,78;-30,044;-1,189;24,059;95,249
5;84,8;-30,054;-1,19;24,058;95,246
5;84,83;-30,064;-1,19;24,057;95,242
5,01;84,85;-30,074;-1,191;24,056;95,239
5,01;84,88;-30,084;-1,191;24,055;95,235
5,01;84,9;-30,093;-1,191;24,054;95,232
5,01;84,92;-30,103;-1,192;24,053;95,228
5,01;84,95;-30,113;-1,192;24,053;95,225
5,01;84,97;-30,123;-1,193;24,052;95,221
5,02;84,99;-30,132;-1,193;24,051;95,217
5,02;85,02;-30,141;-1,193;24,05;95,214
5,02;85,04;-30,15;-1,194;24,049;95,21
5,02;85,07;-30,159;-1,194;24,048;95,207
5,02;85,09;-30,168;-1,194;24,047;95,203
5,03;85,11;-30,178;-1,195;24,046;95,2
5,03;85,14;-30,187;-1,195;24,045;95,196
5,03;85,16;-30,197;-1,196;24,044;95,192
5,03;85,18;-30,207;-1,196;24,044;95,189
5,03;85,21;-30,216;-1,196;24,043;95,185
5,03;85,23;-30,226;-1,197;24,042;95,182
5,04;85,26;-30,236;-1,197;24,041;95,178
5,04;85,28;-30,246;-1,197;24,04;95,175
5,04;85,3;-30,255;-1,198;24,039;95,171
5,04;85,33;-30,265;-1,198;24,038;95,168
5,04;85,35;-30,275;-1,199;24,037;95,164
5,04;85,37;-30,285;-1,199;24,036;95,16
5,05;85,4;-30,295;-1,199;24,035;95,157
5,05;85,42;-30,304;-1,2;24,035;95,153
5,05;85,45;-30,314;-1,2;24,034;95,15
5,05;85,47;-30,323;-1,201;24,033;95,146
5,05;85,49;-30,333;-1,201;24,032;95,143
5,05;85,52;-30,342;-1,201;24,031;95,139
5,05;85,54;-30,352;-1,202;24,03;95,135
5,06;85,56;-30,361;-1,202;24,029;95,132
5,06;85,59;-30,371;-1,202;24,028;95,128
5,06;85,61;-30,38;-1,203;24,027;95,125
5,06;85,64;-30,389;-1,203;24,026;95,121
5,06;85,66;-30,398;-1,203;24,026;95,118
5,06;85,68;-30,408;-1,204;24,025;95,114
5,07;85,71;-30,417;-1,204;24,024;95,111
5,07;85,73;-30,426;-1,205;24,023;95,107
5,07;85,75;-30,436;-1,205;24,022;95,103
5,07;85,78;-30,446;-1,205;24,021;95,1
5,07;85,8;-30,455;-1,206;24,02;95,096
5,08;85,83;-30,465;-1,206;24,019;95,093
5,08;85,85;-30,474;-1,206;24,018;95,089
5,08;85,87;-30,483;-1,207;24,017;95,086
5,08;85,9;-30,492;-1,207;24,017;95,082
5,08;85,92;-30,502;-1,208;24,016;95,079
5,08;85,95;-30,511;-1,208;24,015;95,075
5,09;85,97;-30,52;-1,208;24,014;95,071
5,09;85,99;-30,529;-1,209;24,013;95,068
5,09;86,02;-30,538;-1,209;24,012;95,064
5,09;86,04;-30,547;-1,209;24,011;95,061
5,09;86,06;-30,556;-1,21;24,01;95,057
5,09;86,09;-30,566;-1,21;24,009;95,054
5,1;86,11;-30,575;-1,21;24,008;95,05
5,1;86,14;-30,584;-1,211;24,008;95,046
5,1;86,16;-30,593;-1,211;24,007;95,043
5,1;86,18;-30,603;-1,212;24,006;95,039
5,1;86,21;-30,613;-1,212;24,005;95,036
5,1;86,23;-30,622;-1,212;24,004;95,032
5,1;86,26;-30,631;-1,213;24,003;95,029
5,11;86,28;-30,64;-1,213;24,002;95,025
5,11;86,3;-30,649;-1,213;24,001;95,021
5,11;86,33;-30,658;-1,214;24;95,018
5,11;86,35;-30,667;-1,214;23,999;95,014
5,11;86,37;-30,676;-1,214;23,999;95,011
5,11;86,4;-30,684;-1,215;23,998;95,007
5,12;86,42;-30,693;-1,215;23,997;95,004
5,12;86,45;-30,702;-1,216;23,996;95
5,12;86,47;-30,711;-1,216;23,995;94,996
5,12;86,49;-30,719;-1,216;23,994;94,993
5,12;86,52;-30,728;-1,217;23,993;94,989
5,13;86,54;-30,737;-1,217;23,992;94,986
5,13;86,57;-30,746;-1,217;23,991;94,982
5,13;86,59;-30,754;-1,218;23,99;94,979
5,13;86,61;-30,763;-1,218;23,99;94,975
5,13;86,64;-30,772;-1,218;23,989;94,972
5,13;86,66;-30,781;-1,219;23,988;94,968
5,14;86,69;-30,79;-1,219;23,987;94,964
5,14;86,71;-30,798;-1,219;23,986;94,961
5,14;86,73;-30,807;-1,22;23,985;94,957
5,14;86,76;-30,815;-1,22;23,984;94,954
5,14;86,78;-30,824;-1,22;23,983;94,95
5,14;86,81;-30,832;-1,221;23,982;94,947
5,15;86,83;-30,841;-1,221;23,981;94,943
5,15;86,85;-30,85;-1,221;23,981;94,939
5,15;86,88;-30,858;-1,222;23,98;94,936
5,15;86,9;-30,867;-1,222;23,979;94,932
5,15;86,92;-30,876;-1,222;23,978;94,929
5,15;86,95;-30,885;-1,223;23,977;94,925
5,15;86,97;-30,893;-1,223;23,976;94,922
5,16;87;-30,902;-1,223;23,975;94,918
5,16;87,02;-30,91;-1,224;23,974;94,915
5,16;87,04;-30,919;-1,224;23,973;94,911
5,16;87,07;-30,928;-1,224;23,972;94,907
5,16;87,09;-30,937;-1,225;23,972;94,904
5,16;87,12;-30,946;-1,225;23,971;94,9
5,17;87,14;-30,954;-1,225;23,97;94,897
5,17;87,16;-30,963;-1,226;23,969;94,893
5,17;87,19;-30,971;-1,226;23,968;94,89
5,17;87,21;-30,98;-1,227;23,967;94,886
5,17;87,24;-30,989;-1,227;23,966;94,882
5,18;87,26;-30,997;-1,227;23,965;94,879
5,18;87,28;-31,006;-1,228;23,964;94,875
5,18;87,31;-31,014;-1,228;23,963;94,872
5,18;87,33;-31,022;-1,228;23,963;94,868
5,18;87,36;-31,03;-1,228;23,962;94,865
5,18;87,38;-31,038;-1,229;23,961;94,861
5,19;87,4;-31,046;-1,229;23,96;94,858
5,19;87,43;-31,055;-1,229;23,959;94,854
5,19;87,45;-31,063;-1,23;23,958;94,85
5,19;87,48;-31,071;-1,23;23,957;94,847
5,19;87,5;-31,08;-1,23;23,956;94,843
5,19;87,52;-31,088;-1,231;23,955;94,84
5,2;87,55;-31,096;-1,231;23,954;94,836
5,2;87,57;-31,105;-1,231;23,954;94,833
5,2;87,6;-31,113;-1,232;23,953;94,829
5,2;87,62;-31,121;-1,232;23,952;94,825
5,2;87,64;-31,13;-1,232;23,951;94,822
5,2;87,67;-31,138;-1,233;23,95;94,818
5,2;87,69;-31,146;-1,233;23,949;94,815
5,21;87,72;-31,154;-1,233;23,948;94,811
5,21;87,74;-31,163;-1,234;23,947;94,808
5,21;87,77;-31,171;-1,234;23,946;94,804
5,21;87,79;-31,179;-1,234;23,945;94,8
5,21;87,81;-31,187;-1,235;23,944;94,797
5,21;87,84;-31,195;-1,235;23,944;94,793
5,22;87,86;-31,203;-1,235;23,943;94,79
5,22;87,89;-31,212;-1,236;23,942;94,786
5,22;87,91;-31,22;-1,236;23,941;94,783
5,22;87,93;-31,228;-1,236;23,94;94,779
5,22;87,96;-31,236;-1,237;23,939;94,775
5,23;87,98;-31,245;-1,237;23,938;94,772
5,23;88,01;-31,253;-1,237;23,937;94,768
5,23;88,03;-31,261;-1,238;23,936;94,765
5,23;88,05;-31,269;-1,238;23,935;94,761
5,23;88,08;-31,277;-1,238;23,935;94,757
5,23;88,1;-31,284;-1,239;23,934;94,754
5,24;88,13;-31,292;-1,239;23,933;94,75
5,24;88,15;-31,299;-1,239;23,932;94,747
5,24;88,17;-31,307;-1,239;23,931;94,743
5,24;88,2;-31,314;-1,24;23,93;94,74
5,24;88,22;-31,322;-1,24;23,929;94,736
5,24;88,25;-31,329;-1,24;23,928;94,732
5,25;88,27;-31,337;-1,241;23,927;94,729
5,25;88,29;-31,345;-1,241;23,926;94,725
5,25;88,32;-31,352;-1,241;23,926;94,722
5,25;88,34;-31,36;-1,242;23,925;94,718
5,25;88,37;-31,368;-1,242;23,924;94,715
5,25;88,39;-31,376;-1,242;23,923;94,711
5,25;88,42;-31,384;-1,242;23,922;94,708
5,26;88,44;-31,391;-1,243;23,921;94,704
5,26;88,46;-31,4;-1,243;23,92;94,7
5,26;88,49;-31,407;-1,243;23,919;94,697
5,26;88,51;-31,416;-1,244;23,918;94,693
5,26;88,54;-31,424;-1,244;23,917;94,69
5,26;88,56;-31,431;-1,244;23,917;94,686
5,27;88,58;-31,439;-1,245;23,916;94,682
5,27;88,61;-31,447;-1,245;23,915;94,679
5,27;88,63;-31,455;-1,245;23,914;94,675
5,27;88,66;-31,462;-1,246;23,913;94,672
5,27;88,68;-31,47;-1,246;23,912;94,668
5,28;88,7;-31,478;-1,246;23,911;94,665
5,28;88,73;-31,486;-1,247;23,91;94,661
5,28;88,75;-31,494;-1,247;23,909;94,657
5,28;88,78;-31,502;-1,247;23,908;94,654
5,28;88,8;-31,509;-1,247;23,907;94,65
5,28;88,83;-31,517;-1,248;23,907;94,647
5,29;88,85;-31,524;-1,248;23,906;94,643
5,29;88,87;-31,533;-1,248;23,905;94,64
5,29;88,9;-31,54;-1,249;23,904;94,636
5,29;88,92;-31,548;-1,249;23,903;94,632
5,29;88,95;-31,555;-1,249;23,902;94,629
5,29;88,97;-31,563;-1,25;23,901;94,625
5,3;88,99;-31,57;-1,25;23,9;94,622
5,3;89,02;-31,577;-1,25;23,899;94,618
5,3;89,04;-31,585;-1,25;23,898;94,615
5,3;89,07;-31,592;-1,251;23,898;94,611
5,3;89,09;-31,599;-1,251;23,897;94,608
5,3;89,12;-31,606;-1,251;23,896;94,604
5,3;89,14;-31,613;-1,252;23,895;94,6
5,31;89,16;-31,62;-1,252;23,894;94,597
5,31;89,19;-31,627;-1,252;23,893;94,593
5,31;89,21;-31,634;-1,252;23,892;94,59
5,31;89,24;-31,641;-1,253;23,891;94,586
5,31;89,26;-31,649;-1,253;23,89;94,583
5,31;89,29;-31,656;-1,253;23,889;94,579
5,32;89,31;-31,663;-1,254;23,889;94,575
5,32;89,33;-31,67;-1,254;23,888;94,572
5,32;89,36;-31,677;-1,254;23,887;94,568
5,32;89,38;-31,685;-1,254;23,886;94,565
5,32;89,41;-31,693;-1,255;23,885;94,561
5,33;89,43;-31,7;-1,255;23,884;94,558
5,33;89,45;-31,707;-1,255;23,883;94,554
5,33;89,48;-31,714;-1,256;23,882;94,551
5,33;89,5;-31,721;-1,256;23,881;94,547
5,33;89,53;-31,728;-1,256;23,88;94,543
5,33;89,55;-31,735;-1,256;23,88;94,54
5,34;89,58;-31,742;-1,257;23,879;94,536
5,34;89,6;-31,748;-1,257;23,878;94,533
5,34;89,62;-31,755;-1,257;23,877;94,529
5,34;89,65;-31,762;-1,257;23,876;94,526
5,34;89,67;-31,768;-1,258;23,875;94,522
5,34;89,7;-31,775;-1,258;23,874;94,519
5,35;89,72;-31,782;-1,258;23,873;94,515
5,35;89,75;-31,789;-1,259;23,872;94,511
5,35;89,77;-31,795;-1,259;23,872;94,508
5,35;89,8;-31,802;-1,259;23,871;94,504
5,35;89,82;-31,809;-1,259;23,87;94,501
5,35;89,84;-31,816;-1,26;23,869;94,497
5,35;89,87;-31,823;-1,26;23,868;94,494
5,36;89,89;-31,829;-1,26;23,867;94,49
5,36;89,92;-31,836;-1,26;23,866;94,487
5,36;89,94;-31,842;-1,261;23,865;94,483
5,36;89,97;-31,849;-1,261;23,864;94,479
5,36;89,99;-31,855;-1,261;23,863;94,476
5,36;90,01;-31,862;-1,261;23,863;94,472
5,37;90,04;-31,868;-1,262;23,862;94,469
5,37;90,06;-31,875;-1,262;23,861;94,465
5,37;90,09;-31,881;-1,262;23,86;94,462
5,37;90,11;-31,887;-1,262;23,859;94,458
5,37;90,14;-31,894;-1,263;23,858;94,454
5,38;90,16;-31,9;-1,263;23,857;94,451
5,38;90,19;-31,906;-1,263;23,856;94,447
5,38;90,21;-31,913;-1,263;23,855;94,444
5,38;90,23;-31,92;-1,264;23,854;94,44
5,38;90,26;-31,926;-1,264;23,854;94,437
5,38;90,28;-31,933;-1,264;23,853;94,433
5,39;90,31;-31,94;-1,264;23,852;94,43
5,39;90,33;-31,946;-1,265;23,851;94,426
5,39;90,36;-31,953;-1,265;23,85;94,422
5,39;90,38;-31,96;-1,265;23,849;94,419
5,39;90,4;-31,967;-1,266;23,848;94,415
5,39;90,43;-31,973;-1,266;23,847;94,412
5,4;90,45;-31,979;-1,266;23,846;94,408
5,4;90,48;-31,985;-1,266;23,845;94,405
5,4;90,5;-31,992;-1,267;23,845;94,401
5,4;90,53;-31,999;-1,267;23,844;94,397
5,4;90,55;-32,005;-1,267;23,843;94,394
5,4;90,57;-32,011;-1,267;23,842;94,39
5,4;90,6;-32,017;-1,268;23,841;94,387
5,41;90,62;-32,023;-1,268;23,84;94,383
5,41;90,65;-32,029;-1,268;23,839;94,38
5,41;90,67;-32,036;-1,268;23,838;94,376
5,41;90,7;-32,042;-1,269;23,837;94,373
5,41;90,72;-32,048;-1,269;23,836;94,369
5,41;90,75;-32,053;-1,269;23,836;94,365
5,42;90,77;-32,06;-1,269;23,835;94,362
5,42;90,79;-32,066;-1,27;23,834;94,358
5,42;90,82;-32,073;-1,27;23,833;94,355
5,42;90,84;-32,079;-1,27;23,832;94,351
5,42;90,87;-32,085;-1,27;23,831;94,348
5,43;90,89;-32,091;-1,27;23,83;94,344
5,43;90,92;-32,097;-1,271;23,829;94,341
5,43;90,94;-32,102;-1,271;23,828;94,337
5,43;90,97;-32,109;-1,271;23,827;94,333
5,43;90,99;-32,115;-1,271;23,827;94,33
5,43;91,01;-32,121;-1,272;23,826;94,326
5,44;91,04;-32,127;-1,272;23,825;94,323
5,44;91,06;-32,133;-1,272;23,824;94,319
5,44;91,09;-32,138;-1,272;23,823;94,316
5,44;91,11;-32,145;-1,273;23,822;94,312
5,44;91,14;-32,15;-1,273;23,821;94,309
5,44;91,16;-32,156;-1,273;23,82;94,305
5,45;91,19;-32,162;-1,273;23,819;94,301
5,45;91,21;-32,168;-1,274;23,818;94,298
5,45;91,23;-32,173;-1,274;23,818;94,294
5,45;91,26;-32,179;-1,274;23,817;94,291
5,45;91,28;-32,185;-1,274;23,816;94,287
5,45;91,31;-32,191;-1,274;23,815;94,284
5,45;91,33;-32,196;-1,275;23,814;94,28
5,46;91,36;-32,202;-1,275;23,813;94,277
5,46;91,38;-32,208;-1,275;23,812;94,273
5,46;91,41;-32,214;-1,275;23,811;94,27
5,46;91,43;-32,219;-1,276;23,81;94,266
5,46;91,45;-32,225;-1,276;23,81;94,263
5,46;91,48;-32,23;-1,276;23,809;94,259
5,47;91,5;-32,236;-1,276;23,808;94,255
5,47;91,53;-32,242;-1,276;23,807;94,252
5,47;91,55;-32,248;-1,277;23,806;94,248
5,47;91,58;-32,253;-1,277;23,805;94,245
5,47;91,6;-32,258;-1,277;23,804;94,241
5,48;91,63;-32,264;-1,277;23,803;94,238
5,48;91,65;-32,27;-1,278;23,802;94,234
5,48;91,67;-32,275;-1,278;23,802;94,231
5,48;91,7;-32,281;-1,278;23,801;94,227
5,48;91,72;-32,287;-1,278;23,8;94,224
5,48;91,75;-32,292;-1,278;23,799;94,22
5,49;91,77;-32,298;-1,279;23,798;94,217
5,49;91,8;-32,304;-1,279;23,797;94,213
5,49;91,82;-32,31;-1,279;23,796;94,21
5,49;91,85;-32,315;-1,279;23,795;94,206
5,49;91,87;-32,321;-1,28;23,794;94,202
5,49;91,89;-32,326;-1,28;23,793;94,199
5,5;91,92;-32,332;-1,28;23,793;94,195
5,5;91,94;-32,337;-1,28;23,792;94,192
5,5;91,97;-32,343;-1,28;23,791;94,188
5,5;91,99;-32,349;-1,281;23,79;94,185
5,5;92,02;-32,354;-1,281;23,789;94,181
5,5;92,04;-32,359;-1,281;23,788;94,178
5,5;92,07;-32,364;-1,281;23,787;94,174
5,51;92,09;-32,37;-1,282;23,786;94,171
5,51;92,11;-32,375;-1,282;23,785;94,167
5,51;92,14;-32,381;-1,282;23,785;94,164
5,51;92,16;-32,386;-1,282;23,784;94,16
5,51;92,19;-32,391;-1,282;23,783;94,157
5,51;92,21;-32,395;-1,283;23,782;94,153
5,52;92,24;-32,4;-1,283;23,781;94,149
5,52;92,26;-32,405;-1,283;23,78;94,146
5,52;92,29;-32,411;-1,283;23,779;94,142
5,52;92,31;-32,416;-1,283;23,778;94,139
5,52;92,34;-32,422;-1,284;23,777;94,135
5,53;92,36;-32,427;-1,284;23,777;94,132
5,53;92,39;-32,432;-1,284;23,776;94,128
5,53;92,41;-32,438;-1,284;23,775;94,125
5,53;92,43;-32,443;-1,284;23,774;94,121
5,53;92,46;-32,448;-1,285;23,773;94,118
5,53;92,48;-32,454;-1,285;23,772;94,114
5,54;92,51;-32,459;-1,285;23,771;94,111
5,54;92,53;-32,464;-1,285;23,77;94,107
5,54;92,56;-32,469;-1,285;23,769;94,104
5,54;92,58;-32,475;-1,286;23,768;94,1
5,54;92,61;-32,479;-1,286;23,768;94,097
5,54;92,63;-32,484;-1,286;23,767;94,093
5,55;92,66;-32,489;-1,286;23,766;94,089
5,55;92,68;-32,494;-1,286;23,765;94,086
5,55;92,7;-32,499;-1,287;23,764;94,082
5,55;92,73;-32,504;-1,287;23,763;94,079
5,55;92,75;-32,508;-1,287;23,762;94,075
5,55;92,78;-32,512;-1,287;23,761;94,072
5,55;92,8;-32,517;-1,287;23,76;94,068
5,56;92,83;-32,522;-1,288;23,76;94,065
5,56;92,85;-32,527;-1,288;23,759;94,061
5,56;92,88;-32,531;-1,288;23,758;94,058
5,56;92,9;-32,535;-1,288;23,757;94,054
5,56;92,93;-32,539;-1,288;23,756;94,051
5,56;92,95;-32,544;-1,288;23,755;94,047
5,57;92,98;-32,548;-1,289;23,754;94,044
5,57;93;-32,552;-1,289;23,753;94,04
5,57;93,02;-32,557;-1,289;23,752;94,037
5,57;93,05;-32,561;-1,289;23,752;94,033
5,57;93,07;-32,566;-1,289;23,751;94,029
5,58;93,1;-32,57;-1,289;23,75;94,026
5,58;93,12;-32,575;-1,29;23,749;94,022
5,58;93,15;-32,579;-1,29;23,748;94,019
5,58;93,17;-32,583;-1,29;23,747;94,015
5,58;93,2;-32,588;-1,29;23,746;94,012
5,58;93,22;-32,592;-1,29;23,745;94,008
5,59;93,25;-32,596;-1,29;23,744;94,005
5,59;93,27;-32,6;-1,291;23,744;94,001
5,59;93,3;-32,605;-1,291;23,743;93,998
5,59;93,32;-32,609;-1,291;23,742;93,994
5,59;93,35;-32,613;-1,291;23,741;93,991
5,59;93,37;-32,617;-1,291;23,74;93,987
5,6;93,39;-32,621;-1,291;23,739;93,984
5,6;93,42;-32,625;-1,292;23,738;93,98
5,6;93,44;-32,63;-1,292;23,737;93,977
5,6;93,47;-32,634;-1,292;23,736;93,973
5,6;93,49;-32,638;-1,292;23,736;93,97
5,6;93,52;-32,642;-1,292;23,735;93,966
5,6;93,54;-32,646;-1,292;23,734;93,963
5,61;93,57;-32,65;-1,293;23,733;93,959
5,61;93,59;-32,654;-1,293;23,732;93,956
5,61;93,62;-32,658;-1,293;23,731;93,952
5,61;93,64;-32,662;-1,293;23,73;93,949
5,61;93,67;-32,665;-1,293;23,729;93,945
5,61;93,69;-32,669;-1,293;23,728;93,942
5,62;93,72;-32,673;-1,294;23,728;93,938
5,62;93,74;-32,677;-1,294;23,727;93,935
5,62;93,77;-32,682;-1,294;23,726;93,931
5,62;93,79;-32,685;-1,294;23,725;93,928
5,62;93,81;-32,689;-1,294;23,724;93,924
5,63;93,84;-32,694;-1,294;23,723;93,921
5,63;93,86;-32,698;-1,295;23,722;93,917
5,63;93,89;-32,701;-1,295;23,721;93,914
5,63;93,91;-32,706;-1,295;23,721;93,91
5,63;93,94;-32,71;-1,295;23,72;93,907
5,63;93,96;-32,714;-1,295;23,719;93,903
5,64;93,99;-32,718;-1,295;23,718;93,9
5,64;94,01;-32,722;-1,295;23,717;93,896
5,64;94,04;-32,726;-1,296;23,716;93,893
5,64;94,06;-32,73;-1,296;23,715;93,889
5,64;94,09;-32,734;-1,296;23,714;93,886
5,64;94,11;-32,737;-1,296;23,713;93,882
5,65;94,14;-32,741;-1,296;23,713;93,879
5,65;94,16;-32,746;-1,296;23,712;93,875
5,65;94,19;-32,749;-1,297;23,711;93,871
5,65;94,21;-32,753;-1,297;23,71;93,868
5,65;94,23;-32,757;-1,297;23,709;93,864
5,65;94,26;-32,761;-1,297;23,708;93,861
5,65;94,28;-32,765;-1,297;23,707;93,857
5,66;94,31;-32,769;-1,297;23,706;93,854
5,66;94,33;-32,772;-1,297;23,705;93,85
5,66;94,36;-32,775;-1,298;23,705;93,847
5,66;94,38;-32,779;-1,298;23,704;93,843
5,66;94,41;-32,782;-1,298;23,703;93,84
5,66;94,43;-32,786;-1,298;23,702;93,836
5,67;94,46;-32,79;-1,298;23,701;93,833
5,67;94,48;-32,793;-1,298;23,7;93,829
5,67;94,51;-32,797;-1,298;23,699;93,826
5,67;94,53;-32,801;-1,299;23,698;93,822
5,67;94,56;-32,805;-1,299;23,697;93,819
5,68;94,58;-32,808;-1,299;23,697;93,815
5,68;94,61;-32,812;-1,299;23,696;93,812
5,68;94,63;-32,816;-1,299;23,695;93,808
5,68;94,66;-32,82;-1,299;23,694;93,805
5,68;94,68;-32,824;-1,3;23,693;93,801
5,68;94,7;-32,828;-1,3;23,692;93,798
5,69;94,73;-32,832;-1,3;23,691;93,794
5,69;94,75;-32,836;-1,3;23,69;93,791
5,69;94,78;-32,839;-1,3;23,69;93,787
5,69;94,8;-32,843;-1,3;23,689;93,784
5,69;94,83;-32,847;-1,3;23,688;93,78
5,69;94,85;-32,851;-1,301;23,687;93,777
5,7;94,88;-32,855;-1,301;23,686;93,774
5,7;94,9;-32,858;-1,301;23,685;93,77
5,7;94,93;-32,862;-1,301;23,684;93,767
5,7;94,95;-32,865;-1,301;23,683;93,763
5,7;94,98;-32,869;-1,301;23,682;93,76
5,7;95;-32,872;-1,301;23,682;93,756
5,7;95,03;-32,876;-1,302;23,681;93,753
5,71;95,05;-32,879;-1,302;23,68;93,749
5,71;95,08;-32,882;-1,302;23,679;93,746
5,71;95,1;-32,886;-1,302;23,678;93,742
5,71;95,13;-32,889;-1,302;23,677;93,739
5,71;95,15;-32,893;-1,302;23,676;93,735
5,71;95,18;-32,896;-1,302;23,675;93,732
5,72;95,2;-32,899;-1,302;23,675;93,728
5,72;95,23;-32,903;-1,303;23,674;93,725
5,72;95,25;-32,906;-1,303;23,673;93,721
5,72;95,28;-32,909;-1,303;23,672;93,718
5,72;95,3;-32,913;-1,303;23,671;93,714
5,73;95,32;-32,916;-1,303;23,67;93,711
5,73;95,35;-32,92;-1,303;23,669;93,707
5,73;95,37;-32,924;-1,303;23,668;93,704
5,73;95,4;-32,927;-1,304;23,668;93,7
5,73;95,42;-32,931;-1,304;23,667;93,697
5,73;95,45;-32,934;-1,304;23,666;93,693
5,74;95,47;-32,938;-1,304;23,665;93,69
5,74;95,5;-32,941;-1,304;23,664;93,687
5,74;95,52;-32,944;-1,304;23,663;93,683
5,74;95,55;-32,948;-1,304;23,662;93,68
5,74;95,57;-32,952;-1,305;23,661;93,676
5,74;95,6;-32,955;-1,305;23,661;93,673
5,75;95,62;-32,959;-1,305;23,66;93,669
5,75;95,65;-32,962;-1,305;23,659;93,666
5,75;95,67;-32,965;-1,305;23,658;93,662
5,75;95,7;-32,968;-1,305;23,657;93,659
5,75;95,72;-32,972;-1,305;23,656;93,655
5,75;95,75;-32,975;-1,305;23,655;93,652
5,75;95,77;-32,978;-1,306;23,654;93,648
5,76;95,8;-32,981;-1,306;23,654;93,645
5,76;95,82;-32,985;-1,306;23,653;93,642
5,76;95,85;-32,988;-1,306;23,652;93,638
5,76;95,87;-32,991;-1,306;23,651;93,635
5,76;95,9;-32,994;-1,306;23,65;93,631
5,76;95,92;-32,998;-1,306;23,649;93,628
5,77;95,95;-33,001;-1,307;23,648;93,624
5,77;95,97;-33,004;-1,307;23,647;93,621
5,77;95,99;-33,007;-1,307;23,647;93,617
5,77;96,02;-33,01;-1,307;23,646;93,614
5,77;96,04;-33,014;-1,307;23,645;93,61
5,78;96,07;-33,017;-1,307;23,644;93,607
5,78;96,09;-33,02;-1,307;23,643;93,604
5,78;96,12;-33,023;-1,307;23,642;93,6
5,78;96,14;-33,026;-1,307;23,641;93,597
5,78;96,17;-33,029;-1,308;23,64;93,593
5,78;96,19;-33,032;-1,308;23,64;93,59
5,79;96,22;-33,035;-1,308;23,639;93,586
5,79;96,24;-33,037;-1,308;23,638;93,583
5,79;96,27;-33,041;-1,308;23,637;93,579
5,79;96,29;-33,044;-1,308;23,636;93,576
5,79;96,32;-33,047;-1,308;23,635;93,572
5,79;96,34;-33,05;-1,308;23,634;93,569
5,8;96,37;-33,053;-1,309;23,633;93,566
5,8;96,39;-33,056;-1,309;23,633;93,562
5,8;96,42;-33,059;-1,309;23,632;93,559
5,8;96,44;-33,062;-1,309;23,631;93,555
5,8;96,47;-33,065;-1,309;23,63;93,552
5,8;96,49;-33,068;-1,309;23,629;93,548
5,8;96,52;-33,071;-1,309;23,628;93,545
5,81;96,54;-33,073;-1,309;23,627;93,542
5,81;96,57;-33,076;-1,309;23,627;93,538
5,81;96,59;-33,079;-1,31;23,626;93,535
5,81;96,62;-33,081;-1,31;23,625;93,531
5,81;96,64;-33,084;-1,31;23,624;93,528
5,81;96,67;-33,086;-1,31;23,623;93,524
5,82;96,69;-33,089;-1,31;23,622;93,521
5,82;96,72;-33,091;-1,31;23,621;93,518
5,82;96,74;-33,094;-1,31;23,621;93,514
5,82;96,77;-33,096;-1,31;23,62;93,511
5,82;96,79;-33,098;-1,31;23,619;93,507
5,83;96,82;-33,1;-1,31;23,618;93,504
5,83;96,84;-33,103;-1,311;23,617;93,5
5,83;96,87;-33,105;-1,311;23,616;93,497
5,83;96,89;-33,108;-1,311;23,615;93,494
5,83;96,92;-33,11;-1,311;23,614;93,49
5,83;96,94;-33,112;-1,311;23,614;93,487
5,84;96,97;-33,115;-1,311;23,613;93,483
5,84;96,99;-33,117;-1,311;23,612;93,48
5,84;97,02;-33,119;-1,311;23,611;93,477
5,84;97,04;-33,121;-1,311;23,61;93,473
5,84;97,07;-33,123;-1,311;23,609;93,47
5,84;97,09;-33,125;-1,311;23,608;93,466
5,85;97,12;-33,127;-1,311;23,608;93,463
5,85;97,14;-33,128;-1,312;23,607;93,46
5,85;97,17;-33,13;-1,312;23,606;93,456
5,85;97,19;-33,132;-1,312;23,605;93,453
5,85;97,22;-33,134;-1,312;23,604;93,449
5,85;97,24;-33,137;-1,312;23,603;93,446
5,85;97,27;-33,138;-1,312;23,602;93,443
5,86;97,29;-33,14;-1,312;23,602;93,439
5,86;97,32;-33,142;-1,312;23,601;93,436
5,86;97,34;-33,143;-1,312;23,6;93,432
5,86;97,37;-33,145;-1,312;23,599;93,429
5,86;97,39;-33,147;-1,312;23,598;93,426
5,86;97,42;-33,148;-1,312;23,597;93,422
5,87;97,44;-33,15;-1,312;23,596;93,419
5,87;97,47;-33,152;-1,312;23,596;93,415
5,87;97,49;-33,153;-1,313;23,595;93,412
5,87;97,52;-33,155;-1,313;23,594;93,409
5,87;97,54;-33,156;-1,313;23,593;93,405
5,88;97,57;-33,157;-1,313;23,592;93,402
5,88;97,59;-33,158;-1,313;23,591;93,398
5,88;97,62;-33,16;-1,313;23,59;93,395
5,88;97,64;-33,161;-1,313;23,59;93,392
5,88;97,67;-33,163;-1,313;23,589;93,388
5,88;97,69;-33,164;-1,313;23,588;93,385
5,89;97,72;-33,166;-1,313;23,587;93,381
5,89;97,74;-33,167;-1,313;23,586;93,378
5,89;97,77;-33,168;-1,313;23,585;93,375
5,89;97,79;-33,169;-1,313;23,584;93,371
5,89;97,82;-33,17;-1,313;23,584;93,368
5,89;97,84;-33,171;-1,313;23,583;93,364
5,9;97,87;-33,172;-1,313;23,582;93,361
5,9;97,89;-33,173;-1,313;23,581;93,358
5,9;97,92;-33,175;-1,313;23,58;93,354
5,9;97,94;-33,176;-1,313;23,579;93,351
5,9;97,97;-33,177;-1,313;23,578;93,348
5,9;97,99;-33,178;-1,314;23,578;93,344
5,9;98,02;-33,18;-1,314;23,577;93,341
5,91;98,04;-33,181;-1,314;23,576;93,337
5,91;98,07;-33,182;-1,314;23,575;93,334
5,91;98,09;-33,183;-1,314;23,574;93,331
5,91;98,12;-33,184;-1,314;23,573;93,327
5,91;98,14;-33,185;-1,314;23,572;93,324
5,91;98,17;-33,186;-1,314;23,572;93,321
5,92;98,19;-33,187;-1,314;23,571;93,317
5,92;98,22;-33,188;-1,314;23,57;93,314
5,92;98,24;-33,189;-1,314;23,569;93,31
5,92;98,27;-33,19;-1,314;23,568;93,307
5,92;98,29;-33,191;-1,314;23,567;93,304
5,93;98,32;-33,192;-1,314;23,566;93,3
5,93;98,34;-33,193;-1,314;23,566;93,297
5,93;98,37;-33,194;-1,314;23,565;93,294
5,93;98,39;-33,195;-1,314;23,564;93,29
5,93;98,42;-33,195;-1,314;23,563;93,287
5,93;98,44;-33,196;-1,314;23,562;93,284
5,94;98,47;-33,197;-1,314;23,561;93,28
5,94;98,49;-33,197;-1,314;23,561;93,277
5,94;98,52;-33,198;-1,314;23,56;93,274
5,94;98,54;-33,199;-1,314;23,559;93,27
5,94;98,57;-33,199;-1,314;23,558;93,267
5,94;98,59;-33,2;-1,314;23,557;93,263
5,95;98,62;-33,201;-1,314;23,556;93,26
5,95;98,64;-33,201;-1,314;23,555;93,257
5,95;98,67;-33,202;-1,314;23,555;93,253
5,95;98,69;-33,202;-1,314;23,554;93,25
5,95;98,72;-33,203;-1,315;23,553;93,247
5,95;98,74;-33,204;-1,315;23,552;93,243
5,95;98,77;-33,205;-1,315;23,551;93,24
5,96;98,79;-33,205;-1,315;23,55;93,237
5,96;98,82;-33,206;-1,315;23,55;93,233
5,96;98,84;-33,207;-1,315;23,549;93,23
5,96;98,87;-33,207;-1,315;23,548;93,227
5,96;98,9;-33,208;-1,315;23,547;93,224
5,96;98,92;-33,208;-1,315;23,546;93,22
5,97;98,95;-33,209;-1,315;23,545;93,217
5,97;98,97;-33,209;-1,315;23,545;93,214
5,97;99;-33,21;-1,315;23,544;93,21
5,97;99,02;-33,21;-1,315;23,543;93,207
5,97;99,05;-33,21;-1,315;23,542;93,204
5,98;99,07;-33,211;-1,315;23,541;93,2
5,98;99,1;-33,211;-1,315;23,54;93,197
5,98;99,12;-33,212;-1,315;23,54;93,194
5,98;99,15;-33,212;-1,315;23,539;93,19
5,98;99,17;-33,213;-1,315;23,538;93,187
5,98;99,2;-33,213;-1,315;23,537;93,184
5,99;99,22;-33,213;-1,315;23,536;93,18
5,99;99,25;-33,214;-1,315;23,535;93,177
5,99;99,27;-33,214;-1,315;23,535;93,174
5,99;99,3;-33,214;-1,315;23,534;93,17
5,99;99,32;-33,214;-1,315;23,533;93,167
5,99;99,35;-33,214;-1,315;23,532;93,164
6;99,37;-33,214;-1,315;23,531;93,161
6;99,4;-33,214;-1,315;23,53;93,157
6;99,42;-33,215;-1,315;23,53;93,154
6;99,45;-33,215;-1,315;23,529;93,151
6;99,47;-33,215;-1,315;23,528;93,147
6;99,5;-33,215;-1,315;23,527;93,144
6;99,52;-33,215;-1,315;23,526;93,141
6,01;99,55;-33,215;-1,315;23,525;93,137
6,01;99,57;-33,215;-1,315;23,525;93,134
6,01;99,6;-33,215;-1,315;23,524;93,131
6,01;99,62;-33,215;-1,315;23,523;93,128
6,01;99,65;-33,215;-1,315;23,522;93,124
6,01;99,67;-33,215;-1,315;23,521;93,121
6,02;99,7;-33,215;-1,315;23,52;93,118
6,02;99,73;-33,215;-1,315;23,52;93,114
6,02;99,75;-33,214;-1,315;23,519;93,111
6,02;99,78;-33,214;-1,315;23,518;93,108
6,02;99,8;-33,214;-1,315;23,517;93,105
6,03;99,83;-33,214;-1,315;23,516;93,101
6,03;99,85;-33,214;-1,315;23,515;93,098
6,03;99,88;-33,213;-1,315;23,515;93,095
6,03;99,9;-33,213;-1,315;23,514;93,092
6,03;99,93;-33,213;-1,315;23,513;93,088
6,03;99,95;-33,212;-1,315;23,512;93,085
6,04;99,98;-33,212;-1,315;23,511;93,082
6,04;100;-33,212;-1,315;23,51;93,079
6,04;100,03;-33,211;-1,315;23,51;93,075
6,04;100,05;-33,211;-1,315;23,509;93,072
6,04;100,08;-33,21;-1,315;23,508;93,069
6,04;100,1;-33,21;-1,315;23,507;93,065
6,05;100,13;-33,209;-1,315;23,506;93,062
6,05;100,15;-33,209;-1,315;23,506;93,059
6,05;100,18;-33,208;-1,315;23,505;93,056
6,05;100,2;-33,207;-1,315;23,504;93,053
6,05;100,23;-33,207;-1,315;23,503;93,049
6,05;100,26;-33,206;-1,315;23,502;93,046
6,05;100,28;-33,205;-1,315;23,501;93,043
6,06;100,31;-33,205;-1,315;23,501;93,04
6,06;100,33;-33,204;-1,315;23,5;93,036
6,06;100,36;-33,203;-1,315;23,499;93,033
6,06;100,38;-33,202;-1,314;23,498;93,03
6,06;100,41;-33,201;-1,314;23,497;93,027
6,06;100,43;-33,201;-1,314;23,497;93,023
6,07;100,46;-33,2;-1,314;23,496;93,02
6,07;100,48;-33,199;-1,314;23,495;93,017
6,07;100,51;-33,198;-1,314;23,494;93,014
6,07;100,53;-33,197;-1,314;23,493;93,011
6,07;100,56;-33,196;-1,314;23,492;93,007
6,08;100,58;-33,195;-1,314;23,492;93,004
6,08;100,61;-33,194;-1,314;23,491;93,001
6,08;100,63;-33,193;-1,314;23,49;92,998
6,08;100,66;-33,192;-1,314;23,489;92,995
6,08;100,69;-33,191;-1,314;23,488;92,991
6,08;100,71;-33,19;-1,314;23,488;92,988
6,09;100,74;-33,188;-1,314;23,487;92,985
6,09;100,76;-33,187;-1,314;23,486;92,982
6,09;100,79;-33,186;-1,314;23,485;92,979
6,09;100,81;-33,185;-1,314;23,484;92,975
6,09;100,84;-33,184;-1,314;23,484;92,972
6,09;100,86;-33,183;-1,314;23,483;92,969
6,1;100,89;-33,181;-1,314;23,482;92,966
6,1;100,91;-33,18;-1,314;23,481;92,963
6,1;100,94;-33,179;-1,314;23,48;92,959
6,1;100,96;-33,178;-1,314;23,48;92,956
6,1;100,99;-33,177;-1,313;23,479;92,953
6,1;101,01;-33,176;-1,313;23,478;92,95
6,1;101,04;-33,175;-1,313;23,477;92,947
6,11;101,07;-33,174;-1,313;23,476;92,944
6,11;101,09;-33,172;-1,313;23,476;92,94
6,11;101,12;-33,171;-1,313;23,475;92,937
6,11;101,14;-33,17;-1,313;23,474;92,934
6,11;101,17;-33,168;-1,313;23,473;92,931
6,11;101,19;-33,167;-1,313;23,472;92,928
6,12;101,22;-33,165;-1,313;23,472;92,925
6,12;101,24;-33,164;-1,313;23,471;92,921
6,12;101,27;-33,162;-1,313;23,47;92,918
6,12;101,29;-33,161;-1,313;23,469;92,915
6,12;101,32;-33,159;-1,313;23,468;92,912
6,13;101,34;-33,157;-1,313;23,468;92,909
6,13;101,37;-33,156;-1,313;23,467;92,906
6,13;101,4;-33,154;-1,313;23,466;92,902
6,13;101,42;-33,153;-1,313;23,465;92,899
6,13;101,45;-33,151;-1,312;23,464;92,896
6,13;101,47;-33,149;-1,312;23,464;92,893
6,14;101,5;-33,147;-1,312;23,463;92,89
6,14;101,52;-33,146;-1,312;23,462;92,887
6,14;101,55;-33,144;-1,312;23,461;92,884
6,14;101,57;-33,142;-1,312;23,46;92,88
6,14;101,6;-33,14;-1,312;23,46;92,877
6,14;101,62;-33,138;-1,312;23,459;92,874
6,15;101,65;-33,137;-1,312;23,458;92,871
6,15;101,68;-33,135;-1,312;23,457;92,868
6,15;101,7;-33,133;-1,312;23,457;92,865
6,15;101,73;-33,131;-1,312;23,456;92,862
6,15;101,75;-33,129;-1,312;23,455;92,859
6,15;101,78;-33,127;-1,312;23,454;92,856
6,15;101,8;-33,125;-1,311;23,453;92,852
6,16;101,83;-33,123;-1,311;23,453;92,849
6,16;101,85;-33,121;-1,311;23,452;92,846
6,16;101,88;-33,119;-1,311;23,451;92,843
6,16;101,9;-33,117;-1,311;23,45;92,84
6,16;101,93;-33,115;-1,311;23,449;92,837
6,16;101,96;-33,113;-1,311;23,449;92,834
6,17;101,98;-33,111;-1,311;23,448;92,831
6,17;102,01;-33,108;-1,311;23,447;92,828
6,17;102,03;-33,106;-1,311;23,446;92,825
6,17;102,06;-33,104;-1,311;23,446;92,821
6,17;102,08;-33,102;-1,311;23,445;92,818
6,18;102,11;-33,1;-1,31;23,444;92,815
6,18;102,13;-33,097;-1,31;23,443;92,812
6,18;102,16;-33,095;-1,31;23,442;92,809
6,18;102,19;-33,092;-1,31;23,442;92,806
6,18;102,21;-33,09;-1,31;23,441;92,803
6,18;102,24;-33,087;-1,31;23,44;92,8
6,19;102,26;-33,085;-1,31;23,439;92,797
6,19;102,29;-33,082;-1,31;23,439;92,794
6,19;102,31;-33,08;-1,31;23,438;92,791
6,19;102,34;-33,077;-1,31;23,437;92,788
6,19;102,36;-33,074;-1,309;23,436;92,785
6,19;102,39;-33,072;-1,309;23,435;92,782
6,2;102,41;-33,069;-1,309;23,435;92,779
6,2;102,44;-33,067;-1,309;23,434;92,776
6,2;102,47;-33,064;-1,309;23,433;92,772
6,2;102,49;-33,061;-1,309;23,432;92,769
6,2;102,52;-33,059;-1,309;23,432;92,766
6,2;102,54;-33,056;-1,309;23,431;92,763
6,2;102,57;-33,054;-1,309;23,43;92,76
6,21;102,59;-33,051;-1,308;23,429;92,757
6,21;102,62;-33,048;-1,308;23,429;92,754
6,21;102,64;-33,046;-1,308;23,428;92,751
6,21;102,67;-33,043;-1,308;23,427;92,748
6,21;102,7;-33,04;-1,308;23,426;92,745
6,21;102,72;-33,038;-1,308;23,426;92,742
6,22;102,75;-33,035;-1,308;23,425;92,739
6,22;102,77;-33,032;-1,308;23,424;92,736
6,22;102,8;-33,03;-1,308;23,423;92,733
6,22;102,82;-33,027;-1,308;23,423;92,73
6,22;102,85;-33,024;-1,307;23,422;92,727
6,23;102,87;-33,021;-1,307;23,421;92,724
6,23;102,9;-33,019;-1,307;23,42;92,721
6,23;102,92;-33,016;-1,307;23,419;92,718
6,23;102,95;-33,013;-1,307;23,419;92,715
6,23;102,98;-33,01;-1,307;23,418;92,712
6,23;103;-33,008;-1,307;23,417;92,709
6,24;103,03;-33,005;-1,307;23,416;92,706
6,24;103,05;-33,002;-1,307;23,416;92,703
6,24;103,08;-32,999;-1,306;23,415;92,7
6,24;103,1;-32,997;-1,306;23,414;92,697
6,24;103,13;-32,994;-1,306;23,413;92,694
6,24;103,15;-32,991;-1,306;23,413;92,692
6,25;103,18;-32,988;-1,306;23,412;92,689
6,25;103,21;-32,985;-1,306;23,411;92,686
6,25;103,23;-32,982;-1,306;23,41;92,683
6,25;103,26;-32,979;-1,306;23,41;92,68
6,25;103,28;-32,976;-1,306;23,409;92,677
6,25;103,31;-32,973;-1,305;23,408;92,674
6,25;103,33;-32,97;-1,305;23,407;92,671
6,26;103,36;-32,967;-1,305;23,407;92,668
6,26;103,38;-32,964;-1,305;23,406;92,665
6,26;103,41;-32,961;-1,305;23,405;92,662
6,26;103,44;-32,958;-1,305;23,405;92,659
6,26;103,46;-32,955;-1,305;23,404;92,656
6,26;103,49;-32,952;-1,305;23,403;92,653
6,27;103,51;-32,948;-1,304;23,402;92,65
6,27;103,54;-32,945;-1,304;23,402;92,647
6,27;103,56;-32,942;-1,304;23,401;92,644
6,27;103,59;-32,938;-1,304;23,4;92,642
6,27;103,61;-32,935;-1,304;23,399;92,639
6,28;103,64;-32,932;-1,304;23,399;92,636
6,28;103,67;-32,928;-1,304;23,398;92,633
6,28;103,69;-32,925;-1,303;23,397;92,63
6,28;103,72;-32,921;-1,303;23,396;92,627
6,28;103,74;-32,917;-1,303;23,396;92,624
6,28;103,77;-32,913;-1,303;23,395;92,621
6,29;103,79;-32,91;-1,303;23,394;92,618
6,29;103,82;-32,906;-1,303;23,393;92,615
6,29;103,85;-32,902;-1,303;23,393;92,612
6,29;103,87;-32,898;-1,302;23,392;92,61
6,29;103,9;-32,894;-1,302;23,391;92,607
6,29;103,92;-32,89;-1,302;23,391;92,604
6,3;103,95;-32,886;-1,302;23,39;92,601
6,3;103,97;-32,882;-1,302;23,389;92,598
6,3;104;-32,877;-1,302;23,388;92,595
6,3;104,03;-32,873;-1,301;23,388;92,592
6,3;104,05;-32,869;-1,301;23,387;92,589
6,3;104,08;-32,864;-1,301;23,386;92,586
6,3;104,1;-32,86;-1,301;23,385;92,584
6,31;104,13;-32,856;-1,301;23,385;92,581
6,31;104,15;-32,852;-1,301;23,384;92,578
6,31;104,18;-32,847;-1,3;23,383;92,575
6,31;104,21;-32,843;-1,3;23,383;92,572
6,31;104,23;-32,838;-1,3;23,382;92,569
6,31;104,26;-32,834;-1,3;23,381;92,566
6,32;104,28;-32,829;-1,3;23,38;92,564
6,32;104,31;-32,824;-1,3;23,38;92,561
6,32;104,33;-32,819;-1,299;23,379;92,558
6,32;104,36;-32,814;-1,299;23,378;92,555
6,32;104,38;-32,809;-1,299;23,378;92,552
6,33;104,41;-32,804;-1,299;23,377;92,549
6,33;104,44;-32,799;-1,299;23,376;92,547
6,33;104,46;-32,794;-1,298;23,375;92,544
6,33;104,49;-32,789;-1,298;23,375;92,541
6,33;104,51;-32,783;-1,298;23,374;92,538
6,33;104,54;-32,778;-1,298;23,373;92,535
6,34;104,57;-32,773;-1,297;23,373;92,532
6,34;104,59;-32,767;-1,297;23,372;92,53
6,34;104,62;-32,762;-1,297;23,371;92,527
6,34;104,64;-32,756;-1,297;23,37;92,524
6,34;104,67;-32,75;-1,297;23,37;92,521
6,34;104,69;-32,744;-1,296;23,369;92,518
6,35;104,72;-32,739;-1,296;23,368;92,515
6,35;104,75;-32,733;-1,296;23,368;92,513
6,35;104,77;-32,727;-1,296;23,367;92,51
6,35;104,8;-32,721;-1,295;23,366;92,507
6,35;104,82;-32,715;-1,295;23,365;92,504
6,35;104,85;-32,71;-1,295;23,365;92,501
6,35;104,87;-32,704;-1,295;23,364;92,499
6,36;104,9;-32,698;-1,295;23,363;92,496
6,36;104,93;-32,692;-1,294;23,363;92,493
6,36;104,95;-32,686;-1,294;23,362;92,49
6,36;104,98;-32,68;-1,294;23,361;92,487
6,36;105;-32,674;-1,294;23,36;92,485
6,36;105,03;-32,668;-1,293;23,36;92,482
6,37;105,06;-32,663;-1,293;23,359;92,479
6,37;105,08;-32,657;-1,293;23,358;92,476
6,37;105,11;-32,651;-1,293;23,358;92,474
6,37;105,13;-32,645;-1,292;23,357;92,471
6,37;105,16;-32,639;-1,292;23,356;92,468
6,38;105,18;-32,634;-1,292;23,356;92,465
6,38;105,21;-32,628;-1,292;23,355;92,463
6,38;105,24;-32,622;-1,292;23,354;92,46
6,38;105,26;-32,616;-1,291;23,354;92,457
6,38;105,29;-32,61;-1,291;23,353;92,454
6,38;105,31;-32,604;-1,291;23,352;92,452
6,39;105,34;-32,598;-1,291;23,351;92,449
6,39;105,36;-32,591;-1,29;23,351;92,446
6,39;105,39;-32,585;-1,29;23,35;92,444
6,39;105,42;-32,579;-1,29;23,349;92,441
6,39;105,44;-32,573;-1,29;23,349;92,438
6,39;105,47;-32,566;-1,289;23,348;92,435
6,4;105,49;-32,56;-1,289;23,347;92,433
6,4;105,52;-32,553;-1,289;23,347;92,43
6,4;105,55;-32,547;-1,289;23,346;92,427
6,4;105,57;-32,541;-1,288;23,345;92,424
6,4;105,6;-32,534;-1,288;23,345;92,422
6,4;105,62;-32,528;-1,288;23,344;92,419
6,4;105,65;-32,521;-1,288;23,343;92,416
6,41;105,68;-32,515;-1,287;23,343;92,414
6,41;105,7;-32,509;-1,287;23,342;92,411
6,41;105,73;-32,502;-1,287;23,341;92,408
6,41;105,75;-32,496;-1,287;23,341;92,406
6,41;105,78;-32,49;-1,286;23,34;92,403
6,41;105,8;-32,483;-1,286;23,339;92,4
6,42;105,83;-32,477;-1,286;23,338;92,398
6,42;105,86;-32,471;-1,286;23,338;92,395
6,42;105,88;-32,465;-1,285;23,337;92,392
6,42;105,91;-32,459;-1,285;23,336;92,39
6,42;105,93;-32,452;-1,285;23,336;92,387
6,43;105,96;-32,445;-1,285;23,335;92,384
6,43;105,99;-32,439;-1,284;23,334;92,382
6,43;106,01;-32,433;-1,284;23,334;92,379
6,43;106,04;-32,426;-1,284;23,333;92,376
6,43;106,06;-32,42;-1,284;23,332;92,374
6,43;106,09;-32,414;-1,283;23,332;92,371
6,44;106,12;-32,408;-1,283;23,331;92,368
6,44;106,14;-32,401;-1,283;23,33;92,366
6,44;106,17;-32,395;-1,283;23,33;92,363
6,44;106,19;-32,388;-1,282;23,329;92,36
6,44;106,22;-32,381;-1,282;23,328;92,358
6,44;106,25;-32,375;-1,282;23,328;92,355
6,45;106,27;-32,368;-1,281;23,327;92,353
6,45;106,3;-32,362;-1,281;23,326;92,35
6,45;106,32;-32,355;-1,281;23,326;92,347
6,45;106,35;-32,348;-1,281;23,325;92,345
6,45;106,37;-32,341;-1,28;23,324;92,342
6,45;106,4;-32,334;-1,28;23,324;92,339
6,45;106,43;-32,327;-1,28;23,323;92,337
6,46;106,45;-32,32;-1,28;23,322;92,334
6,46;106,48;-32,312;-1,279;23,322;92,332
6,46;106,5;-32,305;-1,279;23,321;92,329
6,46;106,53;-32,298;-1,279;23,32;92,326
6,46;106,56;-32,291;-1,278;23,32;92,324
6,46;106,58;-32,284;-1,278;23,319;92,321
6,47;106,61;-32,277;-1,278;23,319;92,319
6,47;106,63;-32,269;-1,278;23,318;92,316
6,47;106,66;-32,262;-1,277;23,317;92,313
6,47;106,69;-32,255;-1,277;23,317;92,311
6,47;106,71;-32,248;-1,277;23,316;92,308
6,48;106,74;-32,241;-1,276;23,315;92,306
6,48;106,76;-32,233;-1,276;23,315;92,303
6,48;106,79;-32,226;-1,276;23,314;92,301
6,48;106,82;-32,219;-1,276;23,313;92,298
6,48;106,84;-32,211;-1,275;23,313;92,295
6,48;106,87;-32,204;-1,275;23,312;92,293
6,49;106,89;-32,197;-1,275;23,311;92,29
6,49;106,92;-32,189;-1,274;23,311;92,288
6,49;106,95;-32,181;-1,274;23,31;92,285
6,49;106,97;-32,174;-1,274;23,309;92,283
6,49;107;-32,166;-1,273;23,309;92,28
6,49;107,02;-32,159;-1,273;23,308;92,278
6,5;107,05;-32,152;-1,273;23,308;92,275
6,5;107,08;-32,144;-1,273;23,307;92,273
6,5;107,1;-32,136;-1,272;23,306;92,27
6,5;107,13;-32,128;-1,272;23,306;92,268
6,5;107,15;-32,12;-1,272;23,305;92,265
6,5;107,18;-32,112;-1,271;23,304;92,262
6,5;107,2;-32,104;-1,271;23,304;92,26
6,51;107,23;-32,097;-1,271;23,303;92,257
6,51;107,26;-32,089;-1,27;23,302;92,255
6,51;107,28;-32,081;-1,27;23,302;92,252
6,51;107,31;-32,073;-1,27;23,301;92,25
6,51;107,34;-32,065;-1,269;23,301;92,247
6,51;107,36;-32,057;-1,269;23,3;92,245
6,52;107,39;-32,049;-1,269;23,299;92,242
6,52;107,41;-32,041;-1,269;23,299;92,24
6,52;107,44;-32,033;-1,268;23,298;92,237
6,52;107,47;-32,025;-1,268;23,297;92,235
6,52;107,49;-32,017;-1,268;23,297;92,232
6,53;107,52;-32,009;-1,267;23,296;92,23
6,53;107,54;-32;-1,267;23,296;92,228
6,53;107,57;-31,992;-1,267;23,295;92,225
6,53;107,59;-31,984;-1,266;23,294;92,223
6,53;107,62;-31,976;-1,266;23,294;92,22
6,53;107,65;-31,968;-1,266;23,293;92,218
6,54;107,67;-31,959;-1,265;23,292;92,215
6,54;107,7;-31,951;-1,265;23,292;92,213
6,54;107,73;-31,943;-1,265;23,291;92,21
6,54;107,75;-31,935;-1,264;23,291;92,208
6,54;107,78;-31,927;-1,264;23,29;92,205
6,54;107,8;-31,918;-1,264;23,289;92,203
6,55;107,83;-31,91;-1,263;23,289;92,201
6,55;107,86;-31,901;-1,263;23,288;92,198
6,55;107,88;-31,893;-1,263;23,287;92,196
6,55;107,91;-31,884;-1,262;23,287;92,193
6,55;107,93;-31,876;-1,262;23,286;92,191
6,55;107,96;-31,867;-1,262;23,286;92,188
6,55;107,99;-31,858;-1,261;23,285;92,186
6,56;108,01;-31,85;-1,261;23,284;92,184
6,56;108,04;-31,841;-1,261;23,284;92,181
6,56;108,06;-31,833;-1,26;23,283;92,179
6,56;108,09;-31,824;-1,26;23,283;92,176
6,56;108,12;-31,815;-1,26;23,282;92,174
6,56;108,14;-31,806;-1,259;23,281;92,171
6,57;108,17;-31,797;-1,259;23,281;92,169
6,57;108,2;-31,788;-1,259;23,28;92,167
6,57;108,22;-31,78;-1,258;23,28;92,164
6,57;108,25;-31,771;-1,258;23,279;92,162
6,57;108,27;-31,762;-1,257;23,278;92,159
6,58;108,3;-31,753;-1,257;23,278;92,157
6,58;108,33;-31,744;-1,257;23,277;92,155
6,58;108,35;-31,735;-1,256;23,277;92,152
6,58;108,38;-31,725;-1,256;23,276;92,15
6,58;108,4;-31,716;-1,256;23,275;92,148
6,58;108,43;-31,707;-1,255;23,275;92,145
6,59;108,46;-31,698;-1,255;23,274;92,143
6,59;108,48;-31,689;-1,255;23,274;92,14
6,59;108,51;-31,68;-1,254;23,273;92,138
6,59;108,53;-31,671;-1,254;23,272;92,136
6,59;108,56;-31,662;-1,253;23,272;92,133
6,59;108,59;-31,653;-1,253;23,271;92,131
6,6;108,61;-31,643;-1,253;23,271;92,129
6,6;108,64;-31,634;-1,252;23,27;92,126
6,6;108,67;-31,625;-1,252;23,269;92,124
6,6;108,69;-31,616;-1,252;23,269;92,122
6,6;108,72;-31,606;-1,251;23,268;92,119
6,6;108,74;-31,597;-1,251;23,268;92,117
6,6;108,77;-31,587;-1,251;23,267;92,115
6,61;108,8;-31,578;-1,25;23,266;92,112
6,61;108,82;-31,569;-1,25;23,266;92,11
6,61;108,85;-31,56;-1,249;23,265;92,108
6,61;108,87;-31,55;-1,249;23,265;92,105
6,61;108,9;-31,541;-1,249;23,264;92,103
6,61;108,93;-31,531;-1,248;23,263;92,101
6,62;108,95;-31,521;-1,248;23,263;92,098
6,62;108,98;-31,512;-1,248;23,262;92,096
6,62;109,01;-31,502;-1,247;23,262;92,094
6,62;109,03;-31,493;-1,247;23,261;92,091
6,62;109,06;-31,483;-1,246;23,261;92,089
6,63;109,08;-31,473;-1,246;23,26;92,087
6,63;109,11;-31,464;-1,246;23,259;92,084
6,63;109,14;-31,454;-1,245;23,259;92,082
6,63;109,16;-31,444;-1,245;23,258;92,08
6,63;109,19;-31,434;-1,244;23,258;92,078
6,63;109,22;-31,425;-1,244;23,257;92,075
6,64;109,24;-31,415;-1,244;23,256;92,073
6,64;109,27;-31,405;-1,243;23,256;92,071
6,64;109,29;-31,395;-1,243;23,255;92,069
6,64;109,32;-31,385;-1,243;23,255;92,066
6,64;109,35;-31,376;-1,242;23,254;92,064
6,64;109,37;-31,366;-1,242;23,254;92,062
6,65;109,4;-31,356;-1,241;23,253;92,059
6,65;109,42;-31,346;-1,241;23,253;92,057
6,65;109,45;-31,336;-1,241;23,252;92,055
6,65;109,48;-31,326;-1,24;23,251;92,053
6,65;109,5;-31,316;-1,24;23,251;92,051
6,65;109,53;-31,306;-1,239;23,25;92,048
6,65;109,56;-31,296;-1,239;23,25;92,046
6,66;109,58;-31,286;-1,239;23,249;92,044
6,66;109,61;-31,276;-1,238;23,249;92,042
6,66;109,63;-31,266;-1,238;23,248;92,039
6,66;109,66;-31,256;-1,237;23,247;92,037
6,66;109,69;-31,246;-1,237;23,247;92,035
6,66;109,71;-31,236;-1,237;23,246;92,033
6,67;109,74;-31,226;-1,236;23,246;92,03
6,67;109,77;-31,216;-1,236;23,245;92,028
6,67;109,79;-31,206;-1,235;23,245;92,026
6,67;109,82;-31,196;-1,235;23,244;92,024
6,67;109,84;-31,185;-1,235;23,243;92,022
6,68;109,87;-31,175;-1,234;23,243;92,019
6,68;109,9;-31,164;-1,234;23,242;92,017
6,68;109,92;-31,154;-1,233;23,242;92,015
6,68;109,95;-31,143;-1,233;23,241;92,013
6,68;109,98;-31,133;-1,233;23,241;92,011
6,68;110;-31,122;-1,232;23,24;92,008
6,69;110,03;-31,112;-1,232;23,24;92,006
6,69;110,05;-31,101;-1,231;23,239;92,004
6,69;110,08;-31,091;-1,231;23,239;92,002
6,69;110,11;-31,08;-1,23;23,238;92
6,69;110,13;-31,069;-1,23;23,237;91,998
6,69;110,16;-31,058;-1,23;23,237;91,995
6,7;110,19;-31,047;-1,229;23,236;91,993
6,7;110,21;-31,037;-1,229;23,236;91,991
6,7;110,24;-31,026;-1,228;23,235;91,989
6,7;110,26;-31,015;-1,228;23,235;91,987
6,7;110,29;-31,005;-1,227;23,234;91,985
6,7;110,32;-30,994;-1,227;23,234;91,983
6,7;110,34;-30,983;-1,227;23,233;91,98
6,71;110,37;-30,972;-1,226;23,233;91,978
6,71;110,4;-30,962;-1,226;23,232;91,976
6,71;110,42;-30,951;-1,225;23,231;91,974
6,71;110,45;-30,94;-1,225;23,231;91,972
6,71;110,47;-30,929;-1,224;23,23;91,97
6,71;110,5;-30,918;-1,224;23,23;91,968
6,72;110,53;-30,907;-1,224;23,229;91,965
6,72;110,55;-30,896;-1,223;23,229;91,963
6,72;110,58;-30,885;-1,223;23,228;91,961
6,72;110,61;-30,874;-1,222;23,228;91,959
6,72;110,63;-30,864;-1,222;23,227;91,957
6,73;110,66;-30,853;-1,221;23,227;91,955
6,73;110,69;-30,841;-1,221;23,226;91,953
6,73;110,71;-30,83;-1,221;23,226;91,951
6,73;110,74;-30,819;-1,22;23,225;91,949
6,73;110,76;-30,808;-1,22;23,225;91,946
6,73;110,79;-30,797;-1,219;23,224;91,944
6,74;110,82;-30,786;-1,219;23,223;91,942
6,74;110,84;-30,775;-1,218;23,223;91,94
6,74;110,87;-30,763;-1,218;23,222;91,938
6,74;110,9;-30,752;-1,217;23,222;91,936
6,74;110,92;-30,741;-1,217;23,221;91,934
6,74;110,95;-30,73;-1,217;23,221;91,932
6,75;110,98;-30,719;-1,216;23,22;91,93
6,75;111;-30,708;-1,216;23,22;91,928
6,75;111,03;-30,696;-1,215;23,219;91,926
6,75;111,05;-30,684;-1,215;23,219;91,924
6,75;111,08;-30,673;-1,214;23,218;91,922
6,75;111,11;-30,662;-1,214;23,218;91,919
6,75;111,13;-30,65;-1,213;23,217;91,917
6,76;111,16;-30,639;-1,213;23,217;91,915
6,76;111,19;-30,627;-1,213;23,216;91,913
6,76;111,21;-30,616;-1,212;23,216;91,911
6,76;111,24;-30,605;-1,212;23,215;91,909
6,76;111,27;-30,593;-1,211;23,215;91,907
6,76;111,29;-30,582;-1,211;23,214;91,905
6,77;111,32;-30,57;-1,21;23,214;91,903
6,77;111,34;-30,559;-1,21;23,213;91,901
6,77;111,37;-30,548;-1,209;23,213;91,899
6,77;111,4;-30,536;-1,209;23,212;91,897
6,77;111,42;-30,525;-1,208;23,212;91,895
6,78;111,45;-30,513;-1,208;23,211;91,893
6,78;111,48;-30,502;-1,208;23,211;91,891
6,78;111,5;-30,49;-1,207;23,21;91,889
6,78;111,53;-30,479;-1,207;23,21;91,887
6,78;111,56;-30,468;-1,206;23,209;91,885
6,78;111,58;-30,456;-1,206;23,209;91,883
6,79;111,61;-30,445;-1,205;23,208;91,881
6,79;111,64;-30,433;-1,205;23,208;91,879
6,79;111,66;-30,421;-1,204;23,207;91,877
6,79;111,69;-30,41;-1,204;23,207;91,875
6,79;111,71;-30,398;-1,203;23,206;91,873
6,79;111,74;-30,386;-1,203;23,206;91,871
6,8;111,77;-30,375;-1,203;23,205;91,869
6,8;111,79;-30,363;-1,202;23,205;91,867
6,8;111,82;-30,351;-1,202;23,204;91,865
6,8;111,85;-30,339;-1,201;23,204;91,863
6,8;111,87;-30,327;-1,201;23,203;91,861
6,8;111,9;-30,315;-1,2;23,203;91,859
6,8;111,93;-30,304;-1,2;23,202;91,858
6,81;111,95;-30,292;-1,199;23,202;91,856
6,81;111,98;-30,279;-1,199;23,201;91,854
6,81;112;-30,268;-1,198;23,201;91,852
6,81;112,03;-30,256;-1,198;23,2;91,85
6,81;112,06;-30,244;-1,197;23,2;91,848
6,81;112,08;-30,232;-1,197;23,199;91,846
6,82;112,11;-30,22;-1,196;23,199;91,844
6,82;112,14;-30,208;-1,196;23,198;91,842
6,82;112,16;-30,196;-1,195;23,198;91,84
6,82;112,19;-30,184;-1,195;23,197;91,838
6,82;112,22;-30,172;-1,195;23,197;91,836
6,83;112,24;-30,16;-1,194;23,196;91,834
6,83;112,27;-30,148;-1,194;23,196;91,832
6,83;112,3;-30,135;-1,193;23,195;91,831
6,83;112,32;-30,123;-1,193;23,195;91,829
6,83;112,35;-30,112;-1,192;23,194;91,827
6,83;112,37;-30,1;-1,192;23,194;91,825
6,84;112,4;-30,088;-1,191;23,193;91,823
6,84;112,43;-30,075;-1,191;23,193;91,821
6,84;112,45;-30,063;-1,19;23,192;91,819
6,84;112,48;-30,051;-1,19;23,192;91,817
6,84;112,51;-30,039;-1,189;23,191;91,815
6,84;112,53;-30,026;-1,189;23,191;91,813
6,85;112,56;-30,014;-1,188;23,19;91,812
6,85;112,59;-30,001;-1,188;23,19;91,81
6,85;112,61;-29,989;-1,187;23,19;91,808
6,85;112,64;-29,977;-1,187;23,189;91,806
6,85;112,66;-29,964;-1,186;23,189;91,804
6,85;112,69;-29,951;-1,186;23,188;91,802
6,85;112,72;-29,939;-1,185;23,188;91,8
6,86;112,74;-29,926;-1,185;23,187;91,798
6,86;112,77;-29,914;-1,184;23,187;91,797
6,86;112,8;-29,902;-1,184;23,186;91,795
6,86;112,82;-29,889;-1,183;23,186;91,793
6,86;112,85;-29,876;-1,183;23,185;91,791
6,86;112,88;-29,864;-1,182;23,185;91,789
6,87;112,9;-29,851;-1,182;23,184;91,787
6,87;112,93;-29,839;-1,181;23,184;91,785
6,87;112,96;-29,826;-1,181;23,183;91,783
6,87;112,98;-29,813;-1,18;23,183;91,782
6,87;113,01;-29,8;-1,18;23,182;91,78
6,88;113,04;-29,787;-1,179;23,182;91,778
6,88;113,06;-29,775;-1,179;23,181;91,776
6,88;113,09;-29,762;-1,178;23,181;91,774
6,88;113,12;-29,749;-1,178;23,181;91,772
6,88;113,14;-29,736;-1,177;23,18;91,771
6,88;113,17;-29,723;-1,177;23,18;91,769
6,89;113,19;-29,71;-1,176;23,179;91,767
6,89;113,22;-29,697;-1,176;23,179;91,765
6,89;113,25;-29,684;-1,175;23,178;91,763
6,89;113,27;-29,671;-1,175;23,178;91,761
6,89;113,3;-29,658;-1,174;23,177;91,76
6,89;113,33;-29,645;-1,174;23,177;91,758
6,9;113,35;-29,632;-1,173;23,176;91,756
6,9;113,38;-29,619;-1,173;23,176;91,754
6,9;113,41;-29,606;-1,172;23,176;91,752
6,9;113,43;-29,593;-1,172;23,175;91,751
6,9;113,46;-29,579;-1,171;23,175;91,749
6,9;113,49;-29,566;-1,171;23,174;91,747
6,9;113,51;-29,553;-1,17;23,174;91,745
6,91;113,54;-29,54;-1,17;23,173;91,743
6,91;113,57;-29,527;-1,169;23,173;91,742
6,91;113,59;-29,514;-1,168;23,172;91,74
6,91;113,62;-29,501;-1,168;23,172;91,738
6,91;113,65;-29,487;-1,167;23,171;91,736
6,91;113,67;-29,474;-1,167;23,171;91,735
6,92;113,7;-29,46;-1,166;23,171;91,733
6,92;113,73;-29,447;-1,166;23,17;91,731
6,92;113,75;-29,433;-1,165;23,17;91,729
6,92;113,78;-29,42;-1,165;23,169;91,728
6,92;113,8;-29,407;-1,164;23,169;91,726
6,93;113,83;-29,394;-1,164;23,168;91,724
6,93;113,86;-29,381;-1,163;23,168;91,722
6,93;113,88;-29,367;-1,163;23,167;91,721
6,93;113,91;-29,354;-1,162;23,167;91,719
6,93;113,94;-29,341;-1,162;23,167;91,717
6,93;113,96;-29,328;-1,161;23,166;91,715
6,94;113,99;-29,314;-1,161;23,166;91,714
6,94;114,02;-29,301;-1,16;23,165;91,712
6,94;114,04;-29,288;-1,16;23,165;91,71
6,94;114,07;-29,274;-1,159;23,164;91,708
6,94;114,1;-29,261;-1,158;23,164;91,707
6,94;114,12;-29,247;-1,158;23,164;91,705
6,95;114,15;-29,234;-1,157;23,163;91,703
6,95;114,18;-29,22;-1,157;23,163;91,702
6,95;114,2;-29,206;-1,156;23,162;91,7
6,95;114,23;-29,192;-1,156;23,162;91,698
6,95;114,26;-29,179;-1,155;23,161;91,696
6,95;114,28;-29,165;-1,155;23,161;91,695
6,95;114,31;-29,152;-1,154;23,161;91,693
6,96;114,34;-29,138;-1,154;23,16;91,691
6,96;114,36;-29,124;-1,153;23,16;91,69
6,96;114,39;-29,111;-1,153;23,159;91,688
6,96;114,42;-29,097;-1,152;23,159;91,686
6,96;114,44;-29,084;-1,151;23,158;91,685
6,96;114,47;-29,07;-1,151;23,158;91,683
6,97;114,5;-29,057;-1,15;23,158;91,681
6,97;114,52;-29,043;-1,15;23,157;91,68
6,97;114,55;-29,03;-1,149;23,157;91,678
6,97;114,58;-29,016;-1,149;23,156;91,676
6,97;114,6;-29,002;-1,148;23,156;91,675
6,98;114,63;-28,988;-1,148;23,155;91,673
6,98;114,66;-28,975;-1,147;23,155;91,671
6,98;114,68;-28,961;-1,147;23,155;91,67
6,98;114,71;-28,947;-1,146;23,154;91,668
6,98;114,74;-28,933;-1,145;23,154;91,667
6,98;114,76;-28,919;-1,145;23,153;91,665
6,99;114,79;-28,905;-1,144;23,153;91,663
6,99;114,82;-28,891;-1,144;23,153;91,662
6,99;114,84;-28,877;-1,143;23,152;91,66
6,99;114,87;-28,863;-1,143;23,152;91,658
6,99;114,9;-28,849;-1,142;23,151;91,657
6,99;114,92;-28,835;-1,142;23,151;91,655
7;114,95;-28,82;-1,141;23,151;91,654
7;114,98;-28,806;-1,14;23,15;91,652
7;115;-28,792;-1,14;23,15;91,65
7;115,03;-28,778;-1,139;23,149;91,649
7;115,06;-28,764;-1,139;23,149;91,647
7;115,08;-28,749;-1,138;23,149;91,646
7;115,11;-28,735;-1,138;23,148;91,644
7,01;115,14;-28,721;-1,137;23,148;91,642
7,01;115,16;-28,707;-1,137;23,147;91,641
7,01;115,19;-28,692;-1,136;23,147;91,639
7,01;115,22;-28,678;-1,135;23,147;91,638
7,01;115,24;-28,664;-1,135;23,146;91,636
7,01;115,27;-28,649;-1,134;23,146;91,634
7,02;115,3;-28,635;-1,134;23,145;91,633
7,02;115,32;-28,621;-1,133;23,145;91,631
7,02;115,35;-28,607;-1,133;23,145;91,63
7,02;115,38;-28,593;-1,132;23,144;91,628
7,02;115,4;-28,578;-1,131;23,144;91,627
7,03;115,43;-28,564;-1,131;23,143;91,625
7,03;115,46;-28,55;-1,13;23,143;91,623
7,03;115,48;-28,535;-1,13;23,143;91,622
7,03;115,51;-28,521;-1,129;23,142;91,62
7,03;115,54;-28,507;-1,129;23,142;91,619
7,03;115,56;-28,492;-1,128;23,141;91,617
7,04;115,59;-28,478;-1,127;23,141;91,616
7,04;115,62;-28,464;-1,127;23,141;91,614
7,04;115,64;-28,449;-1,126;23,14;91,613
7,04;115,67;-28,435;-1,126;23,14;91,611
7,04;115,7;-28,42;-1,125;23,139;91,61
7,04;115,72;-28,405;-1,125;23,139;91,608
7,05;115,75;-28,391;-1,124;23,139;91,606
7,05;115,78;-28,377;-1,123;23,138;91,605
7,05;115,8;-28,362;-1,123;23,138;91,603
7,05;115,83;-28,348;-1,122;23,137;91,602
7,05;115,86;-28,334;-1,122;23,137;91,6
7,05;115,88;-28,319;-1,121;23,137;91,599
7,05;115,91;-28,305;-1,121;23,136;91,597
7,06;115,94;-28,291;-1,12;23,136;91,596
7,06;115,96;-28,276;-1,119;23,136;91,594
7,06;115,99;-28,262;-1,119;23,135;91,593
7,06;116,02;-28,247;-1,118;23,135;91,591
7,06;116,04;-28,233;-1,118;23,134;91,59
7,06;116,07;-28,218;-1,117;23,134;91,588
7,07;116,1;-28,204;-1,117;23,134;91,587
7,07;116,12;-28,189;-1,116;23,133;91,585
7,07;116,15;-28,175;-1,115;23,133;91,584
7,07;116,18;-28,16;-1,115;23,133;91,582
7,07;116,2;-28,146;-1,114;23,132;91,581
7,08;116,23;-28,131;-1,114;23,132;91,579
7,08;116,26;-28,116;-1,113;23,131;91,578
7,08;116,28;-28,102;-1,113;23,131;91,576
7,08;116,31;-28,088;-1,112;23,131;91,575
7,08;116,34;-28,073;-1,111;23,13;91,573
7,08;116,36;-28,059;-1,111;23,13;91,572
7,09;116,39;-28,044;-1,11;23,13;91,571
7,09;116,42;-28,03;-1,11;23,129;91,569
7,09;116,44;-28,015;-1,109;23,129;91,568
7,09;116,47;-28;-1,109;23,128;91,566
7,09;116,5;-27,986;-1,108;23,128;91,565
7,09;116,52;-27,971;-1,107;23,128;91,563
7,1;116,55;-27,956;-1,107;23,127;91,562
7,1;116,58;-27,942;-1,106;23,127;91,56
7,1;116,6;-27,927;-1,106;23,127;91,559
7,1;116,63;-27,912;-1,105;23,126;91,557
7,1;116,66;-27,898;-1,104;23,126;91,556
7,1;116,68;-27,883;-1,104;23,126;91,555
7,1;116,71;-27,868;-1,103;23,125;91,553
7,11;116,74;-27,853;-1,103;23,125;91,552
7,11;116,76;-27,838;-1,102;23,124;91,55
7,11;116,79;-27,824;-1,102;23,124;91,549
7,11;116,82;-27,809;-1,101;23,124;91,548
7,11;116,84;-27,794;-1,1;23,123;91,546
7,11;116,87;-27,78;-1,1;23,123;91,545
7,12;116,9;-27,765;-1,099;23,123;91,543
7,12;116,92;-27,75;-1,099;23,122;91,542
7,12;116,95;-27,735;-1,098;23,122;91,541
7,12;116,98;-27,72;-1,097;23,122;91,539
7,12;117;-27,706;-1,097;23,121;91,538
7,13;117,03;-27,691;-1,096;23,121;91,536
7,13;117,06;-27,676;-1,096;23,121;91,535
7,13;117,08;-27,661;-1,095;23,12;91,534
7,13;117,11;-27,646;-1,095;23,12;91,532
7,13;117,14;-27,631;-1,094;23,12;91,531
7,13;117,16;-27,615;-1,093;23,119;91,529
7,14;117,19;-27,6;-1,093;23,119;91,528
7,14;117,22;-27,585;-1,092;23,118;91,527
7,14;117,24;-27,57;-1,091;23,118;91,525
7,14;117,27;-27,555;-1,091;23,118;91,524
7,14;117,3;-27,54;-1,09;23,117;91,523
7,14;117,32;-27,525;-1,09;23,117;91,521
7,15;117,35;-27,51;-1,089;23,117;91,52
7,15;117,38;-27,495;-1,089;23,116;91,519
7,15;117,4;-27,48;-1,088;23,116;91,517
7,15;117,43;-27,465;-1,087;23,116;91,516
7,15;117,46;-27,449;-1,087;23,115;91,514
7,15;117,48;-27,434;-1,086;23,115;91,513
7,15;117,51;-27,419;-1,086;23,115;91,512
7,16;117,54;-27,404;-1,085;23,114;91,51
7,16;117,56;-27,389;-1,084;23,114;91,509
7,16;117,59;-27,374;-1,084;23,114;91,508
7,16;117,62;-27,359;-1,083;23,113;91,506
7,16;117,64;-27,343;-1,083;23,113;91,505
7,16;117,67;-27,328;-1,082;23,113;91,504
7,17;117,7;-27,313;-1,081;23,112;91,502
7,17;117,72;-27,297;-1,081;23,112;91,501
7,17;117,75;-27,281;-1,08;23,112;91,5
7,17;117,78;-27,266;-1,079;23,111;91,498
7,17;117,81;-27,25;-1,079;23,111;91,497
7,18;117,83;-27,236;-1,078;23,111;91,496
7,18;117,86;-27,22;-1,078;23,11;91,495
7,18;117,89;-27,204;-1,077;23,11;91,493
7,18;117,91;-27,189;-1,076;23,11;91,492
7,18;117,94;-27,173;-1,076;23,109;91,491
7,18;117,97;-27,157;-1,075;23,109;91,489
7,19;117,99;-27,142;-1,075;23,109;91,488
7,19;118,02;-27,127;-1,074;23,108;91,487
7,19;118,05;-27,112;-1,073;23,108;91,486
7,19;118,07;-27,096;-1,073;23,108;91,484
7,19;118,1;-27,08;-1,072;23,107;91,483
7,19;118,13;-27,064;-1,071;23,107;91,482
7,2;118,15;-27,049;-1,071;23,107;91,48
7,2;118,18;-27,034;-1,07;23,106;91,479
7,2;118,21;-27,018;-1,07;23,106;91,478
7,2;118,23;-27,002;-1,069;23,106;91,477
7,2;118,26;-26,986;-1,068;23,106;91,475
7,2;118,29;-26,971;-1,068;23,105;91,474
7,2;118,31;-26,955;-1,067;23,105;91,473
7,21;118,34;-26,94;-1,067;23,105;91,472
7,21;118,37;-26,925;-1,066;23,104;91,47
7,21;118,39;-26,909;-1,065;23,104;91,469
7,21;118,42;-26,894;-1,065;23,104;91,468
7,21;118,45;-26,878;-1,064;23,103;91,467
7,21;118,47;-26,863;-1,063;23,103;91,465
7,22;118,5;-26,848;-1,063;23,103;91,464
7,22;118,53;-26,832;-1,062;23,102;91,463
7,22;118,55;-26,817;-1,062;23,102;91,462
7,22;118,58;-26,801;-1,061;23,102;91,46
7,22;118,61;-26,785;-1,06;23,101;91,459
7,23;118,64;-26,77;-1,06;23,101;91,458
7,23;118,66;-26,754;-1,059;23,101;91,457
7,23;118,69;-26,738;-1,059;23,1;91,455
7,23;118,72;-26,723;-1,058;23,1;91,454
7,23;118,74;-26,707;-1,057;23,1;91,453
7,23;118,77;-26,692;-1,057;23,1;91,452
7,24;118,8;-26,677;-1,056;23,099;91,451
7,24;118,82;-26,661;-1,056;23,099;91,449
7,24;118,85;-26,646;-1,055;23,099;91,448
7,24;118,88;-26,63;-1,054;23,098;91,447
7,24;118,9;-26,615;-1,054;23,098;91,446
7,24;118,93;-26,6;-1,053;23,098;91,444
7,25;118,96;-26,584;-1,052;23,097;91,443
7,25;118,98;-26,569;-1,052;23,097;91,442
7,25;119,01;-26,553;-1,051;23,097;91,441
7,25;119,04;-26,538;-1,051;23,097;91,44
7,25;119,06;-26,523;-1,05;23,096;91,439
7,25;119,09;-26,507;-1,049;23,096;91,437
7,25;119,12;-26,492;-1,049;23,096;91,436
7,26;119,14;-26,477;-1,048;23,095;91,435
7,26;119,17;-26,461;-1,048;23,095;91,434
7,26;119,2;-26,446;-1,047;23,095;91,433
7,26;119,22;-26,431;-1,046;23,094;91,431
7,26;119,25;-26,415;-1,046;23,094;91,43
7,26;119,28;-26,4;-1,045;23,094;91,429
7,27;119,3;-26,385;-1,045;23,094;91,428
7,27;119,33;-26,369;-1,044;23,093;91,427
7,27;119,36;-26,354;-1,043;23,093;91,425
7,27;119,38;-26,338;-1,043;23,093;91,424
7,27;119,41;-26,323;-1,042;23,092;91,423
7,28;119,44;-26,307;-1,042;23,092;91,422
7,28;119,46;-26,292;-1,041;23,092;91,421
7,28;119,49;-26,277;-1,04;23,091;91,42
7,28;119,52;-26,261;-1,04;23,091;91,419
7,28;119,54;-26,246;-1,039;23,091;91,417
7,28;119,57;-26,23;-1,038;23,091;91,416
7,29;119,6;-26,215;-1,038;23,09;91,415
7,29;119,62;-26,199;-1,037;23,09;91,414
7,29;119,65;-26,184;-1,037;23,09;91,413
7,29;119,68;-26,168;-1,036;23,089;91,412
7,29;119,7;-26,153;-1,035;23,089;91,411
7,29;119,73;-26,138;-1,035;23,089;91,409
7,3;119,76;-26,122;-1,034;23,089;91,408
7,3;119,79;-26,107;-1,034;23,088;91,407
7,3;119,81;-26,091;-1,033;23,088;91,406
7,3;119,84;-26,075;-1,032;23,088;91,405
7,3;119,87;-26,06;-1,032;23,087;91,404
7,3;119,89;-26,045;-1,031;23,087;91,403
7,3;119,92;-26,029;-1,031;23,087;91,402
7,31;119,95;-26,014;-1,03;23,087;91,401
7,31;119,97;-25,998;-1,029;23,086;91,399
7,31;120;-25,982;-1,029;23,086;91,398
7,31;120,03;-25,967;-1,028;23,086;91,397
7,31;120,05;-25,951;-1,027;23,086;91,396
7,31;120,08;-25,935;-1,027;23,085;91,395
7,32;120,11;-25,919;-1,026;23,085;91,394
7,32;120,13;-25,903;-1,026;23,085;91,393
7,32;120,16;-25,887;-1,025;23,084;91,392
7,32;120,19;-25,872;-1,024;23,084;91,391
7,32;120,21;-25,856;-1,024;23,084;91,39
7,33;120,24;-25,84;-1,023;23,084;91,389
7,33;120,27;-25,823;-1,022;23,083;91,388
7,33;120,29;-25,808;-1,022;23,083;91,386
7,33;120,32;-25,792;-1,021;23,083;91,385
7,33;120,35;-25,776;-1,02;23,083;91,384
7,33;120,37;-25,76;-1,02;23,082;91,383
7,34;120,4;-25,744;-1,019;23,082;91,382
7,34;120,43;-25,729;-1,019;23,082;91,381
7,34;120,45;-25,713;-1,018;23,081;91,38
7,34;120,48;-25,697;-1,017;23,081;91,379
7,34;120,51;-25,681;-1,017;23,081;91,378
7,34;120,53;-25,665;-1,016;23,081;91,377
7,35;120,56;-25,649;-1,015;23,08;91,376
7,35;120,59;-25,633;-1,015;23,08;91,375
7,35;120,61;-25,617;-1,014;23,08;91,374
7,35;120,64;-25,601;-1,014;23,08;91,373
7,35;120,67;-25,585;-1,013;23,079;91,372
7,35;120,7;-25,569;-1,012;23,079;91,371
7,35;120,72;-25,552;-1,012;23,079;91,37
7,36;120,75;-25,536;-1,011;23,079;91,369
7,36;120,78;-25,52;-1,01;23,078;91,368
7,36;120,8;-25,504;-1,01;23,078;91,367
7,36;120,83;-25,488;-1,009;23,078;91,366
7,36;120,86;-25,471;-1,008;23,078;91,365
7,36;120,88;-25,456;-1,008;23,077;91,364
7,37;120,91;-25,44;-1,007;23,077;91,363
7,37;120,94;-25,424;-1,007;23,077;91,362
7,37;120,96;-25,408;-1,006;23,077;91,361
7,37;120,99;-25,392;-1,005;23,076;91,36
7,37;121,02;-25,375;-1,005;23,076;91,359
7,38;121,04;-25,359;-1,004;23,076;91,358
7,38;121,07;-25,343;-1,003;23,076;91,357
7,38;121,1;-25,326;-1,003;23,075;91,356
7,38;121,13;-25,31;-1,002;23,075;91,355
7,38;121,15;-25,294;-1,001;23,075;91,354
7,38;121,18;-25,278;-1,001;23,075;91,353
7,39;121,21;-25,261;-1;23,074;91,352
7,39;121,23;-25,245;-0,999;23,074;91,351
7,39;121,26;-25,229;-0,999;23,074;91,35
7,39;121,29;-25,213;-0,998;23,074;91,349
7,39;121,31;-25,197;-0,998;23,073;91,348
7,39;121,34;-25,18;-0,997;23,073;91,347
7,4;121,37;-25,164;-0,996;23,073;91,346
7,4;121,39;-25,148;-0,996;23,073;91,345
7,4;121,42;-25,132;-0,995;23,072;91,344
7,4;121,45;-25,116;-0,994;23,072;91,343
7,4;121,47;-25,1;-0,994;23,072;91,342
7,4;121,5;-25,083;-0,993;23,072;91,341
7,4;121,53;-25,067;-0,992;23,071;91,34
7,41;121,56;-25,051;-0,992;23,071;91,339
7,41;121,58;-25,035;-0,991;23,071;91,338
7,41;121,61;-25,019;-0,991;23,071;91,337
7,41;121,64;-25,003;-0,99;23,07;91,336
7,41;121,66;-24,988;-0,989;23,07;91,335
7,41;121,69;-24,972;-0,989;23,07;91,334
7,42;121,72;-24,956;-0,988;23,07;91,333
7,42;121,74;-24,939;-0,987;23,069;91,332
7,42;121,77;-24,924;-0,987;23,069;91,332
7,42;121,8;-24,908;-0,986;23,069;91,331
7,42;121,82;-24,892;-0,985;23,069;91,33
7,43;121,85;-24,876;-0,985;23,068;91,329
7,43;121,88;-24,86;-0,984;23,068;91,328
7,43;121,9;-24,844;-0,984;23,068;91,327
7,43;121,93;-24,828;-0,983;23,068;91,326
7,43;121,96;-24,811;-0,982;23,068;91,325
7,43;121,99;-24,795;-0,982;23,067;91,324
7,44;122,01;-24,78;-0,981;23,067;91,323
7,44;122,04;-24,764;-0,98;23,067;91,322
7,44;122,07;-24,747;-0,98;23,067;91,321
7,44;122,09;-24,731;-0,979;23,066;91,321
7,44;122,12;-24,715;-0,978;23,066;91,32
7,44;122,15;-24,699;-0,978;23,066;91,319
7,45;122,17;-24,683;-0,977;23,066;91,318
7,45;122,2;-24,667;-0,977;23,066;91,317
7,45;122,23;-24,651;-0,976;23,065;91,316
7,45;122,25;-24,634;-0,975;23,065;91,315
7,45;122,28;-24,618;-0,975;23,065;91,314
7,45;122,31;-24,601;-0,974;23,065;91,313
7,45;122,33;-24,585;-0,973;23,064;91,313
7,46;122,36;-24,569;-0,973;23,064;91,312
7,46;122,39;-24,553;-0,972;23,064;91,311
7,46;122,41;-24,536;-0,971;23,064;91,31
7,46;122,44;-24,52;-0,971;23,064;91,309
7,46;122,47;-24,504;-0,97;23,063;91,308
7,46;122,5;-24,487;-0,969;23,063;91,307
7,47;122,52;-24,471;-0,969;23,063;91,307
7,47;122,55;-24,455;-0,968;23,063;91,306
7,47;122,58;-24,438;-0,968;23,062;91,305
7,47;122,6;-24,422;-0,967;23,062;91,304
7,47;122,63;-24,406;-0,966;23,062;91,303
7,48;122,66;-24,389;-0,966;23,062;91,302
7,48;122,68;-24,373;-0,965;23,062;91,301
7,48;122,71;-24,357;-0,964;23,061;91,301
7,48;122,74;-24,341;-0,964;23,061;91,3
7,48;122,76;-24,325;-0,963;23,061;91,299
7,48;122,79;-24,308;-0,962;23,061;91,298
7,49;122,82;-24,292;-0,962;23,061;91,297
7,49;122,84;-24,276;-0,961;23,06;91,296
7,49;122,87;-24,26;-0,96;23,06;91,296
7,49;122,9;-24,244;-0,96;23,06;91,295
7,49;122,92;-24,228;-0,959;23,06;91,294
7,49;122,95;-24,211;-0,959;23,059;91,293
7,5;122,98;-24,195;-0,958;23,059;91,292
7,5;123;-24,179;-0,957;23,059;91,291
7,5;123,03;-24,162;-0,957;23,059;91,291
7,5;123,06;-24,146;-0,956;23,059;91,29
7,5;123,09;-24,13;-0,955;23,058;91,289
7,5;123,11;-24,113;-0,955;23,058;91,288
7,5;123,14;-24,096;-0,954;23,058;91,287
7,51;123,17;-24,08;-0,953;23,058;91,287
7,51;123,19;-24,064;-0,953;23,058;91,286
7,51;123,22;-24,047;-0,952;23,057;91,285
7,51;123,25;-24,031;-0,951;23,057;91,284
7,51;123,27;-24,015;-0,951;23,057;91,283
7,51;123,3;-23,999;-0,95;23,057;91,283
7,52;123,33;-23,982;-0,949;23,057;91,282
7,52;123,35;-23,966;-0,949;23,056;91,281
7,52;123,38;-23,949;-0,948;23,056;91,28
7,52;123,41;-23,934;-0,948;23,056;91,279
7,52;123,43;-23,917;-0,947;23,056;91,279
7,53;123,46;-23,901;-0,946;23,056;91,278
7,53;123,49;-23,885;-0,946;23,055;91,277
7,53;123,52;-23,869;-0,945;23,055;91,276
7,53;123,54;-23,853;-0,944;23,055;91,276
7,53;123,57;-23,836;-0,944;23,055;91,275
7,53;123,6;-23,82;-0,943;23,055;91,274
7,54;123,62;-23,804;-0,942;23,055;91,273
7,54;123,65;-23,788;-0,942;23,054;91,273
7,54;123,68;-23,772;-0,941;23,054;91,272
7,54;123,7;-23,756;-0,941;23,054;91,271
7,54;123,73;-23,74;-0,94;23,054;91,27
7,54;123,76;-23,723;-0,939;23,054;91,27
7,55;123,78;-23,707;-0,939;23,053;91,269
7,55;123,81;-23,691;-0,938;23,053;91,268
7,55;123,84;-23,675;-0,937;23,053;91,267
7,55;123,86;-23,659;-0,937;23,053;91,267
7,55;123,89;-23,642;-0,936;23,053;91,266
7,55;123,92;-23,626;-0,935;23,052;91,265
7,55;123,94;-23,61;-0,935;23,052;91,264
7,56;123,97;-23,593;-0,934;23,052;91,264
7,56;124;-23,577;-0,933;23,052;91,263
7,56;124,03;-23,561;-0,933;23,052;91,262
7,56;124,05;-23,545;-0,932;23,052;91,262
7,56;124,08;-23,528;-0,931;23,051;91,261
7,56;124,11;-23,512;-0,931;23,051;91,26
7,57;124,13;-23,496;-0,93;23,051;91,259
7,57;124,16;-23,48;-0,93;23,051;91,259
7,57;124,19;-23,464;-0,929;23,051;91,258
7,57;124,21;-23,447;-0,928;23,05;91,257
7,57;124,24;-23,431;-0,928;23,05;91,257
7,58;124,27;-23,414;-0,927;23,05;91,256
7,58;124,29;-23,398;-0,926;23,05;91,255
7,58;124,32;-23,381;-0,926;23,05;91,254
7,58;124,35;-23,365;-0,925;23,05;91,254
7,58;124,37;-23,349;-0,924;23,049;91,253
7,58;124,4;-23,332;-0,924;23,049;91,252
7,59;124,43;-23,316;-0,923;23,049;91,252
7,59;124,46;-23,3;-0,922;23,049;91,251
7,59;124,48;-23,284;-0,922;23,049;91,25
7,59;124,51;-23,267;-0,921;23,049;91,25
7,59;124,54;-23,251;-0,921;23,048;91,249
7,59;124,56;-23,235;-0,92;23,048;91,248
7,6;124,59;-23,218;-0,919;23,048;91,248
7,6;124,62;-23,202;-0,919;23,048;91,247
7,6;124,64;-23,186;-0,918;23,048;91,246
7,6;124,67;-23,169;-0,917;23,047;91,246
7,6;124,7;-23,153;-0,917;23,047;91,245
7,6;124,72;-23,137;-0,916;23,047;91,244
7,6;124,75;-23,121;-0,915;23,047;91,244
7,61;124,78;-23,105;-0,915;23,047;91,243
7,61;124,8;-23,089;-0,914;23,047;91,242
7,61;124,83;-23,073;-0,913;23,046;91,242
7,61;124,86;-23,056;-0,913;23,046;91,241
7,61;124,88;-23,04;-0,912;23,046;91,24
7,61;124,91;-23,024;-0,912;23,046;91,24
7,62;124,94;-23,008;-0,911;23,046;91,239
7,62;124,96;-22,992;-0,91;23,046;91,238
7,62;124,99;-22,975;-0,91;23,045;91,238
7,62;125,02;-22,96;-0,909;23,045;91,237
7,62;125,05;-22,943;-0,908;23,045;91,236
7,63;125,07;-22,927;-0,908;23,045;91,236
7,63;125,1;-22,911;-0,907;23,045;91,235
7,63;125,13;-22,895;-0,906;23,045;91,234
7,63;125,15;-22,879;-0,906;23,044;91,234
7,63;125,18;-22,863;-0,905;23,044;91,233
7,63;125,21;-22,847;-0,905;23,044;91,232
7,64;125,23;-22,831;-0,904;23,044;91,232
7,64;125,26;-22,814;-0,903;23,044;91,231
7,64;125,29;-22,798;-0,903;23,044;91,23
7,64;125,31;-22,781;-0,902;23,043;91,23
7,64;125,34;-22,765;-0,901;23,043;91,229
7,64;125,37;-22,749;-0,901;23,043;91,228
7,65;125,39;-22,733;-0,9;23,043;91,228
7,65;125,42;-22,717;-0,899;23,043;91,227
7,65;125,45;-22,701;-0,899;23,043;91,227
7,65;125,47;-22,685;-0,898;23,043;91,226
7,65;125,5;-22,669;-0,897;23,042;91,225
7,65;125,53;-22,652;-0,897;23,042;91,225
7,65;125,55;-22,636;-0,896;23,042;91,224
7,66;125,58;-22,62;-0,896;23,042;91,223
7,66;125,61;-22,604;-0,895;23,042;91,223
7,66;125,63;-22,588;-0,894;23,042;91,222
7,66;125,66;-22,571;-0,894;23,041;91,221
7,66;125,69;-22,555;-0,893;23,041;91,221
7,66;125,72;-22,539;-0,892;23,041;91,22
7,67;125,74;-22,523;-0,892;23,041;91,219
7,67;125,77;-22,507;-0,891;23,041;91,219
7,67;125,8;-22,491;-0,89;23,041;91,218
7,67;125,82;-22,475;-0,89;23,04;91,218
7,67;125,85;-22,459;-0,889;23,04;91,217
7,68;125,88;-22,442;-0,888;23,04;91,216
7,68;125,9;-22,426;-0,888;23,04;91,216
7,68;125,93;-22,41;-0,887;23,04;91,215
7,68;125,96;-22,394;-0,887;23,04;91,214
7,68;125,98;-22,378;-0,886;23,039;91,214
7,68;126,01;-22,362;-0,885;23,039;91,213
7,69;126,04;-22,346;-0,885;23,039;91,212
7,69;126,06;-22,33;-0,884;23,039;91,212
7,69;126,09;-22,314;-0,883;23,039;91,211
7,69;126,12;-22,297;-0,883;23,039;91,21
7,69;126,15;-22,281;-0,882;23,038;91,21
7,69;126,17;-22,265;-0,881;23,038;91,209
7,7;126,2;-22,249;-0,881;23,038;91,209
7,7;126,23;-22,232;-0,88;23,038;91,208
7,7;126,25;-22,216;-0,88;23,038;91,207
7,7;126,28;-22,2;-0,879;23,038;91,207
7,7;126,31;-22,184;-0,878;23,037;91,206
7,7;126,33;-22,168;-0,878;23,037;91,205
7,7;126,36;-22,152;-0,877;23,037;91,205
7,71;126,39;-22,136;-0,876;23,037;91,204
7,71;126,41;-22,12;-0,876;23,037;91,203
7,71;126,44;-22,103;-0,875;23,037;91,203
7,71;126,47;-22,087;-0,874;23,036;91,202
7,71;126,49;-22,071;-0,874;23,036;91,201
7,71;126,52;-22,055;-0,873;23,036;91,201
7,72;126,55;-22,039;-0,873;23,036;91,2
7,72;126,57;-22,023;-0,872;23,036;91,199
7,72;126,6;-22,007;-0,871;23,036;91,199
7,72;126,63;-21,992;-0,871;23,036;91,198
7,72;126,66;-21,976;-0,87;23,035;91,198
7,73;126,68;-21,96;-0,869;23,035;91,197
7,73;126,71;-21,944;-0,869;23,035;91,196
7,73;126,74;-21,928;-0,868;23,035;91,196
7,73;126,76;-21,911;-0,867;23,035;91,195
7,73;126,79;-21,895;-0,867;23,035;91,194
7,73;126,82;-21,879;-0,866;23,034;91,194
7,74;126,84;-21,863;-0,866;23,034;91,193
7,74;126,87;-21,846;-0,865;23,034;91,192
7,74;126,9;-21,83;-0,864;23,034;91,192
7,74;126,92;-21,814;-0,864;23,034;91,191
7,74;126,95;-21,799;-0,863;23,034;91,19
7,74;126,98;-21,782;-0,862;23,033;91,19
7,75;127;-21,766;-0,862;23,033;91,189
7,75;127,03;-21,75;-0,861;23,033;91,188
7,75;127,06;-21,734;-0,86;23,033;91,188
7,75;127,09;-21,718;-0,86;23,033;91,187
7,75;127,11;-21,702;-0,859;23,033;91,186
7,75;127,14;-21,686;-0,859;23,032;91,186
7,75;127,17;-21,67;-0,858;23,032;91,185
7,76;127,19;-21,654;-0,857;23,032;91,185
7,76;127,22;-21,638;-0,857;23,032;91,184
7,76;127,25;-21,622;-0,856;23,032;91,183
7,76;127,27;-21,606;-0,855;23,032;91,183
7,76;127,3;-21,59;-0,855;23,031;91,182
7,76;127,33;-21,574;-0,854;23,031;91,181
7,77;127,35;-21,558;-0,853;23,031;91,181
7,77;127,38;-21,542;-0,853;23,031;91,18
7,77;127,41;-21,526;-0,852;23,031;91,179
7,77;127,43;-21,51;-0,852;23,031;91,179
7,77;127,46;-21,494;-0,851;23,03;91,178
7,78;127,49;-21,479;-0,85;23,03;91,177
7,78;127,51;-21,463;-0,85;23,03;91,177
7,78;127,54;-21,447;-0,849;23,03;91,176
7,78;127,57;-21,43;-0,848;23,03;91,175
7,78;127,59;-21,415;-0,848;23,03;91,175
7,78;127,62;-21,399;-0,847;23,029;91,174
7,79;127,65;-21,383;-0,847;23,029;91,174
7,79;127,67;-21,367;-0,846;23,029;91,173
7,79;127,7;-21,35;-0,845;23,029;91,172
7,79;127,73;-21,334;-0,845;23,029;91,172
7,79;127,76;-21,319;-0,844;23,029;91,171
7,79;127,78;-21,303;-0,843;23,028;91,17
7,8;127,81;-21,286;-0,843;23,028;91,17
7,8;127,84;-21,271;-0,842;23,028;91,169
7,8;127,86;-21,255;-0,842;23,028;91,168
7,8;127,89;-21,24;-0,841;23,028;91,168
7,8;127,92;-21,224;-0,84;23,028;91,167
7,8;127,94;-21,209;-0,84;23,028;91,166
7,8;127,97;-21,193;-0,839;23,027;91,166
7,81;128;-21,177;-0,838;23,027;91,165
7,81;128,02;-21,161;-0,838;23,027;91,165
7,81;128,05;-21,146;-0,837;23,027;91,164
7,81;128,08;-21,13;-0,837;23,027;91,163
7,81;128,1;-21,114;-0,836;23,027;91,163
7,81;128,13;-21,098;-0,835;23,026;91,162
7,82;128,16;-21,083;-0,835;23,026;91,161
7,82;128,18;-21,067;-0,834;23,026;91,161
7,82;128,21;-21,052;-0,833;23,026;91,16
7,82;128,24;-21,036;-0,833;23,026;91,159
7,82;128,26;-21,02;-0,832;23,026;91,159
7,83;128,29;-21,004;-0,832;23,025;91,158
7,83;128,32;-20,989;-0,831;23,025;91,158
7,83;128,34;-20,973;-0,83;23,025;91,157
7,83;128,37;-20,958;-0,83;23,025;91,156
7,83;128,4;-20,942;-0,829;23,025;91,156
7,83;128,43;-20,926;-0,828;23,025;91,155
7,84;128,45;-20,911;-0,828;23,024;91,154
7,84;128,48;-20,895;-0,827;23,024;91,154
7,84;128,51;-20,879;-0,827;23,024;91,153
7,84;128,53;-20,864;-0,826;23,024;91,153
7,84;128,56;-20,848;-0,825;23,024;91,152
7,84;128,59;-20,833;-0,825;23,024;91,151
7,85;128,61;-20,817;-0,824;23,024;91,151
7,85;128,64;-20,802;-0,824;23,023;91,15
7,85;128,67;-20,786;-0,823;23,023;91,149
7,85;128,69;-20,771;-0,822;23,023;91,149
7,85;128,72;-20,755;-0,822;23,023;91,148
7,85;128,75;-20,739;-0,821;23,023;91,148
7,85;128,77;-20,723;-0,82;23,023;91,147
7,86;128,8;-20,708;-0,82;23,022;91,146
7,86;128,83;-20,692;-0,819;23,022;91,146
7,86;128,85;-20,677;-0,819;23,022;91,145
7,86;128,88;-20,661;-0,818;23,022;91,144
7,86;128,91;-20,645;-0,817;23,022;91,144
7,86;128,93;-20,63;-0,817;23,022;91,143
7,87;128,96;-20,614;-0,816;23,021;91,143
7,87;128,99;-20,599;-0,816;23,021;91,142
7,87;129,02;-20,583;-0,815;23,021;91,141
7,87;129,04;-20,568;-0,814;23,021;91,141
7,87;129,07;-20,552;-0,814;23,021;91,14
7,88;129,1;-20,537;-0,813;23,021;91,14
7,88;129,12;-20,521;-0,812;23,021;91,139
7,88;129,15;-20,506;-0,812;23,02;91,138
7,88;129,18;-20,49;-0,811;23,02;91,138
7,88;129,2;-20,474;-0,811;23,02;91,137
7,88;129,23;-20,458;-0,81;23,02;91,136
7,89;129,26;-20,442;-0,809;23,02;91,136
7,89;129,28;-20,426;-0,809;23,02;91,135
7,89;129,31;-20,41;-0,808;23,019;91,135
7,89;129,34;-20,395;-0,807;23,019;91,134
7,89;129,36;-20,38;-0,807;23,019;91,133
7,89;129,39;-20,364;-0,806;23,019;91,133
7,9;129,42;-20,349;-0,806;23,019;91,132
7,9;129,44;-20,333;-0,805;23,019;91,132
7,9;129,47;-20,317;-0,804;23,019;91,131
7,9;129,5;-20,302;-0,804;23,018;91,13
7,9;129,52;-20,287;-0,803;23,018;91,13
7,9;129,55;-20,271;-0,803;23,018;91,129
7,9;129,58;-20,256;-0,802;23,018;91,129
7,91;129,6;-20,241;-0,801;23,018;91,128
7,91;129,63;-20,225;-0,801;23,018;91,127
7,91;129,66;-20,21;-0,8;23,017;91,127
7,91;129,68;-20,194;-0,8;23,017;91,126
7,91;129,71;-20,179;-0,799;23,017;91,126
7,91;129,74;-20,163;-0,798;23,017;91,125
7,92;129,76;-20,148;-0,798;23,017;91,124
7,92;129,79;-20,133;-0,797;23,017;91,124
7,92;129,82;-20,118;-0,796;23,017;91,123
7,92;129,84;-20,103;-0,796;23,016;91,123
7,92;129,87;-20,087;-0,795;23,016;91,122
7,93;129,9;-20,072;-0,795;23,016;91,121
7,93;129,92;-20,057;-0,794;23,016;91,121
7,93;129,95;-20,041;-0,793;23,016;91,12
7,93;129,98;-20,025;-0,793;23,016;91,12
7,93;130,01;-20,011;-0,792;23,016;91,119
7,93;130,03;-19,995;-0,792;23,015;91,119
7,94;130,06;-19,981;-0,791;23,015;91,118
7,94;130,09;-19,965;-0,79;23,015;91,117
7,94;130,11;-19,95;-0,79;23,015;91,117
7,94;130,14;-19,935;-0,789;23,015;91,116
7,94;130,17;-19,92;-0,789;23,015;91,116
7,94;130,19;-19,905;-0,788;23,015;91,115
7,95;130,22;-19,891;-0,787;23,014;91,115
7,95;130,25;-19,875;-0,787;23,014;91,114
7,95;130,27;-19,86;-0,786;23,014;91,113
7,95;130,3;-19,846;-0,786;23,014;91,113
7,95;130,33;-19,83;-0,785;23,014;91,112
7,95;130,35;-19,816;-0,785;23,014;91,112
7,95;130,38;-19,8;-0,784;23,014;91,111
7,96;130,41;-19,785;-0,783;23,013;91,111
7,96;130,43;-19,77;-0,783;23,013;91,11
7,96;130,46;-19,755;-0,782;23,013;91,109
7,96;130,49;-19,74;-0,782;23,013;91,109
7,96;130,51;-19,726;-0,781;23,013;91,108
7,96;130,54;-19,711;-0,78;23,013;91,108
7,97;130,57;-19,696;-0,78;23,013;91,107
7,97;130,59;-19,682;-0,779;23,012;91,107
7,97;130,62;-19,667;-0,779;23,012;91,106
7,97;130,65;-19,652;-0,778;23,012;91,105
7,97;130,67;-19,637;-0,777;23,012;91,105
7,98;130,7;-19,622;-0,777;23,012;91,104
7,98;130,73;-19,607;-0,776;23,012;91,104
7,98;130,75;-19,593;-0,776;23,012;91,103
7,98;130,78;-19,578;-0,775;23,011;91,103
7,98;130,81;-19,563;-0,775;23,011;91,102
7,98;130,83;-19,549;-0,774;23,011;91,102
7,99;130,86;-19,534;-0,773;23,011;91,101
7,99;130,89;-19,519;-0,773;23,011;91,1
7,99;130,91;-19,504;-0,772;23,011;91,1
7,99;130,94;-19,489;-0,772;23,011;91,099
7,99;130,97;-19,474;-0,771;23,01;91,099
7,99;130,99;-19,46;-0,77;23,01;91,098
8;131,02;-19,445;-0,77;23,01;91,098
8;131,05;-19,43;-0,769;23,01;91,097
8;131,07;-19,415;-0,769;23,01;91,097
8;131,1;-19,4;-0,768;23,01;91,096
8;131,13;-19,386;-0,767;23,01;91,096
8;131,15;-19,371;-0,767;23,009;91,095
8;131,18;-19,356;-0,766;23,009;91,094
8,01;131,21;-19,341;-0,766;23,009;91,094
8,01;131,23;-19,326;-0,765;23,009;91,093
8,01;131,26;-19,311;-0,765;23,009;91,093
8,01;131,29;-19,296;-0,764;23,009;91,092
8,01;131,31;-19,281;-0,763;23,009;91,092
8,01;131,34;-19,266;-0,763;23,009;91,091
8,02;131,37;-19,251;-0,762;23,008;91,091
8,02;131,39;-19,236;-0,762;23,008;91,09
8,02;131,42;-19,22;-0,761;23,008;91,09
8,02;131,45;-19,206;-0,76;23,008;91,089
8,02;131,47;-19,191;-0,76;23,008;91,089
8,03;131,5;-19,176;-0,759;23,008;91,088
8,03;131,53;-19,161;-0,759;23,008;91,088
8,03;131,55;-19,146;-0,758;23,007;91,087
8,03;131,58;-19,131;-0,757;23,007;91,087
8,03;131,61;-19,116;-0,757;23,007;91,086
8,03;131,63;-19,101;-0,756;23,007;91,085
8,04;131,66;-19,087;-0,756;23,007;91,085
8,04;131,69;-19,072;-0,755;23,007;91,084
8,04;131,71;-19,057;-0,754;23,007;91,084
8,04;131,74;-19,042;-0,754;23,007;91,083
8,04;131,77;-19,028;-0,753;23,006;91,083
8,04;131,79;-19,013;-0,753;23,006;91,082
8,05;131,82;-18,998;-0,752;23,006;91,082
8,05;131,85;-18,983;-0,752;23,006;91,081
8,05;131,87;-18,968;-0,751;23,006;91,081
8,05;131,9;-18,953;-0,75;23,006;91,08
8,05;131,93;-18,938;-0,75;23,006;91,08
8,05;131,95;-18,923;-0,749;23,006;91,079
8,05;131,98;-18,909;-0,749;23,005;91,079
8,06;132,01;-18,894;-0,748;23,005;91,078
8,06;132,03;-18,88;-0,747;23,005;91,078
8,06;132,06;-18,865;-0,747;23,005;91,077
8,06;132,09;-18,85;-0,746;23,005;91,077
8,06;132,12;-18,835;-0,746;23,005;91,076
8,06;132,14;-18,82;-0,745;23,005;91,076
8,07;132,17;-18,805;-0,744;23,004;91,075
8,07;132,2;-18,79;-0,744;23,004;91,075
8,07;132,22;-18,775;-0,743;23,004;91,074
8,07;132,25;-18,761;-0,743;23,004;91,074
8,07;132,28;-18,746;-0,742;23,004;91,073
8,08;132,3;-18,731;-0,742;23,004;91,073
8,08;132,33;-18,716;-0,741;23,004;91,072
8,08;132,35;-18,702;-0,74;23,004;91,072
8,08;132,38;-18,687;-0,74;23,003;91,071
8,08;132,41;-18,672;-0,739;23,003;91,071
8,08;132,44;-18,658;-0,739;23,003;91,07
8,09;132,46;-18,643;-0,738;23,003;91,07
8,09;132,49;-18,629;-0,738;23,003;91,069
8,09;132,52;-18,614;-0,737;23,003;91,069
8,09;132,54;-18,599;-0,736;23,003;91,068
8,09;132,57;-18,585;-0,736;23,003;91,068
8,09;132,59;-18,571;-0,735;23,003;91,068
8,1;132,62;-18,557;-0,735;23,002;91,067
8,1;132,65;-18,543;-0,734;23,002;91,067
8,1;132,68;-18,528;-0,734;23,002;91,066
8,1;132,7;-18,514;-0,733;23,002;91,066
8,1;132,73;-18,499;-0,732;23,002;91,065
8,1;132,76;-18,485;-0,732;23,002;91,065
8,1;132,78;-18,47;-0,731;23,002;91,064
8,11;132,81;-18,456;-0,731;23,002;91,064
8,11;132,84;-18,441;-0,73;23,001;91,063
8,11;132,86;-18,427;-0,73;23,001;91,063
8,11;132,89;-18,413;-0,729;23,001;91,062
8,11;132,92;-18,398;-0,728;23,001;91,062
8,11;132,94;-18,384;-0,728;23,001;91,061
8,12;132,97;-18,369;-0,727;23,001;91,061
8,12;133;-18,355;-0,727;23,001;91,06
8,12;133,02;-18,34;-0,726;23,001;91,06
8,12;133,05;-18,326;-0,726;23;91,06
8,12;133,08;-18,312;-0,725;23;91,059
8,13;133,1;-18,297;-0,724;23;91,059
8,13;133,13;-18,283;-0,724;23;91,058
8,13;133,16;-18,268;-0,723;23;91,058
8,13;133,18;-18,254;-0,723;23;91,057
8,13;133,21;-18,24;-0,722;23;91,057
8,13;133,24;-18,225;-0,722;23;91,056
8,14;133,26;-18,211;-0,721;23;91,056
8,14;133,29;-18,197;-0,72;22,999;91,055
8,14;133,32;-18,182;-0,72;22,999;91,055
8,14;133,34;-18,168;-0,719;22,999;91,055
8,14;133,37;-18,154;-0,719;22,999;91,054
8,14;133,4;-18,14;-0,718;22,999;91,054
8,15;133,42;-18,126;-0,718;22,999;91,053
8,15;133,45;-18,112;-0,717;22,999;91,053
8,15;133,48;-18,098;-0,717;22,999;91,052
8,15;133,5;-18,084;-0,716;22,999;91,052
8,15;133,53;-18,07;-0,715;22,998;91,051
8,15;133,56;-18,056;-0,715;22,998;91,051
8,15;133,58;-18,042;-0,714;22,998;91,051
8,16;133,61;-18,028;-0,714;22,998;91,05
8,16;133,64;-18,014;-0,713;22,998;91,05
8,16;133,66;-18;-0,713;22,998;91,049
8,16;133,69;-17,986;-0,712;22,998;91,049
8,16;133,72;-17,972;-0,712;22,998;91,048
8,16;133,74;-17,958;-0,711;22,998;91,048
8,17;133,77;-17,944;-0,71;22,997;91,047
8,17;133,8;-17,93;-0,71;22,997;91,047
8,17;133,82;-17,916;-0,709;22,997;91,047
8,17;133,85;-17,902;-0,709;22,997;91,046
8,17;133,88;-17,888;-0,708;22,997;91,046
8,18;133,9;-17,874;-0,708;22,997;91,045
8,18;133,93;-17,86;-0,707;22,997;91,045
8,18;133,96;-17,846;-0,707;22,997;91,044
8,18;133,98;-17,833;-0,706;22,997;91,044
8,18;134,01;-17,819;-0,705;22,996;91,044
8,18;134,04;-17,805;-0,705;22,996;91,043
8,19;134,06;-17,791;-0,704;22,996;91,043
8,19;134,09;-17,777;-0,704;22,996;91,042
8,19;134,12;-17,764;-0,703;22,996;91,042
8,19;134,14;-17,75;-0,703;22,996;91,042
8,19;134,17;-17,737;-0,702;22,996;91,041
8,19;134,2;-17,723;-0,702;22,996;91,041
8,2;134,22;-17,709;-0,701;22,996;91,04
8,2;134,25;-17,695;-0,701;22,996;91,04
8,2;134,27;-17,681;-0,7;22,995;91,039
8,2;134,3;-17,667;-0,699;22,995;91,039
8,2;134,33;-17,654;-0,699;22,995;91,039
8,2;134,35;-17,64;-0,698;22,995;91,038
8,2;134,38;-17,626;-0,698;22,995;91,038
8,21;134,41;-17,613;-0,697;22,995;91,037
8,21;134,43;-17,599;-0,697;22,995;91,037
8,21;134,46;-17,586;-0,696;22,995;91,037
8,21;134,49;-17,572;-0,696;22,995;91,036
8,21;134,51;-17,558;-0,695;22,995;91,036
8,21;134,54;-17,545;-0,695;22,994;91,035
8,22;134,57;-17,532;-0,694;22,994;91,035
8,22;134,59;-17,518;-0,694;22,994;91,035
8,22;134,62;-17,505;-0,693;22,994;91,034
8,22;134,65;-17,492;-0,693;22,994;91,034
8,22;134,67;-17,478;-0,692;22,994;91,033
8,23;134,7;-17,465;-0,691;22,994;91,033
8,23;134,73;-17,451;-0,691;22,994;91,033
8,23;134,75;-17,438;-0,69;22,994;91,032
8,23;134,78;-17,424;-0,69;22,994;91,032
8,23;134,81;-17,41;-0,689;22,993;91,031
8,23;134,83;-17,397;-0,689;22,993;91,031
8,24;134,86;-17,384;-0,688;22,993;91,031
8,24;134,89;-17,37;-0,688;22,993;91,03
8,24;134,91;-17,356;-0,687;22,993;91,03
8,24;134,94;-17,343;-0,687;22,993;91,03
8,24;134,97;-17,329;-0,686;22,993;91,029
8,24;134,99;-17,316;-0,686;22,993;91,029
8,25;135,02;-17,302;-0,685;22,993;91,028
8,25;135,04;-17,288;-0,684;22,993;91,028
8,25;135,07;-17,275;-0,684;22,992;91,028
8,25;135,1;-17,261;-0,683;22,992;91,027
8,25;135,12;-17,248;-0,683;22,992;91,027
8,25;135,15;-17,234;-0,682;22,992;91,027
8,25;135,18;-17,221;-0,682;22,992;91,026
8,26;135,2;-17,208;-0,681;22,992;91,026
8,26;135,23;-17,194;-0,681;22,992;91,025
8,26;135,26;-17,181;-0,68;22,992;91,025
8,26;135,28;-17,167;-0,68;22,992;91,025
8,26;135,31;-17,154;-0,679;22,992;91,024
8,26;135,34;-17,141;-0,679;22,991;91,024
8,27;135,36;-17,127;-0,678;22,991;91,024
8,27;135,39;-17,115;-0,678;22,991;91,023
8,27;135,42;-17,102;-0,677;22,991;91,023
8,27;135,44;-17,089;-0,677;22,991;91,022
8,27;135,47;-17,075;-0,676;22,991;91,022
8,28;135,5;-17,062;-0,675;22,991;91,022
8,28;135,52;-17,049;-0,675;22,991;91,021
8,28;135,55;-17,036;-0,674;22,991;91,021
8,28;135,58;-17,023;-0,674;22,991;91,021
8,28;135,6;-17,01;-0,673;22,991;91,02
8,28;135,63;-16,997;-0,673;22,99;91,02
8,29;135,66;-16,984;-0,672;22,99;91,02
8,29;135,68;-16,97;-0,672;22,99;91,019
8,29;135,71;-16,957;-0,671;22,99;91,019
8,29;135,74;-16,944;-0,671;22,99;91,018
8,29;135,76;-16,931;-0,67;22,99;91,018
8,29;135,79;-16,919;-0,67;22,99;91,018
8,3;135,82;-16,906;-0,669;22,99;91,017
8,3;135,84;-16,893;-0,669;22,99;91,017
8,3;135,87;-16,879;-0,668;22,99;91,017
8,3;135,9;-16,866;-0,668;22,99;91,016
8,3;135,92;-16,853;-0,667;22,99;91,016
8,3;135,95;-16,84;-0,667;22,989;91,016
8,3;135,98;-16,827;-0,666;22,989;91,015
8,31;136;-16,814;-0,666;22,989;91,015
8,31;136,03;-16,801;-0,665;22,989;91,015
8,31;136,06;-16,788;-0,665;22,989;91,014
8,31;136,08;-16,775;-0,664;22,989;91,014
8,31;136,11;-16,762;-0,664;22,989;91,014
8,31;136,14;-16,75;-0,663;22,989;91,013
8,32;136,16;-16,737;-0,663;22,989;91,013
8,32;136,19;-16,724;-0,662;22,989;91,013
8,32;136,22;-16,711;-0,662;22,989;91,012
8,32;136,24;-16,698;-0,661;22,988;91,012
8,32;136,27;-16,685;-0,661;22,988;91,012
8,33;136,3;-16,672;-0,66;22,988;91,011
8,33;136,32;-16,66;-0,66;22,988;91,011
8,33;136,35;-16,647;-0,659;22,988;91,011
8,33;136,38;-16,634;-0,659;22,988;91,01
8,33;136,4;-16,622;-0,658;22,988;91,01
8,33;136,43;-16,609;-0,658;22,988;91,01
8,34;136,45;-16,596;-0,657;22,988;91,009
8,34;136,48;-16,584;-0,657;22,988;91,009
8,34;136,51;-16,571;-0,656;22,988;91,009
8,34;136,53;-16,558;-0,656;22,988;91,008
8,34;136,56;-16,545;-0,655;22,987;91,008
8,34;136,59;-16,532;-0,655;22,987;91,008
8,35;136,61;-16,519;-0,654;22,987;91,007
8,35;136,64;-16,507;-0,654;22,987;91,007
8,35;136,67;-16,494;-0,653;22,987;91,007
8,35;136,69;-16,481;-0,652;22,987;91,006
8,35;136,72;-16,468;-0,652;22,987;91,006
8,35;136,75;-16,455;-0,651;22,987;91,006
8,35;136,77;-16,442;-0,651;22,987;91,006
8,36;136,8;-16,429;-0,65;22,987;91,005
8,36;136,83;-16,416;-0,65;22,987;91,005
8,36;136,85;-16,403;-0,649;22,987;91,005
8,36;136,88;-16,391;-0,649;22,987;91,004
8,36;136,91;-16,378;-0,648;22,986;91,004
8,36;136,93;-16,365;-0,648;22,986;91,004
8,37;136,96;-16,352;-0,647;22,986;91,003
8,37;136,99;-16,34;-0,647;22,986;91,003
8,37;137,01;-16,328;-0,646;22,986;91,003
8,37;137,04;-16,316;-0,646;22,986;91,002
8,37;137,07;-16,304;-0,645;22,986;91,002
8,38;137,09;-16,291;-0,645;22,986;91,002
8,38;137,12;-16,278;-0,644;22,986;91,002
8,38;137,15;-16,266;-0,644;22,986;91,001
8,38;137,17;-16,254;-0,643;22,986;91,001
8,38;137,2;-16,241;-0,643;22,986;91,001
8,38;137,22;-16,229;-0,643;22,986;91
8,39;137,25;-16,217;-0,642;22,985;91
8,39;137,28;-16,203;-0,641;22,985;91
8,39;137,3;-16,191;-0,641;22,985;90,999
8,39;137,33;-16,179;-0,641;22,985;90,999
8,39;137,36;-16,167;-0,64;22,985;90,999
8,39;137,38;-16,155;-0,64;22,985;90,999
8,4;137,41;-16,142;-0,639;22,985;90,998
8,4;137,44;-16,13;-0,639;22,985;90,998
8,4;137,46;-16,117;-0,638;22,985;90,998
8,4;137,49;-16,105;-0,638;22,985;90,997
8,4;137,52;-16,092;-0,637;22,985;90,997
8,4;137,54;-16,08;-0,637;22,985;90,997
8,4;137,57;-16,069;-0,636;22,985;90,996
8,41;137,6;-16,057;-0,636;22,985;90,996
8,41;137,62;-16,045;-0,635;22,984;90,996
8,41;137,65;-16,033;-0,635;22,984;90,996
8,41;137,67;-16,021;-0,634;22,984;90,995
8,41;137,7;-16,009;-0,634;22,984;90,995
8,41;137,73;-15,997;-0,633;22,984;90,995
8,42;137,75;-15,985;-0,633;22,984;90,994
8,42;137,78;-15,973;-0,632;22,984;90,994
8,42;137,81;-15,96;-0,632;22,984;90,994
8,42;137,83;-15,948;-0,631;22,984;90,994
8,42;137,86;-15,937;-0,631;22,984;90,993
8,43;137,89;-15,925;-0,63;22,984;90,993
8,43;137,91;-15,913;-0,63;22,984;90,993
8,43;137,94;-15,902;-0,63;22,984;90,993
8,43;137,97;-15,889;-0,629;22,984;90,992
8,43;137,99;-15,877;-0,629;22,983;90,992
8,43;138,02;-15,866;-0,628;22,983;90,992
8,44;138,05;-15,854;-0,628;22,983;90,991
8,44;138,07;-15,842;-0,627;22,983;90,991
8,44;138,1;-15,83;-0,627;22,983;90,991
8,44;138,12;-15,818;-0,626;22,983;90,991
8,44;138,15;-15,806;-0,626;22,983;90,99
8,44;138,18;-15,794;-0,625;22,983;90,99
8,45;138,2;-15,782;-0,625;22,983;90,99
8,45;138,23;-15,771;-0,624;22,983;90,99
8,45;138,26;-15,759;-0,624;22,983;90,989
8,45;138,28;-15,748;-0,623;22,983;90,989
8,45;138,31;-15,736;-0,623;22,983;90,989
8,45;138,34;-15,724;-0,623;22,983;90,989
8,45;138,36;-15,711;-0,622;22,982;90,988
8,46;138,39;-15,699;-0,622;22,982;90,988
8,46;138,42;-15,688;-0,621;22,982;90,988
8,46;138,44;-15,676;-0,621;22,982;90,987
8,46;138,47;-15,664;-0,62;22,982;90,987
8,46;138,49;-15,652;-0,62;22,982;90,987
8,46;138,52;-15,641;-0,619;22,982;90,987
8,47;138,55;-15,63;-0,619;22,982;90,986
8,47;138,57;-15,618;-0,618;22,982;90,986
8,47;138,6;-15,607;-0,618;22,982;90,986
8,47;138,63;-15,595;-0,617;22,982;90,986
8,47;138,65;-15,583;-0,617;22,982;90,985
8,48;138,68;-15,571;-0,616;22,982;90,985
8,48;138,71;-15,56;-0,616;22,982;90,985
8,48;138,73;-15,548;-0,616;22,982;90,985
8,48;138,76;-15,536;-0,615;22,982;90,984
8,48;138,79;-15,525;-0,615;22,981;90,984
8,48;138,81;-15,513;-0,614;22,981;90,984
8,49;138,84;-15,502;-0,614;22,981;90,984
8,49;138,86;-15,491;-0,613;22,981;90,983
8,49;138,89;-15,479;-0,613;22,981;90,983
8,49;138,92;-15,467;-0,612;22,981;90,983
8,49;138,94;-15,456;-0,612;22,981;90,983
8,49;138,97;-15,445;-0,611;22,981;90,982
8,5;139;-15,434;-0,611;22,981;90,982
8,5;139,02;-15,422;-0,611;22,981;90,982
8,5;139,05;-15,411;-0,61;22,981;90,982
8,5;139,08;-15,4;-0,61;22,981;90,982
8,5;139,1;-15,388;-0,609;22,981;90,981
8,5;139,13;-15,378;-0,609;22,981;90,981
8,5;139,16;-15,367;-0,608;22,981;90,981
8,51;139,18;-15,356;-0,608;22,981;90,981
8,51;139,21;-15,344;-0,607;22,98;90,98
8,51;139,23;-15,333;-0,607;22,98;90,98
8,51;139,26;-15,322;-0,607;22,98;90,98
8,51;139,29;-15,311;-0,606;22,98;90,98
8,51;139,31;-15,3;-0,606;22,98;90,979
8,52;139,34;-15,289;-0,605;22,98;90,979
8,52;139,37;-15,279;-0,605;22,98;90,979
8,52;139,39;-15,268;-0,604;22,98;90,979
8,52;139,42;-15,256;-0,604;22,98;90,978
8,52;139,45;-15,246;-0,604;22,98;90,978
8,53;139,47;-15,235;-0,603;22,98;90,978
8,53;139,5;-15,224;-0,603;22,98;90,978
8,53;139,52;-15,213;-0,602;22,98;90,978
8,53;139,55;-15,202;-0,602;22,98;90,977
8,53;139,58;-15,191;-0,601;22,98;90,977
8,53;139,6;-15,18;-0,601;22,98;90,977
8,53;139,63;-15,169;-0,601;22,98;90,977
8,54;139,66;-15,158;-0,6;22,98;90,976
8,54;139,68;-15,147;-0,6;22,979;90,976
8,54;139,71;-15,137;-0,599;22,979;90,976
8,54;139,73;-15,126;-0,599;22,979;90,976
8,54;139,76;-15,115;-0,598;22,979;90,976
8,55;139,79;-15,103;-0,598;22,979;90,975
8,55;139,81;-15,093;-0,598;22,979;90,975
8,55;139,84;-15,082;-0,597;22,979;90,975
8,55;139,87;-15,071;-0,597;22,979;90,975
8,55;139,89;-15,06;-0,596;22,979;90,974
8,55;139,92;-15,049;-0,596;22,979;90,974
8,55;139,95;-15,039;-0,595;22,979;90,974
8,56;139,97;-15,028;-0,595;22,979;90,974
8,56;140;-15,017;-0,595;22,979;90,974
8,56;140,02;-15,006;-0,594;22,979;90,973
8,56;140,05;-14,996;-0,594;22,979;90,973
8,56;140,08;-14,985;-0,593;22,979;90,973
8,57;140,1;-14,974;-0,593;22,979;90,973
8,57;140,13;-14,963;-0,592;22,979;90,973
8,57;140,16;-14,952;-0,592;22,978;90,972
8,57;140,18;-14,941;-0,592;22,978;90,972
8,57;140,21;-14,931;-0,591;22,978;90,972
8,57;140,23;-14,92;-0,591;22,978;90,972
8,58;140,26;-14,909;-0,59;22,978;90,971
8,58;140,29;-14,898;-0,59;22,978;90,971
8,58;140,31;-14,887;-0,589;22,978;90,971
8,58;140,34;-14,876;-0,589;22,978;90,971
8,58;140,37;-14,865;-0,589;22,978;90,971
8,58;140,39;-14,855;-0,588;22,978;90,97
8,58;140,42;-14,844;-0,588;22,978;90,97
8,59;140,45;-14,833;-0,587;22,978;90,97
8,59;140,47;-14,822;-0,587;22,978;90,97
8,59;140,5;-14,811;-0,586;22,978;90,97
8,59;140,52;-14,801;-0,586;22,978;90,969
8,59;140,55;-14,79;-0,586;22,978;90,969
8,6;140,58;-14,78;-0,585;22,978;90,969
8,6;140,6;-14,769;-0,585;22,978;90,969
8,6;140,63;-14,758;-0,584;22,978;90,969
8,6;140,66;-14,748;-0,584;22,977;90,968
8,6;140,68;-14,737;-0,583;22,977;90,968
8,6;140,71;-14,726;-0,583;22,977;90,968
8,6;140,74;-14,716;-0,583;22,977;90,968
8,61;140,76;-14,705;-0,582;22,977;90,968
8,61;140,79;-14,696;-0,582;22,977;90,967
8,61;140,81;-14,685;-0,581;22,977;90,967
8,61;140,84;-14,675;-0,581;22,977;90,967
8,61;140,87;-14,664;-0,581;22,977;90,967
8,62;140,89;-14,654;-0,58;22,977;90,967
8,62;140,92;-14,643;-0,58;22,977;90,967
8,62;140,95;-14,633;-0,579;22,977;90,966
8,62;140,97;-14,622;-0,579;22,977;90,966
8,62;141;-14,612;-0,578;22,977;90,966
8,62;141,03;-14,602;-0,578;22,977;90,966
8,63;141,05;-14,591;-0,578;22,977;90,966
8,63;141,08;-14,58;-0,577;22,977;90,965
8,63;141,1;-14,57;-0,577;22,977;90,965
8,63;141,13;-14,56;-0,576;22,977;90,965
8,63;141,16;-14,549;-0,576;22,977;90,965
8,63;141,18;-14,539;-0,576;22,977;90,965
8,63;141,21;-14,528;-0,575;22,976;90,965
8,64;141,24;-14,518;-0,575;22,976;90,964
8,64;141,26;-14,508;-0,574;22,976;90,964
8,64;141,29;-14,498;-0,574;22,976;90,964
8,64;141,32;-14,488;-0,574;22,976;90,964
8,64;141,34;-14,478;-0,573;22,976;90,964
8,65;141,37;-14,468;-0,573;22,976;90,963
8,65;141,39;-14,458;-0,572;22,976;90,963
8,65;141,42;-14,447;-0,572;22,976;90,963
8,65;141,45;-14,437;-0,572;22,976;90,963
8,65;141,47;-14,427;-0,571;22,976;90,963
8,65;141,5;-14,417;-0,571;22,976;90,963
8,65;141,53;-14,407;-0,57;22,976;90,962
8,66;141,55;-14,397;-0,57;22,976;90,962
8,66;141,58;-14,387;-0,57;22,976;90,962
8,66;141,6;-14,377;-0,569;22,976;90,962
8,66;141,63;-14,367;-0,569;22,976;90,962
8,66;141,66;-14,357;-0,568;22,976;90,962
8,67;141,68;-14,347;-0,568;22,976;90,961
8,67;141,71;-14,336;-0,568;22,976;90,961
8,67;141,74;-14,327;-0,567;22,976;90,961
8,67;141,76;-14,317;-0,567;22,976;90,961
8,67;141,79;-14,308;-0,566;22,976;90,961
8,67;141,82;-14,297;-0,566;22,975;90,961
8,68;141,84;-14,288;-0,566;22,975;90,96
8,68;141,87;-14,277;-0,565;22,975;90,96
8,68;141,89;-14,268;-0,565;22,975;90,96
8,68;141,92;-14,258;-0,564;22,975;90,96
8,68;141,95;-14,249;-0,564;22,975;90,96
8,68;141,97;-14,239;-0,564;22,975;90,96
8,68;142;-14,229;-0,563;22,975;90,959
8,69;142,02;-14,219;-0,563;22,975;90,959
8,69;142,05;-14,209;-0,563;22,975;90,959
8,69;142,08;-14,199;-0,562;22,975;90,959
8,69;142,1;-14,189;-0,562;22,975;90,959
8,69;142,13;-14,179;-0,561;22,975;90,959
8,7;142,16;-14,169;-0,561;22,975;90,958
8,7;142,18;-14,16;-0,561;22,975;90,958
8,7;142,21;-14,15;-0,56;22,975;90,958
8,7;142,23;-14,141;-0,56;22,975;90,958
8,7;142,26;-14,131;-0,559;22,975;90,958
8,7;142,29;-14,121;-0,559;22,975;90,958
8,7;142,31;-14,112;-0,559;22,975;90,957
8,71;142,34;-14,103;-0,558;22,975;90,957
8,71;142,37;-14,093;-0,558;22,975;90,957
8,71;142,39;-14,084;-0,558;22,975;90,957
8,71;142,42;-14,074;-0,557;22,975;90,957
8,71;142,44;-14,065;-0,557;22,975;90,957
8,72;142,47;-14,055;-0,556;22,974;90,956
8,72;142,5;-14,046;-0,556;22,974;90,956
8,72;142,52;-14,036;-0,556;22,974;90,956
8,72;142,55;-14,027;-0,555;22,974;90,956
8,72;142,58;-14,017;-0,555;22,974;90,956
8,72;142,6;-14,008;-0,555;22,974;90,956
8,73;142,63;-13,998;-0,554;22,974;90,956
8,73;142,65;-13,989;-0,554;22,974;90,955
8,73;142,68;-13,98;-0,553;22,974;90,955
8,73;142,71;-13,97;-0,553;22,974;90,955
8,73;142,73;-13,961;-0,553;22,974;90,955
8,73;142,76;-13,951;-0,552;22,974;90,955
8,73;142,79;-13,943;-0,552;22,974;90,955
8,74;142,81;-13,933;-0,552;22,974;90,955
8,74;142,84;-13,924;-0,551;22,974;90,954
8,74;142,86;-13,915;-0,551;22,974;90,954
8,74;142,89;-13,906;-0,551;22,974;90,954
8,74;142,92;-13,897;-0,55;22,974;90,954
8,75;142,94;-13,888;-0,55;22,974;90,954
8,75;142,97;-13,879;-0,549;22,974;90,954
8,75;142,99;-13,87;-0,549;22,974;90,953
8,75;143,02;-13,861;-0,549;22,974;90,953
8,75;143,05;-13,852;-0,548;22,974;90,953
8,75;143,07;-13,842;-0,548;22,974;90,953
8,75;143,1;-13,833;-0,548;22,974;90,953
8,76;143,13;-13,824;-0,547;22,974;90,953
8,76;143,15;-13,814;-0,547;22,973;90,953
8,76;143,18;-13,805;-0,547;22,973;90,952
8,76;143,2;-13,796;-0,546;22,973;90,952
8,76;143,23;-13,787;-0,546;22,973;90,952
8,77;143,26;-13,778;-0,545;22,973;90,952
8,77;143,28;-13,768;-0,545;22,973;90,952
8,77;143,31;-13,76;-0,545;22,973;90,952
8,77;143,34;-13,751;-0,544;22,973;90,952
8,77;143,36;-13,742;-0,544;22,973;90,952
8,77;143,39;-13,733;-0,544;22,973;90,951
8,78;143,41;-13,725;-0,543;22,973;90,951
8,78;143,44;-13,716;-0,543;22,973;90,951
8,78;143,47;-13,707;-0,543;22,973;90,951
8,78;143,49;-13,698;-0,542;22,973;90,951
8,78;143,52;-13,689;-0,542;22,973;90,951
8,78;143,54;-13,68;-0,542;22,973;90,951
8,78;143,57;-13,671;-0,541;22,973;90,95
8,79;143,6;-13,662;-0,541;22,973;90,95
8,79;143,62;-13,653;-0,541;22,973;90,95
8,79;143,65;-13,644;-0,54;22,973;90,95
8,79;143,67;-13,636;-0,54;22,973;90,95
8,79;143,7;-13,626;-0,539;22,973;90,95
8,8;143,73;-13,618;-0,539;22,973;90,95
8,8;143,75;-13,609;-0,539;22,973;90,949
8,8;143,78;-13,601;-0,538;22,973;90,949
8,8;143,81;-13,592;-0,538;22,973;90,949
8,8;143,83;-13,583;-0,538;22,973;90,949
8,8;143,86;-13,574;-0,537;22,973;90,949
8,8;143,88;-13,566;-0,537;22,973;90,949
8,81;143,91;-13,556;-0,537;22,972;90,949
8,81;143,94;-13,548;-0,536;22,972;90,949
8,81;143,96;-13,54;-0,536;22,972;90,948
8,81;143,99;-13,531;-0,536;22,972;90,948
8,81;144,01;-13,522;-0,535;22,972;90,948
8,82;144,04;-13,514;-0,535;22,972;90,948
8,82;144,07;-13,505;-0,535;22,972;90,948
8,82;144,09;-13,496;-0,534;22,972;90,948
8,82;144,12;-13,488;-0,534;22,972;90,948
8,82;144,15;-13,479;-0,534;22,972;90,948
8,82;144,17;-13,471;-0,533;22,972;90,947
8,83;144,2;-13,462;-0,533;22,972;90,947
8,83;144,22;-13,454;-0,533;22,972;90,947
8,83;144,25;-13,445;-0,532;22,972;90,947
8,83;144,28;-13,437;-0,532;22,972;90,947
8,83;144,3;-13,428;-0,532;22,972;90,947
8,83;144,33;-13,419;-0,531;22,972;90,947
8,83;144,35;-13,411;-0,531;22,972;90,947
8,84;144,38;-13,402;-0,531;22,972;90,946
8,84;144,41;-13,394;-0,53;22,972;90,946
8,84;144,43;-13,385;-0,53;22,972;90,946
8,84;144,46;-13,377;-0,53;22,972;90,946
8,84;144,48;-13,369;-0,529;22,972;90,946
8,85;144,51;-13,361;-0,529;22,972;90,946
8,85;144,54;-13,352;-0,529;22,972;90,946
8,85;144,56;-13,344;-0,528;22,972;90,946
8,85;144,59;-13,335;-0,528;22,972;90,945
8,85;144,62;-13,327;-0,528;22,972;90,945
8,85;144,64;-13,318;-0,527;22,972;90,945
8,85;144,67;-13,31;-0,527;22,972;90,945
8,86;144,69;-13,301;-0,527;22,972;90,945
8,86;144,72;-13,292;-0,526;22,972;90,945
8,86;144,75;-13,284;-0,526;22,971;90,945
8,86;144,77;-13,276;-0,526;22,971;90,945
8,86;144,8;-13,267;-0,525;22,971;90,944
8,87;144,82;-13,259;-0,525;22,971;90,944
8,87;144,85;-13,251;-0,525;22,971;90,944
8,87;144,88;-13,243;-0,524;22,971;90,944
8,87;144,9;-13,234;-0,524;22,971;90,944
8,87;144,93;-13,226;-0,524;22,971;90,944
8,87;144,96;-13,219;-0,523;22,971;90,944
8,88;144,98;-13,21;-0,523;22,971;90,944
8,88;145,01;-13,203;-0,523;22,971;90,944
8,88;145,03;-13,194;-0,522;22,971;90,943
8,88;145,06;-13,185;-0,522;22,971;90,943
8,88;145,09;-13,178;-0,522;22,971;90,943
8,88;145,11;-13,169;-0,521;22,971;90,943
8,88;145,14;-13,161;-0,521;22,971;90,943
8,89;145,16;-13,153;-0,521;22,971;90,943
8,89;145,19;-13,145;-0,52;22,971;90,943
8,89;145,22;-13,137;-0,52;22,971;90,943
8,89;145,24;-13,129;-0,52;22,971;90,943
8,89;145,27;-13,121;-0,519;22,971;90,942
8,9;145,29;-13,113;-0,519;22,971;90,942
8,9;145,32;-13,105;-0,519;22,971;90,942
8,9;145,35;-13,098;-0,519;22,971;90,942
8,9;145,37;-13,09;-0,518;22,971;90,942
8,9;145,4;-13,082;-0,518;22,971;90,942
8,9;145,42;-13,073;-0,518;22,971;90,942
8,9;145,45;-13,065;-0,517;22,971;90,942
8,91;145,48;-13,057;-0,517;22,971;90,942
8,91;145,5;-13,049;-0,517;22,971;90,942
8,91;145,53;-13,041;-0,516;22,971;90,941
8,91;145,56;-13,033;-0,516;22,971;90,941
8,91;145,58;-13,026;-0,516;22,971;90,941
8,92;145,61;-13,018;-0,515;22,971;90,941
8,92;145,63;-13,009;-0,515;22,971;90,941
8,92;145,66;-13,001;-0,515;22,971;90,941
8,92;145,69;-12,994;-0,514;22,971;90,941
8,92;145,71;-12,986;-0,514;22,97;90,941
8,92;145,74;-12,979;-0,514;22,97;90,941
8,93;145,76;-12,971;-0,514;22,97;90,94
8,93;145,79;-12,963;-0,513;22,97;90,94
8,93;145,82;-12,955;-0,513;22,97;90,94
8,93;145,84;-12,947;-0,513;22,97;90,94
8,93;145,87;-12,939;-0,512;22,97;90,94
8,93;145,89;-12,931;-0,512;22,97;90,94
8,93;145,92;-12,923;-0,512;22,97;90,94
8,94;145,95;-12,916;-0,511;22,97;90,94
8,94;145,97;-12,908;-0,511;22,97;90,94
8,94;146;-12,9;-0,511;22,97;90,94
8,94;146,02;-12,892;-0,51;22,97;90,939
8,94;146,05;-12,885;-0,51;22,97;90,939
8,95;146,08;-12,877;-0,51;22,97;90,939
8,95;146,1;-12,869;-0,51;22,97;90,939
8,95;146,13;-12,861;-0,509;22,97;90,939
8,95;146,15;-12,854;-0,509;22,97;90,939
8,95;146,18;-12,846;-0,509;22,97;90,939
8,95;146,21;-12,838;-0,508;22,97;90,939
8,95;146,23;-12,83;-0,508;22,97;90,939
8,96;146,26;-12,822;-0,508;22,97;90,939
8,96;146,29;-12,814;-0,507;22,97;90,938
8,96;146,31;-12,807;-0,507;22,97;90,938
8,96;146,34;-12,799;-0,507;22,97;90,938
8,96;146,36;-12,792;-0,506;22,97;90,938
8,97;146,39;-12,784;-0,506;22,97;90,938
8,97;146,42;-12,777;-0,506;22,97;90,938
8,97;146,44;-12,769;-0,506;22,97;90,938
8,97;146,47;-12,762;-0,505;22,97;90,938
8,97;146,49;-12,754;-0,505;22,97;90,938
8,97;146,52;-12,748;-0,505;22,97;90,938
8,98;146,55;-12,74;-0,504;22,97;90,938
8,98;146,57;-12,732;-0,504;22,97;90,937
8,98;146,6;-12,724;-0,504;22,97;90,937
8,98;146,62;-12,717;-0,503;22,97;90,937
8,98;146,65;-12,709;-0,503;22,97;90,937
8,98;146,68;-12,701;-0,503;22,97;90,937
8,98;146,7;-12,694;-0,503;22,97;90,937
8,99;146,73;-12,686;-0,502;22,97;90,937
8,99;146,75;-12,679;-0,502;22,969;90,937
8,99;146,78;-12,671;-0,502;22,969;90,937
8,99;146,81;-12,664;-0,501;22,969;90,937
8,99;146,83;-12,656;-0,501;22,969;90,937
9;146,86;-12,648;-0,501;22,969;90,936
9;146,88;-12,64;-0,5;22,969;90,936
9;146,91;-12,632;-0,5;22,969;90,936
9;146,94;-12,625;-0,5;22,969;90,936
9;146,96;-12,618;-0,5;22,969;90,936
9;146,99;-12,61;-0,499;22,969;90,936
9;147,01;-12,603;-0,499;22,969;90,936
9,01;147,04;-12,596;-0,499;22,969;90,936
9,01;147,07;-12,588;-0,498;22,969;90,936
9,01;147,09;-12,581;-0,498;22,969;90,936
9,01;147,12;-12,573;-0,498;22,969;90,936
9,01;147,14;-12,566;-0,497;22,969;90,935
9,02;147,17;-12,559;-0,497;22,969;90,935
9,02;147,2;-12,552;-0,497;22,969;90,935
9,02;147,22;-12,544;-0,497;22,969;90,935
9,02;147,25;-12,537;-0,496;22,969;90,935
9,02;147,27;-12,53;-0,496;22,969;90,935
9,02;147,3;-12,523;-0,496;22,969;90,935
9,03;147,33;-12,516;-0,496;22,969;90,935
9,03;147,35;-12,509;-0,495;22,969;90,935
9,03;147,38;-12,502;-0,495;22,969;90,935
9,03;147,4;-12,496;-0,495;22,969;90,935
9,03;147,43;-12,489;-0,494;22,969;90,934
9,03;147,46;-12,481;-0,494;22,969;90,934
9,03;147,48;-12,474;-0,494;22,969;90,934
9,04;147,51;-12,468;-0,494;22,969;90,934
9,04;147,53;-12,461;-0,493;22,969;90,934
9,04;147,56;-12,454;-0,493;22,969;90,934
9,04;147,59;-12,447;-0,493;22,969;90,934
9,04;147,61;-12,44;-0,493;22,969;90,934
9,05;147,64;-12,434;-0,492;22,969;90,934
9,05;147,66;-12,427;-0,492;22,969;90,934
9,05;147,69;-12,42;-0,492;22,969;90,934
9,05;147,72;-12,412;-0,491;22,969;90,934
9,05;147,74;-12,405;-0,491;22,969;90,933
9,05;147,77;-12,399;-0,491;22,969;90,933
9,05;147,8;-12,391;-0,491;22,969;90,933
9,06;147,82;-12,384;-0,49;22,969;90,933
9,06;147,85;-12,378;-0,49;22,969;90,933
9,06;147,87;-12,371;-0,49;22,969;90,933
9,06;147,9;-12,364;-0,49;22,969;90,933
9,06;147,92;-12,357;-0,489;22,968;90,933
9,07;147,95;-12,351;-0,489;22,968;90,933
9,07;147,98;-12,345;-0,489;22,968;90,933
9,07;148;-12,339;-0,488;22,968;90,933
9,07;148,03;-12,332;-0,488;22,968;90,932
9,07;148,05;-12,326;-0,488;22,968;90,932
9,07;148,08;-12,319;-0,488;22,968;90,932
9,08;148,11;-12,313;-0,487;22,968;90,932
9,08;148,13;-12,306;-0,487;22,968;90,932
9,08;148,16;-12,3;-0,487;22,968;90,932
9,08;148,18;-12,294;-0,487;22,968;90,932
9,08;148,21;-12,287;-0,486;22,968;90,932
9,08;148,24;-12,282;-0,486;22,968;90,932
9,08;148,26;-12,275;-0,486;22,968;90,932
9,09;148,29;-12,268;-0,486;22,968;90,932
9,09;148,31;-12,262;-0,485;22,968;90,932
9,09;148,34;-12,256;-0,485;22,968;90,931
9,09;148,37;-12,25;-0,485;22,968;90,931
9,09;148,39;-12,244;-0,485;22,968;90,931
9,1;148,42;-12,237;-0,484;22,968;90,931
9,1;148,44;-12,231;-0,484;22,968;90,931
9,1;148,47;-12,225;-0,484;22,968;90,931
9,1;148,5;-12,219;-0,484;22,968;90,931
9,1;148,52;-12,213;-0,484;22,968;90,931
9,1;148,55;-12,207;-0,483;22,968;90,931
9,1;148,57;-12,201;-0,483;22,968;90,931
9,11;148,6;-12,194;-0,483;22,968;90,931
9,11;148,63;-12,187;-0,482;22,968;90,931
9,11;148,65;-12,181;-0,482;22,968;90,931
9,11;148,68;-12,175;-0,482;22,968;90,93
9,11;148,7;-12,168;-0,482;22,968;90,93
9,12;148,73;-12,161;-0,481;22,968;90,93
9,12;148,76;-12,155;-0,481;22,968;90,93
9,12;148,78;-12,149;-0,481;22,968;90,93
9,12;148,81;-12,142;-0,481;22,968;90,93
9,12;148,83;-12,136;-0,48;22,968;90,93
9,12;148,86;-12,13;-0,48;22,968;90,93
9,13;148,89;-12,123;-0,48;22,968;90,93
9,13;148,91;-12,116;-0,48;22,968;90,93
9,13;148,94;-12,11;-0,479;22,968;90,93
9,13;148,96;-12,104;-0,479;22,968;90,93
9,13;148,99;-12,098;-0,479;22,968;90,93
9,13;149,02;-12,091;-0,479;22,968;90,929
9,13;149,04;-12,085;-0,478;22,968;90,929
9,14;149,07;-12,079;-0,478;22,968;90,929
9,14;149,09;-12,073;-0,478;22,968;90,929
9,14;149,12;-12,067;-0,478;22,968;90,929
9,14;149,14;-12,06;-0,477;22,968;90,929
9,14;149,17;-12,054;-0,477;22,968;90,929
9,15;149,2;-12,047;-0,477;22,968;90,929
9,15;149,22;-12,041;-0,477;22,967;90,929
9,15;149,25;-12,034;-0,476;22,967;90,929
9,15;149,27;-12,028;-0,476;22,967;90,929
9,15;149,3;-12,022;-0,476;22,967;90,929
9,15;149,33;-12,016;-0,476;22,967;90,929
9,15;149,35;-12,01;-0,475;22,967;90,928
9,16;149,38;-12,004;-0,475;22,967;90,928
9,16;149,4;-11,997;-0,475;22,967;90,928
9,16;149,43;-11,992;-0,475;22,967;90,928
9,16;149,46;-11,985;-0,475;22,967;90,928
9,16;149,48;-11,979;-0,474;22,967;90,928
9,17;149,51;-11,973;-0,474;22,967;90,928
9,17;149,53;-11,967;-0,474;22,967;90,928
9,17;149,56;-11,961;-0,474;22,967;90,928
9,17;149,59;-11,955;-0,473;22,967;90,928
9,17;149,61;-11,949;-0,473;22,967;90,928
9,17;149,64;-11,942;-0,473;22,967;90,928
9,18;149,66;-11,936;-0,473;22,967;90,928
9,18;149,69;-11,931;-0,472;22,967;90,928
9,18;149,71;-11,925;-0,472;22,967;90,927
9,18;149,74;-11,919;-0,472;22,967;90,927
9,18;149,77;-11,913;-0,472;22,967;90,927
9,18;149,79;-11,907;-0,471;22,967;90,927
9,18;149,82;-11,901;-0,471;22,967;90,927
9,19;149,84;-11,894;-0,471;22,967;90,927
9,19;149,87;-11,888;-0,471;22,967;90,927
9,19;149,9;-11,883;-0,47;22,967;90,927
9,19;149,92;-11,878;-0,47;22,967;90,927
9,19;149,95;-11,871;-0,47;22,967;90,927
9,2;149,97;-11,865;-0,47;22,967;90,927
9,2;150;-11,86;-0,47;22,967;90,927
9,2;150,03;-11,855;-0,469;22,967;90,927
9,2;150,05;-11,849;-0,469;22,967;90,927
9,2;150,08;-11,844;-0,469;22,967;90,926
9,2;150,1;-11,839;-0,469;22,967;90,926
9,2;150,13;-11,833;-0,468;22,967;90,926
9,21;150,16;-11,828;-0,468;22,967;90,926
9,21;150,18;-11,822;-0,468;22,967;90,926
9,21;150,21;-11,816;-0,468;22,967;90,926
9,21;150,23;-11,811;-0,468;22,967;90,926
9,21;150,26;-11,805;-0,467;22,967;90,926
9,22;150,28;-11,8;-0,467;22,967;90,926
9,22;150,31;-11,794;-0,467;22,967;90,926
9,22;150,34;-11,788;-0,467;22,967;90,926
9,22;150,36;-11,782;-0,466;22,967;90,926
9,22;150,39;-11,777;-0,466;22,967;90,926
9,22;150,41;-11,772;-0,466;22,967;90,926
9,23;150,44;-11,766;-0,466;22,967;90,925
9,23;150,47;-11,761;-0,466;22,967;90,925
9,23;150,49;-11,756;-0,465;22,967;90,925
9,23;150,52;-11,75;-0,465;22,967;90,925
9,23;150,54;-11,745;-0,465;22,967;90,925
9,23;150,57;-11,739;-0,465;22,967;90,925
9,23;150,6;-11,734;-0,465;22,967;90,925
9,24;150,62;-11,729;-0,464;22,967;90,925
9,24;150,65;-11,723;-0,464;22,966;90,925
9,24;150,67;-11,718;-0,464;22,966;90,925
9,24;150,7;-11,712;-0,464;22,966;90,925
9,24;150,72;-11,706;-0,463;22,966;90,925
9,25;150,75;-11,701;-0,463;22,966;90,925
9,25;150,78;-11,696;-0,463;22,966;90,925
9,25;150,8;-11,691;-0,463;22,966;90,925
9,25;150,83;-11,686;-0,463;22,966;90,924
9,25;150,85;-11,68;-0,462;22,966;90,924
9,25;150,88;-11,675;-0,462;22,966;90,924
9,25;150,91;-11,67;-0,462;22,966;90,924
9,26;150,93;-11,665;-0,462;22,966;90,924
9,26;150,96;-11,66;-0,462;22,966;90,924
9,26;150,98;-11,654;-0,461;22,966;90,924
9,26;151,01;-11,649;-0,461;22,966;90,924
9,26;151,03;-11,644;-0,461;22,966;90,924
9,27;151,06;-11,638;-0,461;22,966;90,924
9,27;151,09;-11,633;-0,461;22,966;90,924
9,27;151,11;-11,628;-0,46;22,966;90,924
9,27;151,14;-11,623;-0,46;22,966;90,924
9,27;151,16;-11,617;-0,46;22,966;90,924
9,27;151,19;-11,612;-0,46;22,966;90,924
9,28;151,22;-11,607;-0,46;22,966;90,923
9,28;151,24;-11,602;-0,459;22,966;90,923
9,28;151,27;-11,597;-0,459;22,966;90,923
9,28;151,29;-11,592;-0,459;22,966;90,923
9,28;151,32;-11,587;-0,459;22,966;90,923
9,28;151,34;-11,582;-0,459;22,966;90,923
9,28;151,37;-11,577;-0,458;22,966;90,923
9,29;151,4;-11,571;-0,458;22,966;90,923
9,29;151,42;-11,566;-0,458;22,966;90,923
9,29;151,45;-11,561;-0,458;22,966;90,923
9,29;151,47;-11,556;-0,458;22,966;90,923
9,29;151,5;-11,552;-0,457;22,966;90,923
9,3;151,52;-11,546;-0,457;22,966;90,923
9,3;151,55;-11,541;-0,457;22,966;90,923
9,3;151,58;-11,536;-0,457;22,966;90,923
9,3;151,6;-11,531;-0,457;22,966;90,922
9,3;151,63;-11,527;-0,456;22,966;90,922
9,3;151,65;-11,522;-0,456;22,966;90,922
9,3;151,68;-11,517;-0,456;22,966;90,922
9,31;151,71;-11,512;-0,456;22,966;90,922
9,31;151,73;-11,507;-0,456;22,966;90,922
9,31;151,76;-11,502;-0,455;22,966;90,922
9,31;151,78;-11,497;-0,455;22,966;90,922
9,31;151,81;-11,492;-0,455;22,966;90,922
9,32;151,83;-11,487;-0,455;22,966;90,922
9,32;151,86;-11,482;-0,455;22,966;90,922
9,32;151,89;-11,478;-0,454;22,966;90,922
9,32;151,91;-11,473;-0,454;22,966;90,922
9,32;151,94;-11,468;-0,454;22,966;90,922
9,32;151,96;-11,464;-0,454;22,966;90,922
9,33;151,99;-11,459;-0,454;22,966;90,921
9,33;152,02;-11,454;-0,453;22,966;90,921
9,33;152,04;-11,449;-0,453;22,966;90,921
9,33;152,07;-11,445;-0,453;22,966;90,921
9,33;152,09;-11,44;-0,453;22,966;90,921
9,33;152,12;-11,436;-0,453;22,966;90,921
9,33;152,14;-11,431;-0,453;22,966;90,921
9,34;152,17;-11,426;-0,452;22,966;90,921
9,34;152,2;-11,422;-0,452;22,965;90,921
9,34;152,22;-11,416;-0,452;22,965;90,921
9,34;152,25;-11,412;-0,452;22,965;90,921
9,34;152,27;-11,407;-0,452;22,965;90,921
9,35;152,3;-11,402;-0,451;22,965;90,921
9,35;152,32;-11,398;-0,451;22,965;90,921
9,35;152,35;-11,393;-0,451;22,965;90,921
9,35;152,38;-11,388;-0,451;22,965;90,92
9,35;152,4;-11,384;-0,451;22,965;90,92
9,35;152,43;-11,379;-0,451;22,965;90,92
9,35;152,45;-11,375;-0,45;22,965;90,92
9,36;152,48;-11,37;-0,45;22,965;90,92
9,36;152,51;-11,365;-0,45;22,965;90,92
9,36;152,53;-11,361;-0,45;22,965;90,92
9,36;152,56;-11,356;-0,45;22,965;90,92
9,36;152,58;-11,351;-0,449;22,965;90,92
9,37;152,61;-11,346;-0,449;22,965;90,92
9,37;152,63;-11,341;-0,449;22,965;90,92
9,37;152,66;-11,336;-0,449;22,965;90,92
9,37;152,69;-11,332;-0,449;22,965;90,92
9,37;152,71;-11,327;-0,448;22,965;90,92
9,37;152,74;-11,322;-0,448;22,965;90,92
9,38;152,76;-11,317;-0,448;22,965;90,92
9,38;152,79;-11,313;-0,448;22,965;90,919
9,38;152,82;-11,308;-0,448;22,965;90,919
9,38;152,84;-11,304;-0,448;22,965;90,919
9,38;152,87;-11,299;-0,447;22,965;90,919
9,38;152,89;-11,295;-0,447;22,965;90,919
9,38;152,92;-11,291;-0,447;22,965;90,919
9,39;152,94;-11,286;-0,447;22,965;90,919
9,39;152,97;-11,282;-0,447;22,965;90,919
9,39;153;-11,278;-0,446;22,965;90,919
9,39;153,02;-11,273;-0,446;22,965;90,919
9,39;153,05;-11,269;-0,446;22,965;90,919
9,4;153,07;-11,265;-0,446;22,965;90,919
9,4;153,1;-11,26;-0,446;22,965;90,919
9,4;153,12;-11,256;-0,446;22,965;90,919
9,4;153,15;-11,251;-0,445;22,965;90,919
9,4;153,18;-11,246;-0,445;22,965;90,919
9,4;153,2;-11,241;-0,445;22,965;90,919
9,4;153,23;-11,236;-0,445;22,965;90,918
9,41;153,25;-11,232;-0,445;22,965;90,918
9,41;153,28;-11,227;-0,444;22,965;90,918
9,41;153,3;-11,223;-0,444;22,965;90,918
9,41;153,33;-11,218;-0,444;22,965;90,918
9,41;153,36;-11,214;-0,444;22,965;90,918
9,42;153,38;-11,21;-0,444;22,965;90,918
9,42;153,41;-11,205;-0,444;22,965;90,918
9,42;153,43;-11,201;-0,443;22,965;90,918
9,42;153,46;-11,197;-0,443;22,965;90,918
9,42;153,49;-11,193;-0,443;22,965;90,918
9,42;153,51;-11,189;-0,443;22,965;90,918
9,43;153,54;-11,185;-0,443;22,965;90,918
9,43;153,56;-11,18;-0,443;22,965;90,918
9,43;153,59;-11,175;-0,442;22,965;90,918
9,43;153,61;-11,171;-0,442;22,965;90,918
9,43;153,64;-11,167;-0,442;22,965;90,917
9,43;153,67;-11,163;-0,442;22,965;90,917
9,43;153,69;-11,159;-0,442;22,965;90,917
9,44;153,72;-11,155;-0,442;22,965;90,917
9,44;153,74;-11,151;-0,441;22,965;90,917
9,44;153,77;-11,147;-0,441;22,965;90,917
9,44;153,79;-11,143;-0,441;22,965;90,917
9,44;153,82;-11,139;-0,441;22,965;90,917
9,45;153,85;-11,135;-0,441;22,964;90,917
9,45;153,87;-11,132;-0,441;22,964;90,917
9,45;153,9;-11,129;-0,441;22,964;90,917
9,45;153,92;-11,125;-0,44;22,964;90,917
9,45;153,95;-11,121;-0,44;22,964;90,917
9,45;153,97;-11,117;-0,44;22,964;90,917
9,45;154;-11,113;-0,44;22,964;90,917
9,46;154,03;-11,109;-0,44;22,964;90,917
9,46;154,05;-11,105;-0,44;22,964;90,917
9,46;154,08;-11,101;-0,439;22,964;90,916
9,46;154,1;-11,097;-0,439;22,964;90,916
9,46;154,13;-11,093;-0,439;22,964;90,916
9,47;154,15;-11,089;-0,439;22,964;90,916
9,47;154,18;-11,085;-0,439;22,964;90,916
9,47;154,21;-11,081;-0,439;22,964;90,916
9,47;154,23;-11,077;-0,439;22,964;90,916
9,47;154,26;-11,073;-0,438;22,964;90,916
9,47;154,28;-11,069;-0,438;22,964;90,916
9,48;154,31;-11,065;-0,438;22,964;90,916
9,48;154,33;-11,061;-0,438;22,964;90,916
9,48;154,36;-11,058;-0,438;22,964;90,916
9,48;154,39;-11,054;-0,438;22,964;90,916
9,48;154,41;-11,05;-0,437;22,964;90,916
9,48;154,44;-11,047;-0,437;22,964;90,916
9,48;154,46;-11,043;-0,437;22,964;90,916
9,49;154,49;-11,04;-0,437;22,964;90,916
9,49;154,52;-11,037;-0,437;22,964;90,915
9,49;154,54;-11,033;-0,437;22,964;90,915
9,49;154,57;-11,03;-0,437;22,964;90,915
9,49;154,59;-11,026;-0,437;22,964;90,915
9,5;154,62;-11,022;-0,436;22,964;90,915
9,5;154,64;-11,018;-0,436;22,964;90,915
9,5;154,67;-11,014;-0,436;22,964;90,915
9,5;154,7;-11,01;-0,436;22,964;90,915
9,5;154,72;-11,006;-0,436;22,964;90,915
9,5;154,75;-11,002;-0,436;22,964;90,915
9,5;154,77;-10,997;-0,435;22,964;90,915
9,51;154,8;-10,993;-0,435;22,964;90,915
9,51;154,82;-10,989;-0,435;22,964;90,915
9,51;154,85;-10,986;-0,435;22,964;90,915
9,51;154,88;-10,982;-0,435;22,964;90,915
9,51;154,9;-10,978;-0,435;22,964;90,915
9,52;154,93;-10,974;-0,434;22,964;90,914
9,52;154,95;-10,97;-0,434;22,964;90,914
9,52;154,98;-10,965;-0,434;22,964;90,914
9,52;155;-10,962;-0,434;22,964;90,914
9,52;155,03;-10,958;-0,434;22,964;90,914
9,52;155,06;-10,954;-0,434;22,964;90,914
9,53;155,08;-10,95;-0,434;22,964;90,914
9,53;155,11;-10,946;-0,433;22,964;90,914
9,53;155,13;-10,942;-0,433;22,964;90,914
9,53;155,16;-10,938;-0,433;22,964;90,914
9,53;155,19;-10,933;-0,433;22,964;90,914
9,53;155,21;-10,93;-0,433;22,964;90,914
9,53;155,24;-10,926;-0,433;22,964;90,914
9,54;155,26;-10,922;-0,432;22,964;90,914
9,54;155,29;-10,918;-0,432;22,964;90,914
9,54;155,31;-10,914;-0,432;22,964;90,914
9,54;155,34;-10,91;-0,432;22,964;90,914
9,54;155,37;-10,905;-0,432;22,964;90,913
9,55;155,39;-10,901;-0,432;22,964;90,913
9,55;155,42;-10,897;-0,431;22,964;90,913
9,55;155,44;-10,893;-0,431;22,964;90,913
9,55;155,47;-10,889;-0,431;22,964;90,913
9,55;155,49;-10,885;-0,431;22,964;90,913
9,55;155,52;-10,881;-0,431;22,964;90,913
9,55;155,55;-10,878;-0,431;22,963;90,913
9,56;155,57;-10,874;-0,43;22,963;90,913
9,56;155,6;-10,87;-0,43;22,963;90,913
9,56;155,62;-10,866;-0,43;22,963;90,913
9,56;155,65;-10,862;-0,43;22,963;90,913
9,56;155,67;-10,858;-0,43;22,963;90,913
9,57;155,7;-10,855;-0,43;22,963;90,913
9,57;155,73;-10,851;-0,43;22,963;90,913
9,57;155,75;-10,847;-0,429;22,963;90,913
9,57;155,78;-10,843;-0,429;22,963;90,913
9,57;155,8;-10,839;-0,429;22,963;90,912
9,57;155,83;-10,835;-0,429;22,963;90,912
9,58;155,85;-10,831;-0,429;22,963;90,912
9,58;155,88;-10,827;-0,429;22,963;90,912
9,58;155,91;-10,823;-0,429;22,963;90,912
9,58;155,93;-10,819;-0,428;22,963;90,912
9,58;155,96;-10,815;-0,428;22,963;90,912
9,58;155,98;-10,812;-0,428;22,963;90,912
9,58;156,01;-10,808;-0,428;22,963;90,912
9,59;156,03;-10,805;-0,428;22,963;90,912
9,59;156,06;-10,801;-0,428;22,963;90,912
9,59;156,09;-10,797;-0,427;22,963;90,912
9,59;156,11;-10,794;-0,427;22,963;90,912
9,59;156,14;-10,791;-0,427;22,963;90,912
9,6;156,16;-10,787;-0,427;22,963;90,912
9,6;156,19;-10,784;-0,427;22,963;90,912
9,6;156,22;-10,781;-0,427;22,963;90,911
9,6;156,24;-10,778;-0,427;22,963;90,911
9,6;156,27;-10,774;-0,427;22,963;90,911
9,6;156,29;-10,77;-0,426;22,963;90,911
9,6;156,32;-10,766;-0,426;22,963;90,911
9,61;156,34;-10,763;-0,426;22,963;90,911
9,61;156,37;-10,759;-0,426;22,963;90,911
9,61;156,39;-10,756;-0,426;22,963;90,911
9,61;156,42;-10,753;-0,426;22,963;90,911
9,61;156,45;-10,749;-0,426;22,963;90,911
9,62;156,47;-10,746;-0,425;22,963;90,911
9,62;156,5;-10,742;-0,425;22,963;90,911
9,62;156,52;-10,739;-0,425;22,963;90,911
9,62;156,55;-10,735;-0,425;22,963;90,911
9,62;156,57;-10,732;-0,425;22,963;90,911
9,62;156,6;-10,729;-0,425;22,963;90,911
9,63;156,63;-10,726;-0,425;22,963;90,911
9,63;156,65;-10,723;-0,425;22,963;90,91
9,63;156,68;-10,72;-0,424;22,963;90,91
9,63;156,7;-10,717;-0,424;22,963;90,91
9,63;156,73;-10,713;-0,424;22,963;90,91
9,63;156,75;-10,71;-0,424;22,963;90,91
9,63;156,78;-10,707;-0,424;22,963;90,91
9,64;156,81;-10,704;-0,424;22,963;90,91
9,64;156,83;-10,701;-0,424;22,963;90,91
9,64;156,86;-10,698;-0,424;22,963;90,91
9,64;156,88;-10,695;-0,423;22,963;90,91
9,64;156,91;-10,691;-0,423;22,963;90,91
9,65;156,93;-10,687;-0,423;22,963;90,91
9,65;156,96;-10,684;-0,423;22,963;90,91
9,65;156,99;-10,681;-0,423;22,963;90,91
9,65;157,01;-10,677;-0,423;22,963;90,91
9,65;157,04;-10,674;-0,423;22,963;90,91
9,65;157,06;-10,671;-0,422;22,963;90,91
9,65;157,09;-10,667;-0,422;22,963;90,909
9,66;157,11;-10,665;-0,422;22,963;90,909
9,66;157,14;-10,662;-0,422;22,963;90,909
9,66;157,17;-10,659;-0,422;22,963;90,909
9,66;157,19;-10,656;-0,422;22,963;90,909
9,66;157,22;-10,653;-0,422;22,963;90,909
9,67;157,24;-10,65;-0,422;22,963;90,909
9,67;157,27;-10,647;-0,422;22,962;90,909
9,67;157,29;-10,644;-0,421;22,962;90,909
9,67;157,32;-10,641;-0,421;22,962;90,909
9,67;157,35;-10,638;-0,421;22,962;90,909
9,67;157,37;-10,635;-0,421;22,962;90,909
9,68;157,4;-10,632;-0,421;22,962;90,909
9,68;157,42;-10,629;-0,421;22,962;90,909
9,68;157,45;-10,626;-0,421;22,962;90,909
9,68;157,47;-10,623;-0,421;22,962;90,909
9,68;157,5;-10,62;-0,42;22,962;90,909
9,68;157,52;-10,617;-0,42;22,962;90,908
9,68;157,55;-10,614;-0,42;22,962;90,908
9,69;157,58;-10,612;-0,42;22,962;90,908
9,69;157,6;-10,609;-0,42;22,962;90,908
9,69;157,63;-10,606;-0,42;22,962;90,908
9,69;157,65;-10,603;-0,42;22,962;90,908
9,69;157,68;-10,6;-0,42;22,962;90,908
9,7;157,7;-10,597;-0,42;22,962;90,908
9,7;157,73;-10,594;-0,419;22,962;90,908
9,7;157,76;-10,591;-0,419;22,962;90,908
9,7;157,78;-10,589;-0,419;22,962;90,908
9,7;157,81;-10,586;-0,419;22,962;90,908
9,7;157,83;-10,583;-0,419;22,962;90,908
9,7;157,86;-10,58;-0,419;22,962;90,908
9,71;157,88;-10,577;-0,419;22,962;90,908
9,71;157,91;-10,574;-0,419;22,962;90,908
9,71;157,94;-10,571;-0,419;22,962;90,907
9,71;157,96;-10,569;-0,418;22,962;90,907
9,71;157,99;-10,566;-0,418;22,962;90,907
9,72;158,01;-10,563;-0,418;22,962;90,907
9,72;158,04;-10,561;-0,418;22,962;90,907
9,72;158,06;-10,558;-0,418;22,962;90,907
9,72;158,09;-10,555;-0,418;22,962;90,907
9,72;158,11;-10,552;-0,418;22,962;90,907
9,72;158,14;-10,549;-0,418;22,962;90,907
9,73;158,17;-10,546;-0,418;22,962;90,907
9,73;158,19;-10,543;-0,417;22,962;90,907
9,73;158,22;-10,54;-0,417;22,962;90,907
9,73;158,24;-10,537;-0,417;22,962;90,907
9,73;158,27;-10,535;-0,417;22,962;90,907
9,73;158,29;-10,532;-0,417;22,962;90,907
9,73;158,32;-10,529;-0,417;22,962;90,907
9,74;158,35;-10,526;-0,417;22,962;90,907
9,74;158,37;-10,523;-0,417;22,962;90,906
9,74;158,4;-10,52;-0,416;22,962;90,906
9,74;158,42;-10,517;-0,416;22,962;90,906
9,74;158,45;-10,514;-0,416;22,962;90,906
9,75;158,47;-10,512;-0,416;22,962;90,906
9,75;158,5;-10,509;-0,416;22,962;90,906
9,75;158,52;-10,506;-0,416;22,962;90,906
9,75;158,55;-10,504;-0,416;22,962;90,906
9,75;158,58;-10,501;-0,416;22,962;90,906
9,75;158,6;-10,498;-0,416;22,962;90,906
9,75;158,63;-10,495;-0,416;22,962;90,906
9,76;158,65;-10,492;-0,415;22,962;90,906
9,76;158,68;-10,49;-0,415;22,962;90,906
9,76;158,7;-10,487;-0,415;22,962;90,906
9,76;158,73;-10,484;-0,415;22,962;90,906
9,76;158,76;-10,481;-0,415;22,962;90,906
9,77;158,78;-10,478;-0,415;22,962;90,906
9,77;158,81;-10,475;-0,415;22,962;90,905
9,77;158,83;-10,472;-0,415;22,962;90,905
9,77;158,86;-10,47;-0,414;22,962;90,905
9,77;158,88;-10,467;-0,414;22,962;90,905
9,77;158,91;-10,464;-0,414;22,962;90,905
9,78;158,94;-10,461;-0,414;22,962;90,905
9,78;158,96;-10,459;-0,414;22,961;90,905
9,78;158,99;-10,456;-0,414;22,961;90,905
9,78;159,01;-10,453;-0,414;22,961;90,905
9,78;159,04;-10,45;-0,414;22,961;90,905
9,78;159,06;-10,447;-0,414;22,961;90,905
9,78;159,09;-10,444;-0,413;22,961;90,905
9,79;159,11;-10,442;-0,413;22,961;90,905
9,79;159,14;-10,439;-0,413;22,961;90,905
9,79;159,17;-10,436;-0,413;22,961;90,905
9,79;159,19;-10,434;-0,413;22,961;90,905
9,79;159,22;-10,431;-0,413;22,961;90,905
9,8;159,24;-10,429;-0,413;22,961;90,904
9,8;159,27;-10,426;-0,413;22,961;90,904
9,8;159,29;-10,423;-0,413;22,961;90,904
9,8;159,32;-10,42;-0,413;22,961;90,904
9,8;159,35;-10,418;-0,412;22,961;90,904
9,8;159,37;-10,416;-0,412;22,961;90,904
9,8;159,4;-10,413;-0,412;22,961;90,904
9,81;159,42;-10,411;-0,412;22,961;90,904
9,81;159,45;-10,408;-0,412;22,961;90,904
9,81;159,47;-10,406;-0,412;22,961;90,904
9,81;159,5;-10,404;-0,412;22,961;90,904
9,81;159,52;-10,401;-0,412;22,961;90,904
9,82;159,55;-10,399;-0,412;22,961;90,904
9,82;159,58;-10,396;-0,412;22,961;90,904
9,82;159,6;-10,394;-0,411;22,961;90,904
9,82;159,63;-10,391;-0,411;22,961;90,904
9,82;159,65;-10,388;-0,411;22,961;90,903
9,82;159,68;-10,386;-0,411;22,961;90,903
9,83;159,7;-10,383;-0,411;22,961;90,903
9,83;159,73;-10,381;-0,411;22,961;90,903
9,83;159,76;-10,378;-0,411;22,961;90,903
9,83;159,78;-10,375;-0,411;22,961;90,903
9,83;159,81;-10,372;-0,411;22,961;90,903
9,83;159,83;-10,369;-0,411;22,961;90,903
9,83;159,86;-10,367;-0,41;22,961;90,903
9,84;159,88;-10,364;-0,41;22,961;90,903
9,84;159,91;-10,362;-0,41;22,961;90,903
9,84;159,93;-10,359;-0,41;22,961;90,903
9,84;159,96;-10,357;-0,41;22,961;90,903
9,84;159,99;-10,355;-0,41;22,961;90,903
9,85;160,01;-10,352;-0,41;22,961;90,903
9,85;160,04;-10,35;-0,41;22,961;90,903
9,85;160,06;-10,347;-0,41;22,961;90,903
9,85;160,09;-10,345;-0,41;22,961;90,902
9,85;160,11;-10,343;-0,409;22,961;90,902
9,85;160,14;-10,341;-0,409;22,961;90,902
9,85;160,17;-10,338;-0,409;22,961;90,902
9,86;160,19;-10,336;-0,409;22,961;90,902
9,86;160,22;-10,334;-0,409;22,961;90,902
9,86;160,24;-10,332;-0,409;22,961;90,902
9,86;160,27;-10,329;-0,409;22,961;90,902
9,86;160,29;-10,327;-0,409;22,961;90,902
9,87;160,32;-10,325;-0,409;22,961;90,902
9,87;160,34;-10,322;-0,409;22,961;90,902
9,87;160,37;-10,32;-0,409;22,961;90,902
9,87;160,4;-10,318;-0,408;22,961;90,902
9,87;160,42;-10,316;-0,408;22,961;90,902
9,87;160,45;-10,313;-0,408;22,961;90,902
9,88;160,47;-10,311;-0,408;22,961;90,902
9,88;160,5;-10,308;-0,408;22,961;90,902
9,88;160,52;-10,306;-0,408;22,961;90,901
9,88;160,55;-10,304;-0,408;22,961;90,901
9,88;160,58;-10,301;-0,408;22,961;90,901
9,88;160,6;-10,299;-0,408;22,961;90,901
9,88;160,63;-10,297;-0,408;22,961;90,901
9,89;160,65;-10,295;-0,408;22,96;90,901
9,89;160,68;-10,293;-0,407;22,96;90,901
9,89;160,7;-10,29;-0,407;22,96;90,901
9,89;160,73;-10,288;-0,407;22,96;90,901
9,89;160,75;-10,286;-0,407;22,96;90,901
9,9;160,78;-10,284;-0,407;22,96;90,901
9,9;160,81;-10,282;-0,407;22,96;90,901
9,9;160,83;-10,28;-0,407;22,96;90,901
9,9;160,86;-10,278;-0,407;22,96;90,901
9,9;160,88;-10,276;-0,407;22,96;90,901
9,9;160,91;-10,275;-0,407;22,96;90,901
9,9;160,93;-10,273;-0,407;22,96;90,901
9,91;160,96;-10,271;-0,407;22,96;90,9
9,91;160,98;-10,269;-0,407;22,96;90,9
9,91;161,01;-10,267;-0,406;22,96;90,9
9,91;161,04;-10,265;-0,406;22,96;90,9
9,91;161,06;-10,263;-0,406;22,96;90,9
9,92;161,09;-10,262;-0,406;22,96;90,9
9,92;161,11;-10,26;-0,406;22,96;90,9
9,92;161,14;-10,258;-0,406;22,96;90,9
9,92;161,16;-10,256;-0,406;22,96;90,9
9,92;161,19;-10,254;-0,406;22,96;90,9
9,92;161,21;-10,252;-0,406;22,96;90,9
9,93;161,24;-10,25;-0,406;22,96;90,9
9,93;161,27;-10,247;-0,406;22,96;90,9
9,93;161,29;-10,245;-0,406;22,96;90,9
9,93;161,32;-10,243;-0,406;22,96;90,9
9,93;161,34;-10,241;-0,405;22,96;90,9
9,93;161,37;-10,239;-0,405;22,96;90,899
9,93;161,39;-10,237;-0,405;22,96;90,899
9,94;161,42;-10,235;-0,405;22,96;90,899
9,94;161,45;-10,233;-0,405;22,96;90,899
9,94;161,47;-10,231;-0,405;22,96;90,899
9,94;161,5;-10,23;-0,405;22,96;90,899
9,94;161,52;-10,228;-0,405;22,96;90,899
9,95;161,55;-10,226;-0,405;22,96;90,899
9,95;161,57;-10,225;-0,405;22,96;90,899
9,95;161,6;-10,223;-0,405;22,96;90,899
9,95;161,62;-10,221;-0,405;22,96;90,899
9,95;161,65;-10,22;-0,405;22,96;90,899
9,95;161,68;-10,218;-0,405;22,96;90,899
9,95;161,7;-10,216;-0,404;22,96;90,899
9,96;161,73;-10,215;-0,404;22,96;90,899
9,96;161,75;-10,213;-0,404;22,96;90,899
9,96;161,78;-10,212;-0,404;22,96;90,898
9,96;161,8;-10,21;-0,404;22,96;90,898
9,96;161,83;-10,208;-0,404;22,96;90,898
9,97;161,85;-10,207;-0,404;22,96;90,898
9,97;161,88;-10,205;-0,404;22,96;90,898
9,97;161,91;-10,203;-0,404;22,96;90,898
9,97;161,93;-10,201;-0,404;22,96;90,898
9,97;161,96;-10,199;-0,404;22,96;90,898
9,97;161,98;-10,198;-0,404;22,96;90,898
9,98;162,01;-10,196;-0,404;22,96;90,898
9,98;162,03;-10,194;-0,404;22,96;90,898
9,98;162,06;-10,192;-0,404;22,96;90,898
9,98;162,08;-10,191;-0,403;22,96;90,898
9,98;162,11;-10,189;-0,403;22,96;90,898
9,98;162,14;-10,187;-0,403;22,96;90,898
9,98;162,16;-10,185;-0,403;22,96;90,898
9,99;162,19;-10,183;-0,403;22,96;90,897
9,99;162,21;-10,182;-0,403;22,96;90,897
9,99;162,24;-10,18;-0,403;22,96;90,897
9,99;162,26;-10,178;-0,403;22,96;90,897
9,99;162,29;-10,176;-0,403;22,96;90,897
10;162,31;-10,175;-0,403;22,959;90,897
10;162,34;-10,173;-0,403;22,959;90,897
10;162,37;-10,171;-0,403;22,959;90,897
10;162,39;-10,169;-0,403;22,959;90,897
10;162,42;-10,167;-0,403;22,959;90,897
10;162,44;-10,165;-0,402;22,959;90,897
10;162,47;-10,164;-0,402;22,959;90,897
10,01;162,49;-10,162;-0,402;22,959;90,897
10,01;162,52;-10,16;-0,402;22,959;90,897
10,01;162,54;-10,158;-0,402;22,959;90,897
10,01;162,57;-10,157;-0,402;22,959;90,897
10,01;162,6;-10,155;-0,402;22,959;90,896
10,02;162,62;-10,153;-0,402;22,959;90,896
10,02;162,65;-10,151;-0,402;22,959;90,896
10,02;162,67;-10,15;-0,402;22,959;90,896
10,02;162,7;-10,148;-0,402;22,959;90,896
10,02;162,72;-10,146;-0,402;22,959;90,896
10,02;162,75;-10,144;-0,402;22,959;90,896
10,03;162,78;-10,142;-0,402;22,959;90,896
10,03;162,8;-10,14;-0,401;22,959;90,896
10,03;162,83;-10,138;-0,401;22,959;90,896
10,03;162,85;-10,136;-0,401;22,959;90,896
10,03;162,88;-10,133;-0,401;22,959;90,896
10,03;162,9;-10,131;-0,401;22,959;90,896
10,03;162,93;-10,129;-0,401;22,959;90,896
10,04;162,95;-10,127;-0,401;22,959;90,896
10,04;162,98;-10,125;-0,401;22,959;90,895
10,04;163,01;-10,122;-0,401;22,959;90,895
10,04;163,03;-10,12;-0,401;22,959;90,895
10,04;163,06;-10,118;-0,401;22,959;90,895
10,05;163,08;-10,116;-0,4;22,959;90,895
10,05;163,11;-10,114;-0,4;22,959;90,895
10,05;163,13;-10,112;-0,4;22,959;90,895
10,05;163,16;-10,11;-0,4;22,959;90,895
10,05;163,19;-10,108;-0,4;22,959;90,895
10,05;163,21;-10,106;-0,4;22,959;90,895
10,05;163,24;-10,104;-0,4;22,959;90,895
10,06;163,26;-10,102;-0,4;22,959;90,895
10,06;163,29;-10,099;-0,4;22,959;90,895
10,06;163,31;-10,097;-0,4;22,959;90,895
10,06;163,34;-10,095;-0,4;22,959;90,895
10,06;163,36;-10,093;-0,4;22,959;90,894
10,07;163,39;-10,091;-0,4;22,959;90,894
10,07;163,42;-10,089;-0,399;22,959;90,894
10,07;163,44;-10,087;-0,399;22,959;90,894
10,07;163,47;-10,085;-0,399;22,959;90,894
10,07;163,49;-10,083;-0,399;22,959;90,894
10,07;163,52;-10,081;-0,399;22,959;90,894
10,08;163,54;-10,079;-0,399;22,959;90,894
10,08;163,57;-10,077;-0,399;22,959;90,894
10,08;163,6;-10,075;-0,399;22,959;90,894
10,08;163,62;-10,074;-0,399;22,959;90,894
10,08;163,65;-10,072;-0,399;22,959;90,894
10,08;163,67;-10,07;-0,399;22,959;90,894
10,08;163,7;-10,068;-0,399;22,959;90,894
10,09;163,72;-10,066;-0,399;22,959;90,894
10,09;163,75;-10,064;-0,398;22,959;90,893
10,09;163,77;-10,062;-0,398;22,959;90,893
10,09;163,8;-10,061;-0,398;22,959;90,893
10,09;163,83;-10,059;-0,398;22,959;90,893
10,1;163,85;-10,057;-0,398;22,958;90,893
10,1;163,88;-10,055;-0,398;22,958;90,893
10,1;163,9;-10,053;-0,398;22,958;90,893
10,1;163,93;-10,051;-0,398;22,958;90,893
10,1;163,95;-10,05;-0,398;22,958;90,893
10,1;163,98;-10,048;-0,398;22,958;90,893
10,1;164;-10,046;-0,398;22,958;90,893
10,11;164,03;-10,044;-0,398;22,958;90,893
10,11;164,06;-10,042;-0,398;22,958;90,893
10,11;164,08;-10,041;-0,398;22,958;90,893
10,11;164,11;-10,039;-0,397;22,958;90,893
10,11;164,13;-10,037;-0,397;22,958;90,892
10,12;164,16;-10,036;-0,397;22,958;90,892
10,12;164,18;-10,035;-0,397;22,958;90,892
10,12;164,21;-10,033;-0,397;22,958;90,892
10,12;164,23;-10,031;-0,397;22,958;90,892
10,12;164,26;-10,03;-0,397;22,958;90,892
10,12;164,29;-10,028;-0,397;22,958;90,892
10,13;164,31;-10,026;-0,397;22,958;90,892
10,13;164,34;-10,024;-0,397;22,958;90,892
10,13;164,36;-10,023;-0,397;22,958;90,892
10,13;164,39;-10,021;-0,397;22,958;90,892
10,13;164,41;-10,02;-0,397;22,958;90,892
10,13;164,44;-10,018;-0,397;22,958;90,892
10,13;164,47;-10,016;-0,397;22,958;90,892
10,14;164,49;-10,015;-0,396;22,958;90,891
10,14;164,52;-10,013;-0,396;22,958;90,891
10,14;164,54;-10,011;-0,396;22,958;90,891
10,14;164,57;-10,01;-0,396;22,958;90,891
10,14;164,59;-10,008;-0,396;22,958;90,891
10,15;164,62;-10,007;-0,396;22,958;90,891
10,15;164,64;-10,005;-0,396;22,958;90,891
10,15;164,67;-10,004;-0,396;22,958;90,891
10,15;164,69;-10,002;-0,396;22,958;90,891
10,15;164,72;-10,001;-0,396;22,958;90,891
10,15;164,75;-9,999;-0,396;22,958;90,891
10,15;164,77;-9,998;-0,396;22,958;90,891
10,16;164,8;-9,997;-0,396;22,958;90,891
10,16;164,82;-9,996;-0,396;22,958;90,891
10,16;164,85;-9,994;-0,396;22,958;90,891
10,16;164,87;-9,993;-0,396;22,958;90,89
10,16;164,9;-9,992;-0,396;22,958;90,89
10,17;164,93;-9,991;-0,396;22,958;90,89
10,17;164,95;-9,99;-0,395;22,958;90,89
10,17;164,98;-9,988;-0,395;22,958;90,89
10,17;165;-9,987;-0,395;22,958;90,89
10,17;165,03;-9,986;-0,395;22,958;90,89
10,17;165,05;-9,985;-0,395;22,958;90,89
10,18;165,08;-9,984;-0,395;22,958;90,89
10,18;165,1;-9,983;-0,395;22,958;90,89
10,18;165,13;-9,982;-0,395;22,958;90,89
10,18;165,16;-9,98;-0,395;22,958;90,89
10,18;165,18;-9,979;-0,395;22,958;90,89
10,18;165,21;-9,978;-0,395;22,958;90,89
10,18;165,23;-9,976;-0,395;22,958;90,89
10,19;165,26;-9,975;-0,395;22,958;90,889
10,19;165,28;-9,974;-0,395;22,958;90,889
10,19;165,31;-9,973;-0,395;22,957;90,889
10,19;165,33;-9,971;-0,395;22,957;90,889
10,19;165,36;-9,97;-0,395;22,957;90,889
10,2;165,38;-9,969;-0,395;22,957;90,889
10,2;165,41;-9,967;-0,395;22,957;90,889
10,2;165,44;-9,966;-0,395;22,957;90,889
10,2;165,46;-9,965;-0,395;22,957;90,889
10,2;165,49;-9,964;-0,394;22,957;90,889
10,2;165,51;-9,963;-0,394;22,957;90,889
10,2;165,54;-9,962;-0,394;22,957;90,889
10,21;165,56;-9,96;-0,394;22,957;90,889
10,21;165,59;-9,959;-0,394;22,957;90,889
10,21;165,61;-9,958;-0,394;22,957;90,888
10,21;165,64;-9,957;-0,394;22,957;90,888
10,21;165,67;-9,956;-0,394;22,957;90,888
10,22;165,69;-9,954;-0,394;22,957;90,888
10,22;165,72;-9,953;-0,394;22,957;90,888
10,22;165,74;-9,952;-0,394;22,957;90,888
10,22;165,77;-9,951;-0,394;22,957;90,888
10,22;165,79;-9,949;-0,394;22,957;90,888
10,22;165,82;-9,948;-0,394;22,957;90,888
10,23;165,84;-9,947;-0,394;22,957;90,888
10,23;165,87;-9,946;-0,394;22,957;90,888
10,23;165,9;-9,945;-0,394;22,957;90,888
10,23;165,92;-9,943;-0,394;22,957;90,888
10,23;165,95;-9,942;-0,394;22,957;90,888
10,23;165,97;-9,941;-0,394;22,957;90,887
10,23;166;-9,939;-0,394;22,957;90,887
10,24;166,02;-9,938;-0,393;22,957;90,887
10,24;166,05;-9,937;-0,393;22,957;90,887
10,24;166,07;-9,936;-0,393;22,957;90,887
10,24;166,1;-9,934;-0,393;22,957;90,887
10,24;166,13;-9,933;-0,393;22,957;90,887
10,25;166,15;-9,932;-0,393;22,957;90,887
10,25;166,18;-9,93;-0,393;22,957;90,887
10,25;166,2;-9,929;-0,393;22,957;90,887
10,25;166,23;-9,928;-0,393;22,957;90,887
10,25;166,25;-9,926;-0,393;22,957;90,887
10,25;166,28;-9,925;-0,393;22,957;90,887
10,25;166,3;-9,924;-0,393;22,957;90,887
10,26;166,33;-9,923;-0,393;22,957;90,886
10,26;166,35;-9,921;-0,393;22,957;90,886
10,26;166,38;-9,92;-0,393;22,957;90,886
10,26;166,41;-9,919;-0,393;22,957;90,886
10,26;166,43;-9,918;-0,393;22,957;90,886
10,27;166,46;-9,917;-0,393;22,957;90,886
10,27;166,48;-9,916;-0,393;22,957;90,886
10,27;166,51;-9,915;-0,393;22,957;90,886
10,27;166,53;-9,914;-0,392;22,957;90,886
10,27;166,56;-9,913;-0,392;22,957;90,886
10,27;166,58;-9,912;-0,392;22,957;90,886
10,28;166,61;-9,911;-0,392;22,957;90,886
10,28;166,64;-9,91;-0,392;22,957;90,886
10,28;166,66;-9,909;-0,392;22,957;90,886
10,28;166,69;-9,907;-0,392;22,957;90,885
10,28;166,71;-9,906;-0,392;22,957;90,885
10,28;166,74;-9,905;-0,392;22,956;90,885
10,28;166,76;-9,904;-0,392;22,956;90,885
10,29;166,79;-9,903;-0,392;22,956;90,885
10,29;166,81;-9,902;-0,392;22,956;90,885
10,29;166,84;-9,901;-0,392;22,956;90,885
10,29;166,87;-9,9;-0,392;22,956;90,885
10,29;166,89;-9,899;-0,392;22,956;90,885
10,3;166,92;-9,898;-0,392;22,956;90,885
10,3;166,94;-9,897;-0,392;22,956;90,885
10,3;166,97;-9,896;-0,392;22,956;90,885
10,3;166,99;-9,895;-0,392;22,956;90,885
10,3;167,02;-9,894;-0,392;22,956;90,884
10,3;167,04;-9,893;-0,392;22,956;90,884
10,3;167,07;-9,892;-0,392;22,956;90,884
10,31;167,09;-9,891;-0,392;22,956;90,884
10,31;167,12;-9,89;-0,392;22,956;90,884
10,31;167,15;-9,889;-0,392;22,956;90,884
10,31;167,17;-9,888;-0,391;22,956;90,884
10,31;167,2;-9,887;-0,391;22,956;90,884
10,32;167,22;-9,886;-0,391;22,956;90,884
10,32;167,25;-9,885;-0,391;22,956;90,884
10,32;167,27;-9,884;-0,391;22,956;90,884
10,32;167,3;-9,883;-0,391;22,956;90,884
10,32;167,32;-9,882;-0,391;22,956;90,884
10,32;167,35;-9,881;-0,391;22,956;90,884
10,33;167,38;-9,879;-0,391;22,956;90,883
10,33;167,4;-9,878;-0,391;22,956;90,883
10,33;167,43;-9,877;-0,391;22,956;90,883
10,33;167,45;-9,876;-0,391;22,956;90,883
10,33;167,48;-9,875;-0,391;22,956;90,883
10,33;167,5;-9,874;-0,391;22,956;90,883
10,33;167,53;-9,873;-0,391;22,956;90,883
10,34;167,55;-9,872;-0,391;22,956;90,883
10,34;167,58;-9,871;-0,391;22,956;90,883
10,34;167,61;-9,87;-0,391;22,956;90,883
10,34;167,63;-9,869;-0,391;22,956;90,883
10,34;167,66;-9,868;-0,391;22,956;90,883
10,35;167,68;-9,867;-0,391;22,956;90,883
10,35;167,71;-9,866;-0,391;22,956;90,882
10,35;167,73;-9,865;-0,391;22,956;90,882
10,35;167,76;-9,864;-0,391;22,956;90,882
10,35;167,78;-9,863;-0,39;22,956;90,882
10,35;167,81;-9,862;-0,39;22,956;90,882
10,35;167,84;-9,861;-0,39;22,956;90,882
10,36;167,86;-9,86;-0,39;22,956;90,882
10,36;167,89;-9,859;-0,39;22,956;90,882
10,36;167,91;-9,858;-0,39;22,956;90,882
10,36;167,94;-9,857;-0,39;22,956;90,882
10,36;167,96;-9,857;-0,39;22,956;90,882
10,37;167,99;-9,856;-0,39;22,956;90,882
10,37;168,01;-9,855;-0,39;22,956;90,882
10,37;168,04;-9,854;-0,39;22,956;90,881
10,37;168,07;-9,853;-0,39;22,955;90,881
10,37;168,09;-9,852;-0,39;22,955;90,881
10,37;168,12;-9,851;-0,39;22,955;90,881
10,38;168,14;-9,85;-0,39;22,955;90,881
10,38;168,17;-9,849;-0,39;22,955;90,881
10,38;168,19;-9,848;-0,39;22,955;90,881
10,38;168,22;-9,847;-0,39;22,955;90,881
10,38;168,24;-9,847;-0,39;22,955;90,881
10,38;168,27;-9,846;-0,39;22,955;90,881
10,38;168,3;-9,845;-0,39;22,955;90,881
10,39;168,32;-9,844;-0,39;22,955;90,881
10,39;168,35;-9,843;-0,39;22,955;90,88
10,39;168,37;-9,843;-0,39;22,955;90,88
10,39;168,4;-9,842;-0,39;22,955;90,88
10,39;168,42;-9,841;-0,39;22,955;90,88
10,4;168,45;-9,84;-0,39;22,955;90,88
10,4;168,47;-9,839;-0,39;22,955;90,88
10,4;168,5;-9,838;-0,389;22,955;90,88
10,4;168,53;-9,837;-0,389;22,955;90,88
10,4;168,55;-9,836;-0,389;22,955;90,88
10,4;168,58;-9,835;-0,389;22,955;90,88
10,4;168,6;-9,834;-0,389;22,955;90,88
10,41;168,63;-9,833;-0,389;22,955;90,88
10,41;168,65;-9,832;-0,389;22,955;90,88
10,41;168,68;-9,831;-0,389;22,955;90,879
10,41;168,7;-9,83;-0,389;22,955;90,879
10,41;168,73;-9,829;-0,389;22,955;90,879
10,42;168,76;-9,828;-0,389;22,955;90,879
10,42;168,78;-9,827;-0,389;22,955;90,879
10,42;168,81;-9,826;-0,389;22,955;90,879
10,42;168,83;-9,825;-0,389;22,955;90,879
10,42;168,86;-9,824;-0,389;22,955;90,879
10,42;168,88;-9,823;-0,389;22,955;90,879
10,43;168,91;-9,821;-0,389;22,955;90,879
10,43;168,93;-9,82;-0,389;22,955;90,879
10,43;168,96;-9,819;-0,389;22,955;90,879
10,43;168,98;-9,818;-0,389;22,955;90,879
10,43;169,01;-9,817;-0,389;22,955;90,878
10,43;169,04;-9,816;-0,389;22,955;90,878
10,43;169,06;-9,815;-0,389;22,955;90,878
10,44;169,09;-9,814;-0,389;22,955;90,878
10,44;169,11;-9,813;-0,389;22,955;90,878
10,44;169,14;-9,812;-0,388;22,955;90,878
10,44;169,16;-9,811;-0,388;22,955;90,878
10,44;169,19;-9,81;-0,388;22,955;90,878
10,45;169,21;-9,809;-0,388;22,955;90,878
10,45;169,24;-9,808;-0,388;22,955;90,878
10,45;169,27;-9,807;-0,388;22,955;90,878
10,45;169,29;-9,806;-0,388;22,955;90,878
10,45;169,32;-9,805;-0,388;22,955;90,877
10,45;169,34;-9,804;-0,388;22,954;90,877
10,45;169,37;-9,803;-0,388;22,954;90,877
10,46;169,39;-9,802;-0,388;22,954;90,877
10,46;169,42;-9,801;-0,388;22,954;90,877
10,46;169,44;-9,8;-0,388;22,954;90,877
10,46;169,47;-9,799;-0,388;22,954;90,877
10,46;169,5;-9,798;-0,388;22,954;90,877
10,47;169,52;-9,797;-0,388;22,954;90,877
10,47;169,55;-9,796;-0,388;22,954;90,877
10,47;169,57;-9,795;-0,388;22,954;90,877
10,47;169,6;-9,794;-0,388;22,954;90,877
10,47;169,62;-9,793;-0,388;22,954;90,876
10,47;169,65;-9,792;-0,388;22,954;90,876
10,48;169,67;-9,792;-0,388;22,954;90,876
10,48;169,7;-9,791;-0,388;22,954;90,876
10,48;169,72;-9,79;-0,388;22,954;90,876
10,48;169,75;-9,789;-0,388;22,954;90,876
10,48;169,78;-9,789;-0,388;22,954;90,876
10,48;169,8;-9,788;-0,388;22,954;90,876
10,48;169,83;-9,787;-0,387;22,954;90,876
10,49;169,85;-9,787;-0,387;22,954;90,876
10,49;169,88;-9,786;-0,387;22,954;90,876
10,49;169,9;-9,786;-0,387;22,954;90,876
10,49;169,93;-9,785;-0,387;22,954;90,875
10,49;169,96;-9,784;-0,387;22,954;90,875
10,5;169,98;-9,784;-0,387;22,954;90,875
10,5;170,01;-9,783;-0,387;22,954;90,875
10,5;170,03;-9,782;-0,387;22,954;90,875
10,5;170,06;-9,782;-0,387;22,954;90,875
10,5;170,08;-9,781;-0,387;22,954;90,875
10,5;170,11;-9,781;-0,387;22,954;90,875
10,5;170,13;-9,78;-0,387;22,954;90,875
10,51;170,16;-9,78;-0,387;22,954;90,875
10,51;170,18;-9,779;-0,387;22,954;90,875
10,51;170,21;-9,779;-0,387;22,954;90,875
10,51;170,24;-9,778;-0,387;22,954;90,874
10,51;170,26;-9,777;-0,387;22,954;90,874
10,52;170,29;-9,777;-0,387;22,954;90,874
10,52;170,31;-9,776;-0,387;22,954;90,874
10,52;170,34;-9,776;-0,387;22,954;90,874
10,52;170,36;-9,775;-0,387;22,954;90,874
10,52;170,39;-9,774;-0,387;22,954;90,874
10,52;170,41;-9,774;-0,387;22,954;90,874
10,53;170,44;-9,773;-0,387;22,954;90,874
10,53;170,47;-9,772;-0,387;22,954;90,874
10,53;170,49;-9,772;-0,387;22,954;90,874
10,53;170,52;-9,771;-0,387;22,954;90,874
10,53;170,54;-9,771;-0,387;22,953;90,873
10,53;170,57;-9,77;-0,387;22,953;90,873
10,53;170,59;-9,769;-0,387;22,953;90,873
10,54;170,62;-9,769;-0,387;22,953;90,873
10,54;170,64;-9,768;-0,387;22,953;90,873
10,54;170,67;-9,768;-0,387;22,953;90,873
10,54;170,69;-9,767;-0,387;22,953;90,873
10,54;170,72;-9,767;-0,387;22,953;90,873
10,55;170,75;-9,766;-0,387;22,953;90,873
10,55;170,77;-9,766;-0,387;22,953;90,873
10,55;170,8;-9,765;-0,387;22,953;90,873
10,55;170,82;-9,764;-0,387;22,953;90,872
10,55;170,85;-9,764;-0,387;22,953;90,872
10,55;170,87;-9,763;-0,387;22,953;90,872
10,55;170,9;-9,763;-0,387;22,953;90,872
10,56;170,92;-9,762;-0,386;22,953;90,872
10,56;170,95;-9,761;-0,386;22,953;90,872
10,56;170,98;-9,761;-0,386;22,953;90,872
10,56;171;-9,76;-0,386;22,953;90,872
10,56;171,03;-9,759;-0,386;22,953;90,872
10,57;171,05;-9,759;-0,386;22,953;90,872
10,57;171,08;-9,758;-0,386;22,953;90,872
10,57;171,1;-9,757;-0,386;22,953;90,872
10,57;171,13;-9,757;-0,386;22,953;90,871
10,57;171,15;-9,756;-0,386;22,953;90,871
10,57;171,18;-9,756;-0,386;22,953;90,871
10,58;171,2;-9,755;-0,386;22,953;90,871
10,58;171,23;-9,754;-0,386;22,953;90,871
10,58;171,26;-9,754;-0,386;22,953;90,871
10,58;171,28;-9,753;-0,386;22,953;90,871
10,58;171,31;-9,752;-0,386;22,953;90,871
10,58;171,33;-9,752;-0,386;22,953;90,871
10,58;171,36;-9,751;-0,386;22,953;90,871
10,59;171,38;-9,75;-0,386;22,953;90,871
10,59;171,41;-9,75;-0,386;22,953;90,87
10,59;171,43;-9,749;-0,386;22,953;90,87
10,59;171,46;-9,748;-0,386;22,953;90,87
10,59;171,49;-9,748;-0,386;22,953;90,87
10,6;171,51;-9,747;-0,386;22,953;90,87
10,6;171,54;-9,746;-0,386;22,953;90,87
10,6;171,56;-9,746;-0,386;22,953;90,87
10,6;171,59;-9,745;-0,386;22,953;90,87
10,6;171,61;-9,744;-0,386;22,953;90,87
10,6;171,64;-9,744;-0,386;22,953;90,87
10,6;171,66;-9,743;-0,386;22,953;90,87
10,61;171,69;-9,742;-0,386;22,953;90,87
10,61;171,72;-9,741;-0,386;22,952;90,869
10,61;171,74;-9,741;-0,386;22,952;90,869
10,61;171,77;-9,74;-0,386;22,952;90,869
10,61;171,79;-9,739;-0,386;22,952;90,869
10,62;171,82;-9,739;-0,386;22,952;90,869
10,62;171,84;-9,738;-0,386;22,952;90,869
10,62;171,87;-9,737;-0,386;22,952;90,869
10,62;171,89;-9,737;-0,385;22,952;90,869
10,62;171,92;-9,736;-0,385;22,952;90,869
10,62;171,94;-9,735;-0,385;22,952;90,869
10,63;171,97;-9,735;-0,385;22,952;90,869
10,63;172;-9,734;-0,385;22,952;90,868
10,63;172,02;-9,733;-0,385;22,952;90,868
10,63;172,05;-9,733;-0,385;22,952;90,868
10,63;172,07;-9,732;-0,385;22,952;90,868
10,63;172,1;-9,732;-0,385;22,952;90,868
10,63;172,12;-9,731;-0,385;22,952;90,868
10,64;172,15;-9,73;-0,385;22,952;90,868
10,64;172,17;-9,73;-0,385;22,952;90,868
10,64;172,2;-9,729;-0,385;22,952;90,868
10,64;172,22;-9,729;-0,385;22,952;90,868
10,64;172,25;-9,728;-0,385;22,952;90,868
10,65;172,28;-9,728;-0,385;22,952;90,867
10,65;172,3;-9,727;-0,385;22,952;90,867
10,65;172,33;-9,727;-0,385;22,952;90,867
10,65;172,35;-9,726;-0,385;22,952;90,867
10,65;172,38;-9,726;-0,385;22,952;90,867
10,65;172,4;-9,725;-0,385;22,952;90,867
10,65;172,43;-9,725;-0,385;22,952;90,867
10,66;172,45;-9,724;-0,385;22,952;90,867
10,66;172,48;-9,724;-0,385;22,952;90,867
10,66;172,51;-9,723;-0,385;22,952;90,867
10,66;172,53;-9,723;-0,385;22,952;90,867
10,66;172,56;-9,722;-0,385;22,952;90,866
10,67;172,58;-9,722;-0,385;22,952;90,866
10,67;172,61;-9,722;-0,385;22,952;90,866
10,67;172,63;-9,721;-0,385;22,952;90,866
10,67;172,66;-9,721;-0,385;22,952;90,866
10,67;172,68;-9,721;-0,385;22,952;90,866
10,67;172,71;-9,72;-0,385;22,952;90,866
10,68;172,73;-9,719;-0,385;22,952;90,866
10,68;172,76;-9,719;-0,385;22,952;90,866
10,68;172,79;-9,718;-0,385;22,952;90,866
10,68;172,81;-9,718;-0,385;22,952;90,866
10,68;172,84;-9,717;-0,385;22,951;90,865
10,68;172,86;-9,717;-0,385;22,951;90,865
10,68;172,89;-9,716;-0,385;22,951;90,865
10,69;172,91;-9,716;-0,385;22,951;90,865
10,69;172,94;-9,715;-0,385;22,951;90,865
10,69;172,96;-9,715;-0,385;22,951;90,865
10,69;172,99;-9,714;-0,385;22,951;90,865
10,69;173,02;-9,714;-0,385;22,951;90,865
10,7;173,04;-9,713;-0,385;22,951;90,865
10,7;173,07;-9,713;-0,385;22,951;90,865
10,7;173,09;-9,713;-0,385;22,951;90,865
10,7;173,12;-9,712;-0,385;22,951;90,864
10,7;173,14;-9,712;-0,384;22,951;90,864
10,7;173,17;-9,711;-0,384;22,951;90,864
10,7;173,19;-9,711;-0,384;22,951;90,864
10,71;173,22;-9,71;-0,384;22,951;90,864
10,71;173,24;-9,71;-0,384;22,951;90,864
10,71;173,27;-9,709;-0,384;22,951;90,864
10,71;173,3;-9,709;-0,384;22,951;90,864
10,71;173,32;-9,708;-0,384;22,951;90,864
10,72;173,35;-9,708;-0,384;22,951;90,864
10,72;173,37;-9,707;-0,384;22,951;90,864
10,72;173,4;-9,707;-0,384;22,951;90,863
10,72;173,42;-9,706;-0,384;22,951;90,863
10,72;173,45;-9,706;-0,384;22,951;90,863
10,72;173,47;-9,705;-0,384;22,951;90,863
10,73;173,5;-9,705;-0,384;22,951;90,863
10,73;173,53;-9,704;-0,384;22,951;90,863
10,73;173,55;-9,704;-0,384;22,951;90,863
10,73;173,58;-9,703;-0,384;22,951;90,863
10,73;173,6;-9,703;-0,384;22,951;90,863
10,73;173,63;-9,702;-0,384;22,951;90,863
10,73;173,65;-9,702;-0,384;22,951;90,863
10,74;173,68;-9,701;-0,384;22,951;90,862
10,74;173,7;-9,701;-0,384;22,951;90,862
10,74;173,73;-9,7;-0,384;22,951;90,862
10,74;173,75;-9,7;-0,384;22,951;90,862
10,74;173,78;-9,699;-0,384;22,951;90,862
10,75;173,81;-9,699;-0,384;22,951;90,862
10,75;173,83;-9,699;-0,384;22,951;90,862
10,75;173,86;-9,698;-0,384;22,951;90,862
10,75;173,88;-9,698;-0,384;22,951;90,862
10,75;173,91;-9,697;-0,384;22,951;90,862
10,75;173,93;-9,697;-0,384;22,95;90,862
10,75;173,96;-9,697;-0,384;22,95;90,861
10,76;173,98;-9,697;-0,384;22,95;90,861
10,76;174,01;-9,696;-0,384;22,95;90,861
10,76;174,03;-9,696;-0,384;22,95;90,861
10,76;174,06;-9,696;-0,384;22,95;90,861
10,76;174,09;-9,696;-0,384;22,95;90,861
10,77;174,11;-9,695;-0,384;22,95;90,861
10,77;174,14;-9,695;-0,384;22,95;90,861
10,77;174,16;-9,695;-0,384;22,95;90,861
10,77;174,19;-9,695;-0,384;22,95;90,861
10,77;174,21;-9,694;-0,384;22,95;90,86
10,77;174,24;-9,694;-0,384;22,95;90,86
10,78;174,26;-9,694;-0,384;22,95;90,86
10,78;174,29;-9,694;-0,384;22,95;90,86
10,78;174,32;-9,693;-0,384;22,95;90,86
10,78;174,34;-9,693;-0,384;22,95;90,86
10,78;174,37;-9,693;-0,384;22,95;90,86
10,78;174,39;-9,693;-0,384;22,95;90,86
10,78;174,42;-9,693;-0,384;22,95;90,86
10,79;174,44;-9,692;-0,384;22,95;90,86
10,79;174,47;-9,692;-0,384;22,95;90,86
10,79;174,49;-9,692;-0,384;22,95;90,859
10,79;174,52;-9,691;-0,384;22,95;90,859
10,79;174,54;-9,691;-0,384;22,95;90,859
10,8;174,57;-9,691;-0,384;22,95;90,859
10,8;174,6;-9,691;-0,384;22,95;90,859
10,8;174,62;-9,691;-0,384;22,95;90,859
10,8;174,65;-9,69;-0,384;22,95;90,859
10,8;174,67;-9,69;-0,384;22,95;90,859
10,8;174,7;-9,69;-0,384;22,95;90,859
10,8;174,72;-9,69;-0,384;22,95;90,859
10,81;174,75;-9,69;-0,384;22,95;90,858
10,81;174,77;-9,689;-0,384;22,95;90,858
10,81;174,8;-9,689;-0,384;22,95;90,858
10,81;174,83;-9,689;-0,384;22,95;90,858
10,81;174,85;-9,689;-0,384;22,95;90,858
10,82;174,88;-9,688;-0,384;22,95;90,858
10,82;174,9;-9,688;-0,384;22,95;90,858
10,82;174,93;-9,688;-0,384;22,95;90,858
10,82;174,95;-9,688;-0,384;22,95;90,858
10,82;174,98;-9,687;-0,384;22,949;90,858
10,82;175;-9,687;-0,384;22,949;90,858
10,83;175,03;-9,687;-0,384;22,949;90,857
10,83;175,06;-9,686;-0,383;22,949;90,857
10,83;175,08;-9,686;-0,383;22,949;90,857
10,83;175,11;-9,686;-0,383;22,949;90,857
10,83;175,13;-9,686;-0,383;22,949;90,857
10,83;175,16;-9,685;-0,383;22,949;90,857
10,83;175,18;-9,685;-0,383;22,949;90,857
10,84;175,21;-9,685;-0,383;22,949;90,857
10,84;175,23;-9,684;-0,383;22,949;90,857
10,84;175,26;-9,684;-0,383;22,949;90,857
10,84;175,28;-9,684;-0,383;22,949;90,856
10,84;175,31;-9,683;-0,383;22,949;90,856
10,85;175,34;-9,683;-0,383;22,949;90,856
10,85;175,36;-9,683;-0,383;22,949;90,856
10,85;175,39;-9,683;-0,383;22,949;90,856
10,85;175,41;-9,683;-0,383;22,949;90,856
10,85;175,44;-9,682;-0,383;22,949;90,856
10,85;175,46;-9,682;-0,383;22,949;90,856
10,85;175,49;-9,682;-0,383;22,949;90,856
10,86;175,51;-9,682;-0,383;22,949;90,856
10,86;175,54;-9,682;-0,383;22,949;90,855
10,86;175,57;-9,682;-0,383;22,949;90,855
10,86;175,59;-9,681;-0,383;22,949;90,855
10,86;175,62;-9,681;-0,383;22,949;90,855
10,87;175,64;-9,681;-0,383;22,949;90,855
10,87;175,67;-9,681;-0,383;22,949;90,855
10,87;175,69;-9,681;-0,383;22,949;90,855
10,87;175,72;-9,68;-0,383;22,949;90,855
10,87;175,74;-9,68;-0,383;22,949;90,855
10,87;175,77;-9,68;-0,383;22,949;90,855
10,88;175,79;-9,68;-0,383;22,949;90,854
10,88;175,82;-9,68;-0,383;22,949;90,854
10,88;175,85;-9,68;-0,383;22,949;90,854
10,88;175,87;-9,68;-0,383;22,949;90,854
10,88;175,9;-9,68;-0,383;22,949;90,854
10,88;175,92;-9,679;-0,383;22,949;90,854
10,88;175,95;-9,679;-0,383;22,949;90,854
10,89;175,97;-9,679;-0,383;22,949;90,854
10,89;176;-9,679;-0,383;22,948;90,854
10,89;176,02;-9,679;-0,383;22,948;90,854
10,89;176,05;-9,679;-0,383;22,948;90,853
10,89;176,07;-9,678;-0,383;22,948;90,853
10,9;176,1;-9,678;-0,383;22,948;90,853
10,9;176,13;-9,678;-0,383;22,948;90,853
10,9;176,15;-9,678;-0,383;22,948;90,853
10,9;176,18;-9,678;-0,383;22,948;90,853
10,9;176,2;-9,678;-0,383;22,948;90,853
10,9;176,23;-9,677;-0,383;22,948;90,853
10,9;176,25;-9,677;-0,383;22,948;90,853
10,91;176,28;-9,677;-0,383;22,948;90,853
10,91;176,3;-9,677;-0,383;22,948;90,852
10,91;176,33;-9,677;-0,383;22,948;90,852
10,91;176,35;-9,677;-0,383;22,948;90,852
10,91;176,38;-9,677;-0,383;22,948;90,852
10,92;176,41;-9,677;-0,383;22,948;90,852
10,92;176,43;-9,677;-0,383;22,948;90,852
10,92;176,46;-9,677;-0,383;22,948;90,852
10,92;176,48;-9,676;-0,383;22,948;90,852
10,92;176,51;-9,676;-0,383;22,948;90,852
10,92;176,53;-9,676;-0,383;22,948;90,851
10,93;176,56;-9,676;-0,383;22,948;90,851
10,93;176,58;-9,676;-0,383;22,948;90,851
10,93;176,61;-9,676;-0,383;22,948;90,851
10,93;176,64;-9,676;-0,383;22,948;90,851
10,93;176,66;-9,675;-0,383;22,948;90,851
10,93;176,69;-9,675;-0,383;22,948;90,851
10,93;176,71;-9,675;-0,383;22,948;90,851
10,94;176,74;-9,675;-0,383;22,948;90,851
10,94;176,76;-9,675;-0,383;22,948;90,851
10,94;176,79;-9,674;-0,383;22,948;90,85
10,94;176,81;-9,674;-0,383;22,948;90,85
10,94;176,84;-9,674;-0,383;22,948;90,85
10,95;176,86;-9,673;-0,383;22,948;90,85
10,95;176,89;-9,673;-0,383;22,948;90,85
10,95;176,92;-9,672;-0,383;22,948;90,85
10,95;176,94;-9,672;-0,383;22,948;90,85
10,95;176,97;-9,671;-0,383;22,948;90,85
10,95;176,99;-9,671;-0,383;22,947;90,85
10,95;177,02;-9,67;-0,383;22,947;90,85
10,96;177,04;-9,67;-0,383;22,947;90,849
10,96;177,07;-9,669;-0,383;22,947;90,849
10,96;177,09;-9,669;-0,383;22,947;90,849
10,96;177,12;-9,668;-0,383;22,947;90,849
10,96;177,15;-9,668;-0,383;22,947;90,849
10,97;177,17;-9,667;-0,383;22,947;90,849
10,97;177,2;-9,667;-0,383;22,947;90,849
10,97;177,22;-9,666;-0,383;22,947;90,849
10,97;177,25;-9,666;-0,383;22,947;90,849
10,97;177,27;-9,666;-0,383;22,947;90,849
10,97;177,3;-9,665;-0,383;22,947;90,848
10,98;177,32;-9,665;-0,383;22,947;90,848
10,98;177,35;-9,664;-0,383;22,947;90,848
10,98;177,38;-9,664;-0,383;22,947;90,848
10,98;177,4;-9,663;-0,383;22,947;90,848
10,98;177,43;-9,663;-0,383;22,947;90,848
10,98;177,45;-9,662;-0,383;22,947;90,848
10,98;177,48;-9,662;-0,383;22,947;90,848
10,99;177,5;-9,661;-0,382;22,947;90,848
10,99;177,53;-9,661;-0,382;22,947;90,847
10,99;177,55;-9,66;-0,382;22,947;90,847
10,99;177,58;-9,66;-0,382;22,947;90,847
10,99;177,6;-9,659;-0,382;22,947;90,847
11;177,63;-9,658;-0,382;22,947;90,847
11;177,66;-9,658;-0,382;22,947;90,847
11;177,68;-9,657;-0,382;22,947;90,847
11;177,71;-9,657;-0,382;22,947;90,847
11;177,73;-9,656;-0,382;22,947;90,847
11;177,76;-9,656;-0,382;22,947;90,847
11;177,78;-9,655;-0,382;22,947;90,846
11,01;177,81;-9,655;-0,382;22,947;90,846
11,01;177,84;-9,654;-0,382;22,947;90,846
11,01;177,86;-9,653;-0,382;22,947;90,846
11,01;177,89;-9,653;-0,382;22,947;90,846
11,01;177,91;-9,652;-0,382;22,947;90,846
11,02;177,94;-9,652;-0,382;22,947;90,846
11,02;177,96;-9,651;-0,382;22,946;90,846
11,02;177,99;-9,651;-0,382;22,946;90,846
11,02;178,01;-9,65;-0,382;22,946;90,845
11,02;178,04;-9,65;-0,382;22,946;90,845
11,02;178,06;-9,649;-0,382;22,946;90,845
11,03;178,09;-9,649;-0,382;22,946;90,845
11,03;178,12;-9,649;-0,382;22,946;90,845
11,03;178,14;-9,648;-0,382;22,946;90,845
11,03;178,17;-9,648;-0,382;22,946;90,845
11,03;178,19;-9,648;-0,382;22,946;90,845
11,03;178,22;-9,648;-0,382;22,946;90,845
11,03;178,24;-9,648;-0,382;22,946;90,845
11,04;178,27;-9,647;-0,382;22,946;90,844
11,04;178,29;-9,647;-0,382;22,946;90,844
11,04;178,32;-9,647;-0,382;22,946;90,844
11,04;178,34;-9,647;-0,382;22,946;90,844
11,04;178,37;-9,646;-0,382;22,946;90,844
11,05;178,4;-9,646;-0,382;22,946;90,844
11,05;178,42;-9,646;-0,382;22,946;90,844
11,05;178,45;-9,646;-0,382;22,946;90,844
11,05;178,47;-9,646;-0,382;22,946;90,844
11,05;178,5;-9,645;-0,382;22,946;90,843
11,05;178,52;-9,645;-0,382;22,946;90,843
11,05;178,55;-9,645;-0,382;22,946;90,843
11,06;178,57;-9,645;-0,382;22,946;90,843
11,06;178,6;-9,645;-0,382;22,946;90,843
11,06;178,62;-9,645;-0,382;22,946;90,843
11,06;178,65;-9,645;-0,382;22,946;90,843
11,06;178,68;-9,645;-0,382;22,946;90,843
11,07;178,7;-9,644;-0,382;22,946;90,843
11,07;178,73;-9,644;-0,382;22,946;90,843
11,07;178,75;-9,644;-0,382;22,946;90,842
11,07;178,78;-9,644;-0,382;22,946;90,842
11,07;178,8;-9,644;-0,382;22,946;90,842
11,07;178,83;-9,644;-0,382;22,946;90,842
11,08;178,85;-9,644;-0,382;22,946;90,842
11,08;178,88;-9,644;-0,382;22,946;90,842
11,08;178,9;-9,644;-0,382;22,945;90,842
11,08;178,93;-9,644;-0,382;22,945;90,842
11,08;178,96;-9,644;-0,382;22,945;90,842
11,08;178,98;-9,644;-0,382;22,945;90,841
11,08;179,01;-9,644;-0,382;22,945;90,841
11,09;179,03;-9,644;-0,382;22,945;90,841
11,09;179,06;-9,644;-0,382;22,945;90,841
11,09;179,08;-9,644;-0,382;22,945;90,841
11,09;179,11;-9,644;-0,382;22,945;90,841
11,09;179,13;-9,644;-0,382;22,945;90,841
11,1;179,16;-9,644;-0,382;22,945;90,841
11,1;179,18;-9,644;-0,382;22,945;90,841
11,1;179,21;-9,645;-0,382;22,945;90,84
11,1;179,24;-9,645;-0,382;22,945;90,84
11,1;179,26;-9,645;-0,382;22,945;90,84
11,1;179,29;-9,645;-0,382;22,945;90,84
11,1;179,31;-9,645;-0,382;22,945;90,84
11,11;179,34;-9,645;-0,382;22,945;90,84
11,11;179,36;-9,645;-0,382;22,945;90,84
11,11;179,39;-9,645;-0,382;22,945;90,84
11,11;179,41;-9,645;-0,382;22,945;90,84
11,11;179,44;-9,646;-0,382;22,945;90,839
11,12;179,46;-9,646;-0,382;22,945;90,839
11,12;179,49;-9,646;-0,382;22,945;90,839
11,12;179,52;-9,646;-0,382;22,945;90,839
11,12;179,54;-9,646;-0,382;22,945;90,839
11,12;179,57;-9,646;-0,382;22,945;90,839
11,12;179,59;-9,647;-0,382;22,945;90,839
11,13;179,62;-9,647;-0,382;22,945;90,839
11,13;179,64;-9,647;-0,382;22,945;90,839
11,13;179,67;-9,647;-0,382;22,945;90,838
11,13;179,69;-9,647;-0,382;22,945;90,838
11,13;179,72;-9,647;-0,382;22,945;90,838
11,13;179,75;-9,647;-0,382;22,945;90,838
11,13;179,77;-9,647;-0,382;22,945;90,838
11,14;179,8;-9,648;-0,382;22,945;90,838
11,14;179,82;-9,648;-0,382;22,944;90,838
11,14;179,85;-9,648;-0,382;22,944;90,838
11,14;179,87;-9,648;-0,382;22,944;90,838
11,14;179,9;-9,648;-0,382;22,944;90,837
11,15;179,92;-9,648;-0,382;22,944;90,837
11,15;179,95;-9,648;-0,382;22,944;90,837
11,15;179,97;-9,648;-0,382;22,944;90,837
11,15;180;-9,648;-0,382;22,944;90,837
11,15;180,03;-9,648;-0,382;22,944;90,837
11,15;180,05;-9,648;-0,382;22,944;90,837
11,15;180,08;-9,648;-0,382;22,944;90,837
11,16;180,1;-9,648;-0,382;22,944;90,837
11,16;180,13;-9,648;-0,382;22,944;90,836
11,16;180,15;-9,647;-0,382;22,944;90,836
11,16;180,18;-9,647;-0,382;22,944;90,836
11,16;180,2;-9,647;-0,382;22,944;90,836
11,17;180,23;-9,647;-0,382;22,944;90,836
11,17;180,25;-9,647;-0,382;22,944;90,836
11,17;180,28;-9,647;-0,382;22,944;90,836
11,17;180,31;-9,647;-0,382;22,944;90,836
11,17;180,33;-9,647;-0,382;22,944;90,836
11,17;180,36;-9,647;-0,382;22,944;90,835
11,18;180,38;-9,647;-0,382;22,944;90,835
11,18;180,41;-9,646;-0,382;22,944;90,835
11,18;180,43;-9,646;-0,382;22,944;90,835
11,18;180,46;-9,646;-0,382;22,944;90,835
11,18;180,48;-9,646;-0,382;22,944;90,835
11,18;180,51;-9,646;-0,382;22,944;90,835
11,18;180,53;-9,646;-0,382;22,944;90,835
11,19;180,56;-9,646;-0,382;22,944;90,835
11,19;180,59;-9,645;-0,382;22,944;90,834
11,19;180,61;-9,645;-0,382;22,944;90,834
11,19;180,64;-9,645;-0,382;22,944;90,834
11,19;180,66;-9,645;-0,382;22,944;90,834
11,2;180,69;-9,644;-0,382;22,944;90,834
11,2;180,71;-9,644;-0,382;22,943;90,834
11,2;180,74;-9,644;-0,382;22,943;90,834
11,2;180,76;-9,644;-0,382;22,943;90,834
11,2;180,79;-9,643;-0,382;22,943;90,833
11,2;180,81;-9,643;-0,382;22,943;90,833
11,2;180,84;-9,643;-0,382;22,943;90,833
11,21;180,87;-9,643;-0,382;22,943;90,833
11,21;180,89;-9,642;-0,382;22,943;90,833
11,21;180,92;-9,642;-0,382;22,943;90,833
11,21;180,94;-9,642;-0,382;22,943;90,833
11,21;180,97;-9,642;-0,382;22,943;90,833
11,22;180,99;-9,641;-0,382;22,943;90,833
11,22;181,02;-9,641;-0,382;22,943;90,832
11,22;181,04;-9,641;-0,382;22,943;90,832
11,22;181,07;-9,641;-0,382;22,943;90,832
11,22;181,1;-9,64;-0,382;22,943;90,832
11,22;181,12;-9,64;-0,382;22,943;90,832
11,23;181,15;-9,64;-0,382;22,943;90,832
11,23;181,17;-9,64;-0,382;22,943;90,832
11,23;181,2;-9,64;-0,382;22,943;90,832
11,23;181,22;-9,639;-0,382;22,943;90,831
11,23;181,25;-9,639;-0,382;22,943;90,831
11,23;181,27;-9,639;-0,382;22,943;90,831
11,23;181,3;-9,639;-0,382;22,943;90,831
11,24;181,33;-9,639;-0,382;22,943;90,831
11,24;181,35;-9,639;-0,382;22,943;90,831
11,24;181,38;-9,638;-0,382;22,943;90,831
11,24;181,4;-9,638;-0,382;22,943;90,831
11,24;181,43;-9,638;-0,382;22,943;90,831
11,25;181,45;-9,638;-0,382;22,943;90,83
11,25;181,48;-9,638;-0,382;22,943;90,83
11,25;181,5;-9,638;-0,382;22,943;90,83
11,25;181,53;-9,638;-0,382;22,943;90,83
11,25;181,55;-9,637;-0,382;22,943;90,83
11,25;181,58;-9,637;-0,382;22,942;90,83
11,25;181,61;-9,637;-0,382;22,942;90,83
11,26;181,63;-9,637;-0,382;22,942;90,83
11,26;181,66;-9,637;-0,382;22,942;90,829
11,26;181,68;-9,637;-0,382;22,942;90,829
11,26;181,71;-9,637;-0,382;22,942;90,829
11,26;181,73;-9,636;-0,382;22,942;90,829
11,27;181,76;-9,636;-0,381;22,942;90,829
11,27;181,78;-9,636;-0,381;22,942;90,829
11,27;181,81;-9,636;-0,381;22,942;90,829
11,27;181,84;-9,635;-0,381;22,942;90,829
11,27;181,86;-9,635;-0,381;22,942;90,829
11,27;181,89;-9,634;-0,381;22,942;90,828
11,28;181,91;-9,634;-0,381;22,942;90,828
11,28;181,94;-9,634;-0,381;22,942;90,828
11,28;181,96;-9,633;-0,381;22,942;90,828
11,28;181,99;-9,633;-0,381;22,942;90,828
11,28;182,01;-9,633;-0,381;22,942;90,828
11,28;182,04;-9,633;-0,381;22,942;90,828
11,28;182,06;-9,632;-0,381;22,942;90,828
11,29;182,09;-9,632;-0,381;22,942;90,827
11,29;182,12;-9,631;-0,381;22,942;90,827
11,29;182,14;-9,631;-0,381;22,942;90,827
11,29;182,17;-9,631;-0,381;22,942;90,827
11,29;182,19;-9,63;-0,381;22,942;90,827
11,3;182,22;-9,63;-0,381;22,942;90,827
11,3;182,24;-9,63;-0,381;22,942;90,827
11,3;182,27;-9,629;-0,381;22,942;90,827
11,3;182,29;-9,629;-0,381;22,942;90,826
11,3;182,32;-9,629;-0,381;22,942;90,826
11,3;182,35;-9,628;-0,381;22,942;90,826
11,3;182,37;-9,628;-0,381;22,942;90,826
11,31;182,4;-9,628;-0,381;22,942;90,826
11,31;182,42;-9,627;-0,381;22,941;90,826
11,31;182,45;-9,627;-0,381;22,941;90,826
11,31;182,47;-9,627;-0,381;22,941;90,826
11,31;182,5;-9,626;-0,381;22,941;90,825
11,32;182,52;-9,626;-0,381;22,941;90,825
11,32;182,55;-9,626;-0,381;22,941;90,825
11,32;182,58;-9,626;-0,381;22,941;90,825
11,32;182,6;-9,625;-0,381;22,941;90,825
11,32;182,63;-9,625;-0,381;22,941;90,825
11,32;182,65;-9,625;-0,381;22,941;90,825
11,33;182,68;-9,624;-0,381;22,941;90,825
11,33;182,7;-9,624;-0,381;22,941;90,825
11,33;182,73;-9,624;-0,381;22,941;90,824
11,33;182,75;-9,624;-0,381;22,941;90,824
11,33;182,78;-9,623;-0,381;22,941;90,824
11,33;182,8;-9,623;-0,381;22,941;90,824
11,33;182,83;-9,623;-0,381;22,941;90,824
11,34;182,86;-9,622;-0,381;22,941;90,824
11,34;182,88;-9,622;-0,381;22,941;90,824
11,34;182,91;-9,622;-0,381;22,941;90,824
11,34;182,93;-9,622;-0,381;22,941;90,823
11,34;182,96;-9,621;-0,381;22,941;90,823
11,35;182,98;-9,621;-0,381;22,941;90,823
11,35;183,01;-9,621;-0,381;22,941;90,823
11,35;183,03;-9,621;-0,381;22,941;90,823
11,35;183,06;-9,621;-0,381;22,941;90,823
11,35;183,09;-9,621;-0,381;22,941;90,823
11,35;183,11;-9,621;-0,381;22,941;90,823
11,35;183,14;-9,621;-0,381;22,941;90,822
11,36;183,16;-9,621;-0,381;22,941;90,822
11,36;183,19;-9,621;-0,381;22,941;90,822
11,36;183,21;-9,621;-0,381;22,941;90,822
11,36;183,24;-9,621;-0,381;22,94;90,822
11,36;183,26;-9,621;-0,381;22,94;90,822
11,37;183,29;-9,622;-0,381;22,94;90,822
11,37;183,31;-9,622;-0,381;22,94;90,822
11,37;183,34;-9,622;-0,381;22,94;90,821
11,37;183,37;-9,622;-0,381;22,94;90,821
11,37;183,39;-9,622;-0,381;22,94;90,821
11,37;183,42;-9,623;-0,381;22,94;90,821
11,38;183,44;-9,623;-0,381;22,94;90,821
11,38;183,47;-9,623;-0,381;22,94;90,821
11,38;183,49;-9,623;-0,381;22,94;90,821
11,38;183,52;-9,623;-0,381;22,94;90,821
11,38;183,54;-9,624;-0,381;22,94;90,82
11,38;183,57;-9,624;-0,381;22,94;90,82
11,38;183,59;-9,624;-0,381;22,94;90,82
11,39;183,62;-9,624;-0,381;22,94;90,82
11,39;183,65;-9,624;-0,381;22,94;90,82
11,39;183,67;-9,625;-0,381;22,94;90,82
11,39;183,7;-9,625;-0,381;22,94;90,82
11,39;183,72;-9,625;-0,381;22,94;90,82
11,4;183,75;-9,625;-0,381;22,94;90,819
11,4;183,77;-9,626;-0,381;22,94;90,819
11,4;183,8;-9,626;-0,381;22,94;90,819
11,4;183,82;-9,626;-0,381;22,94;90,819
11,4;183,85;-9,626;-0,381;22,94;90,819
11,4;183,87;-9,626;-0,381;22,94;90,819
11,4;183,9;-9,626;-0,381;22,94;90,819
11,41;183,93;-9,627;-0,381;22,94;90,819
11,41;183,95;-9,627;-0,381;22,94;90,818
11,41;183,98;-9,627;-0,381;22,94;90,818
11,41;184;-9,627;-0,381;22,94;90,818
11,41;184,03;-9,627;-0,381;22,939;90,818
11,42;184,05;-9,627;-0,381;22,939;90,818
11,42;184,08;-9,627;-0,381;22,939;90,818
11,42;184,1;-9,627;-0,381;22,939;90,818
11,42;184,13;-9,627;-0,381;22,939;90,818
11,42;184,16;-9,627;-0,381;22,939;90,817
11,42;184,18;-9,627;-0,381;22,939;90,817
11,43;184,21;-9,627;-0,381;22,939;90,817
11,43;184,23;-9,627;-0,381;22,939;90,817
11,43;184,26;-9,627;-0,381;22,939;90,817
11,43;184,28;-9,627;-0,381;22,939;90,817
11,43;184,31;-9,627;-0,381;22,939;90,817
11,43;184,33;-9,627;-0,381;22,939;90,817
11,43;184,36;-9,627;-0,381;22,939;90,816
11,44;184,38;-9,627;-0,381;22,939;90,816
11,44;184,41;-9,627;-0,381;22,939;90,816
11,44;184,44;-9,627;-0,381;22,939;90,816
11,44;184,46;-9,627;-0,381;22,939;90,816
11,44;184,49;-9,627;-0,381;22,939;90,816
11,45;184,51;-9,627;-0,381;22,939;90,816
11,45;184,54;-9,627;-0,381;22,939;90,815
11,45;184,56;-9,627;-0,381;22,939;90,815
11,45;184,59;-9,627;-0,381;22,939;90,815
11,45;184,61;-9,627;-0,381;22,939;90,815
11,45;184,64;-9,627;-0,381;22,939;90,815
11,45;184,66;-9,627;-0,381;22,939;90,815
11,46;184,69;-9,627;-0,381;22,939;90,815
11,46;184,72;-9,627;-0,381;22,939;90,815
11,46;184,74;-9,627;-0,381;22,939;90,814
11,46;184,77;-9,627;-0,381;22,939;90,814
11,46;184,79;-9,627;-0,381;22,939;90,814
11,47;184,82;-9,627;-0,381;22,938;90,814
11,47;184,84;-9,627;-0,381;22,938;90,814
11,47;184,87;-9,627;-0,381;22,938;90,814
11,47;184,89;-9,627;-0,381;22,938;90,814
11,47;184,92;-9,626;-0,381;22,938;90,814
11,47;184,95;-9,626;-0,381;22,938;90,813
11,48;184,97;-9,626;-0,381;22,938;90,813
11,48;185;-9,626;-0,381;22,938;90,813
11,48;185,02;-9,626;-0,381;22,938;90,813
11,48;185,05;-9,626;-0,381;22,938;90,813
11,48;185,07;-9,626;-0,381;22,938;90,813
11,48;185,1;-9,626;-0,381;22,938;90,813
11,48;185,12;-9,626;-0,381;22,938;90,813
11,49;185,15;-9,626;-0,381;22,938;90,812
11,49;185,18;-9,626;-0,381;22,938;90,812
11,49;185,2;-9,626;-0,381;22,938;90,812
11,49;185,23;-9,626;-0,381;22,938;90,812
11,49;185,25;-9,626;-0,381;22,938;90,812
11,5;185,28;-9,626;-0,381;22,938;90,812
11,5;185,3;-9,626;-0,381;22,938;90,812
11,5;185,33;-9,626;-0,381;22,938;90,811
11,5;185,35;-9,626;-0,381;22,938;90,811
11,5;185,38;-9,626;-0,381;22,938;90,811
11,5;185,4;-9,626;-0,381;22,938;90,811
11,5;185,43;-9,626;-0,381;22,938;90,811
11,51;185,46;-9,626;-0,381;22,938;90,811
11,51;185,48;-9,626;-0,381;22,938;90,811
11,51;185,51;-9,626;-0,381;22,938;90,811
11,51;185,53;-9,626;-0,381;22,938;90,81
11,51;185,56;-9,626;-0,381;22,938;90,81
11,52;185,58;-9,626;-0,381;22,938;90,81
11,52;185,61;-9,626;-0,381;22,937;90,81
11,52;185,63;-9,625;-0,381;22,937;90,81
11,52;185,66;-9,625;-0,381;22,937;90,81
11,52;185,69;-9,625;-0,381;22,937;90,81
11,52;185,71;-9,625;-0,381;22,937;90,809
11,53;185,74;-9,625;-0,381;22,937;90,809
11,53;185,76;-9,625;-0,381;22,937;90,809
11,53;185,79;-9,625;-0,381;22,937;90,809
11,53;185,81;-9,625;-0,381;22,937;90,809
11,53;185,84;-9,625;-0,381;22,937;90,809
11,53;185,86;-9,625;-0,381;22,937;90,809
11,53;185,89;-9,624;-0,381;22,937;90,809
11,54;185,91;-9,624;-0,381;22,937;90,808
11,54;185,94;-9,624;-0,381;22,937;90,808
11,54;185,97;-9,624;-0,381;22,937;90,808
11,54;185,99;-9,624;-0,381;22,937;90,808
11,54;186,02;-9,624;-0,381;22,937;90,808
11,55;186,04;-9,624;-0,381;22,937;90,808
11,55;186,07;-9,624;-0,381;22,937;90,808
11,55;186,09;-9,624;-0,381;22,937;90,807
11,55;186,12;-9,624;-0,381;22,937;90,807
11,55;186,14;-9,623;-0,381;22,937;90,807
11,55;186,17;-9,623;-0,381;22,937;90,807
11,55;186,19;-9,623;-0,381;22,937;90,807
11,56;186,22;-9,623;-0,381;22,937;90,807
11,56;186,25;-9,623;-0,381;22,937;90,807
11,56;186,27;-9,623;-0,381;22,937;90,806
11,56;186,3;-9,623;-0,381;22,937;90,806
11,56;186,32;-9,623;-0,381;22,937;90,806
11,57;186,35;-9,623;-0,381;22,936;90,806
11,57;186,37;-9,623;-0,381;22,936;90,806
11,57;186,4;-9,623;-0,381;22,936;90,806
11,57;186,42;-9,623;-0,381;22,936;90,806
11,57;186,45;-9,623;-0,381;22,936;90,806
11,57;186,47;-9,623;-0,381;22,936;90,805
11,58;186,5;-9,623;-0,381;22,936;90,805
11,58;186,53;-9,622;-0,381;22,936;90,805
11,58;186,55;-9,622;-0,381;22,936;90,805
11,58;186,58;-9,622;-0,381;22,936;90,805
11,58;186,6;-9,623;-0,381;22,936;90,805
11,58;186,63;-9,623;-0,381;22,936;90,805
11,58;186,65;-9,623;-0,381;22,936;90,804
11,59;186,68;-9,623;-0,381;22,936;90,804
11,59;186,7;-9,623;-0,381;22,936;90,804
11,59;186,73;-9,623;-0,381;22,936;90,804
11,59;186,75;-9,623;-0,381;22,936;90,804
11,59;186,78;-9,623;-0,381;22,936;90,804
11,6;186,81;-9,624;-0,381;22,936;90,804
11,6;186,83;-9,624;-0,381;22,936;90,803
11,6;186,86;-9,624;-0,381;22,936;90,803
11,6;186,88;-9,624;-0,381;22,936;90,803
11,6;186,91;-9,624;-0,381;22,936;90,803
11,6;186,93;-9,624;-0,381;22,936;90,803
11,6;186,96;-9,624;-0,381;22,936;90,803
11,61;186,98;-9,625;-0,381;22,936;90,803
11,61;187,01;-9,625;-0,381;22,936;90,802
11,61;187,04;-9,625;-0,381;22,936;90,802
11,61;187,06;-9,625;-0,381;22,935;90,802
11,61;187,09;-9,625;-0,381;22,935;90,802
11,62;187,11;-9,625;-0,381;22,935;90,802
11,62;187,14;-9,625;-0,381;22,935;90,802
11,62;187,16;-9,625;-0,381;22,935;90,802
11,62;187,19;-9,625;-0,381;22,935;90,801
11,62;187,21;-9,625;-0,381;22,935;90,801
11,62;187,24;-9,625;-0,381;22,935;90,801
11,63;187,26;-9,625;-0,381;22,935;90,801
11,63;187,29;-9,625;-0,381;22,935;90,801
11,63;187,32;-9,625;-0,381;22,935;90,801
11,63;187,34;-9,625;-0,381;22,935;90,801
11,63;187,37;-9,625;-0,381;22,935;90,8
11,63;187,39;-9,625;-0,381;22,935;90,8
11,63;187,42;-9,625;-0,381;22,935;90,8
11,64;187,44;-9,625;-0,381;22,935;90,8
11,64;187,47;-9,625;-0,381;22,935;90,8
11,64;187,49;-9,625;-0,381;22,935;90,8
11,64;187,52;-9,625;-0,381;22,935;90,8
11,64;187,55;-9,625;-0,381;22,935;90,799
11,65;187,57;-9,625;-0,381;22,935;90,799
11,65;187,6;-9,625;-0,381;22,935;90,799
11,65;187,62;-9,624;-0,381;22,935;90,799
11,65;187,65;-9,624;-0,381;22,935;90,799
11,65;187,67;-9,624;-0,381;22,935;90,799
11,65;187,7;-9,624;-0,381;22,935;90,799
11,65;187,72;-9,624;-0,381;22,935;90,798
11,66;187,75;-9,624;-0,381;22,935;90,798
11,66;187,78;-9,624;-0,381;22,934;90,798
11,66;187,8;-9,624;-0,381;22,934;90,798
11,66;187,83;-9,624;-0,381;22,934;90,798
11,66;187,85;-9,624;-0,381;22,934;90,798
11,67;187,88;-9,623;-0,381;22,934;90,798
11,67;187,9;-9,623;-0,381;22,934;90,797
11,67;187,93;-9,623;-0,381;22,934;90,797
11,67;187,95;-9,623;-0,381;22,934;90,797
11,67;187,98;-9,623;-0,381;22,934;90,797
11,67;188,01;-9,623;-0,381;22,934;90,797
11,68;188,03;-9,622;-0,381;22,934;90,797
11,68;188,06;-9,622;-0,381;22,934;90,797
11,68;188,08;-9,622;-0,381;22,934;90,796
11,68;188,11;-9,621;-0,381;22,934;90,796
11,68;188,13;-9,621;-0,381;22,934;90,796
11,68;188,16;-9,621;-0,381;22,934;90,796
11,68;188,18;-9,62;-0,381;22,934;90,796
11,69;188,21;-9,62;-0,381;22,934;90,796
11,69;188,23;-9,62;-0,381;22,934;90,795
11,69;188,26;-9,619;-0,381;22,934;90,795
11,69;188,29;-9,619;-0,381;22,934;90,795
11,69;188,31;-9,619;-0,381;22,934;90,795
11,7;188,34;-9,618;-0,381;22,934;90,795
11,7;188,36;-9,618;-0,381;22,934;90,795
11,7;188,39;-9,618;-0,381;22,934;90,795
11,7;188,41;-9,617;-0,381;22,934;90,794
11,7;188,44;-9,617;-0,381;22,933;90,794
11,7;188,46;-9,617;-0,381;22,933;90,794
11,7;188,49;-9,616;-0,381;22,933;90,794
11,71;188,52;-9,616;-0,381;22,933;90,794
11,71;188,54;-9,616;-0,381;22,933;90,794
11,71;188,57;-9,615;-0,381;22,933;90,794
11,71;188,59;-9,615;-0,381;22,933;90,793
11,71;188,62;-9,615;-0,381;22,933;90,793
11,72;188,64;-9,615;-0,381;22,933;90,793
11,72;188,67;-9,614;-0,381;22,933;90,793
11,72;188,69;-9,614;-0,381;22,933;90,793
11,72;188,72;-9,614;-0,381;22,933;90,793
11,72;188,74;-9,614;-0,381;22,933;90,792
11,72;188,77;-9,613;-0,381;22,933;90,792
11,73;188,8;-9,613;-0,381;22,933;90,792
11,73;188,82;-9,613;-0,381;22,933;90,792
11,73;188,85;-9,613;-0,381;22,933;90,792
11,73;188,87;-9,612;-0,381;22,933;90,792
11,73;188,9;-9,612;-0,381;22,933;90,792
11,73;188,92;-9,612;-0,381;22,933;90,791
11,73;188,95;-9,612;-0,381;22,933;90,791
11,74;188,97;-9,612;-0,381;22,933;90,791
11,74;189;-9,611;-0,381;22,933;90,791
11,74;189,02;-9,611;-0,381;22,933;90,791
11,74;189,05;-9,611;-0,38;22,933;90,791
11,74;189,08;-9,611;-0,38;22,933;90,791
11,75;189,1;-9,611;-0,38;22,933;90,79
11,75;189,13;-9,61;-0,38;22,932;90,79
11,75;189,15;-9,61;-0,38;22,932;90,79
11,75;189,18;-9,61;-0,38;22,932;90,79
11,75;189,2;-9,61;-0,38;22,932;90,79
11,75;189,23;-9,609;-0,38;22,932;90,79
11,75;189,25;-9,609;-0,38;22,932;90,789
11,76;189,28;-9,609;-0,38;22,932;90,789
11,76;189,3;-9,609;-0,38;22,932;90,789
11,76;189,33;-9,609;-0,38;22,932;90,789
11,76;189,36;-9,609;-0,38;22,932;90,789
11,76;189,38;-9,609;-0,38;22,932;90,789
11,77;189,41;-9,608;-0,38;22,932;90,789
11,77;189,43;-9,608;-0,38;22,932;90,788
11,77;189,46;-9,608;-0,38;22,932;90,788
11,77;189,48;-9,608;-0,38;22,932;90,788
11,77;189,51;-9,608;-0,38;22,932;90,788
11,77;189,53;-9,608;-0,38;22,932;90,788
11,78;189,56;-9,608;-0,38;22,932;90,788
11,78;189,59;-9,607;-0,38;22,932;90,787
11,78;189,61;-9,607;-0,38;22,932;90,787
11,78;189,64;-9,607;-0,38;22,932;90,787
11,78;189,66;-9,607;-0,38;22,932;90,787
11,78;189,69;-9,607;-0,38;22,932;90,787
11,78;189,71;-9,607;-0,38;22,932;90,787
11,79;189,74;-9,607;-0,38;22,932;90,787
11,79;189,76;-9,607;-0,38;22,932;90,786
11,79;189,79;-9,607;-0,38;22,931;90,786
11,79;189,81;-9,607;-0,38;22,931;90,786
11,79;189,84;-9,606;-0,38;22,931;90,786
11,8;189,87;-9,606;-0,38;22,931;90,786
11,8;189,89;-9,606;-0,38;22,931;90,786
11,8;189,92;-9,606;-0,38;22,931;90,785
11,8;189,94;-9,606;-0,38;22,931;90,785
11,8;189,97;-9,606;-0,38;22,931;90,785
11,8;189,99;-9,606;-0,38;22,931;90,785
11,8;190,02;-9,606;-0,38;22,931;90,785
11,81;190,04;-9,606;-0,38;22,931;90,785
11,81;190,07;-9,606;-0,38;22,931;90,784
11,81;190,09;-9,605;-0,38;22,931;90,784
11,81;190,12;-9,605;-0,38;22,931;90,784
11,81;190,15;-9,605;-0,38;22,931;90,784
11,82;190,17;-9,605;-0,38;22,931;90,784
11,82;190,2;-9,605;-0,38;22,931;90,784
11,82;190,22;-9,605;-0,38;22,931;90,784
11,82;190,25;-9,605;-0,38;22,931;90,783
11,82;190,27;-9,604;-0,38;22,931;90,783
11,82;190,3;-9,604;-0,38;22,931;90,783
11,83;190,32;-9,604;-0,38;22,931;90,783
11,83;190,35;-9,604;-0,38;22,931;90,783
11,83;190,37;-9,604;-0,38;22,931;90,783
11,83;190,4;-9,604;-0,38;22,931;90,782
11,83;190,43;-9,604;-0,38;22,93;90,782
11,83;190,45;-9,603;-0,38;22,93;90,782
11,83;190,48;-9,603;-0,38;22,93;90,782
11,84;190,5;-9,603;-0,38;22,93;90,782
11,84;190,53;-9,603;-0,38;22,93;90,782
11,84;190,55;-9,603;-0,38;22,93;90,781
11,84;190,58;-9,602;-0,38;22,93;90,781
11,84;190,6;-9,602;-0,38;22,93;90,781
11,85;190,63;-9,602;-0,38;22,93;90,781
11,85;190,65;-9,602;-0,38;22,93;90,781
11,85;190,68;-9,602;-0,38;22,93;90,781
11,85;190,71;-9,602;-0,38;22,93;90,78
11,85;190,73;-9,601;-0,38;22,93;90,78
11,85;190,76;-9,601;-0,38;22,93;90,78
11,85;190,78;-9,601;-0,38;22,93;90,78
11,86;190,81;-9,601;-0,38;22,93;90,78
11,86;190,83;-9,601;-0,38;22,93;90,78
11,86;190,86;-9,601;-0,38;22,93;90,779
11,86;190,88;-9,601;-0,38;22,93;90,779
11,86;190,91;-9,6;-0,38;22,93;90,779
11,87;190,94;-9,6;-0,38;22,93;90,779
11,87;190,96;-9,6;-0,38;22,93;90,779
11,87;190,99;-9,6;-0,38;22,93;90,779
11,87;191,01;-9,6;-0,38;22,93;90,779
11,87;191,04;-9,599;-0,38;22,929;90,778
11,87;191,06;-9,599;-0,38;22,929;90,778
11,88;191,09;-9,599;-0,38;22,929;90,778
11,88;191,11;-9,599;-0,38;22,929;90,778
11,88;191,14;-9,598;-0,38;22,929;90,778
11,88;191,16;-9,598;-0,38;22,929;90,778
11,88;191,19;-9,598;-0,38;22,929;90,777
11,88;191,22;-9,597;-0,38;22,929;90,777
11,88;191,24;-9,597;-0,38;22,929;90,777
11,89;191,27;-9,597;-0,38;22,929;90,777
11,89;191,29;-9,596;-0,38;22,929;90,777
11,89;191,32;-9,596;-0,38;22,929;90,776
11,89;191,34;-9,596;-0,38;22,929;90,776
11,89;191,37;-9,595;-0,38;22,929;90,776
11,9;191,39;-9,595;-0,38;22,929;90,776
11,9;191,42;-9,595;-0,38;22,929;90,776
11,9;191,44;-9,594;-0,38;22,929;90,776
11,9;191,47;-9,594;-0,38;22,929;90,775
11,9;191,5;-9,594;-0,38;22,929;90,775
11,9;191,52;-9,593;-0,38;22,929;90,775
11,9;191,55;-9,593;-0,38;22,929;90,775
11,91;191,57;-9,593;-0,38;22,929;90,775
11,91;191,6;-9,593;-0,38;22,929;90,775
11,91;191,62;-9,592;-0,38;22,928;90,774
11,91;191,65;-9,592;-0,38;22,928;90,774
11,91;191,67;-9,592;-0,38;22,928;90,774
11,92;191,7;-9,592;-0,38;22,928;90,774
11,92;191,73;-9,591;-0,38;22,928;90,774
11,92;191,75;-9,591;-0,38;22,928;90,774
11,92;191,78;-9,591;-0,38;22,928;90,773
11,92;191,8;-9,591;-0,38;22,928;90,773
11,92;191,83;-9,59;-0,38;22,928;90,773
11,93;191,85;-9,59;-0,38;22,928;90,773
11,93;191,88;-9,59;-0,38;22,928;90,773
11,93;191,9;-9,59;-0,38;22,928;90,773
11,93;191,93;-9,589;-0,38;22,928;90,772
11,93;191,96;-9,589;-0,38;22,928;90,772
11,93;191,98;-9,589;-0,38;22,928;90,772
11,93;192,01;-9,589;-0,38;22,928;90,772
11,94;192,03;-9,588;-0,38;22,928;90,772
11,94;192,06;-9,588;-0,38;22,928;90,772
11,94;192,08;-9,588;-0,38;22,928;90,771
11,94;192,11;-9,587;-0,38;22,928;90,771
11,94;192,13;-9,587;-0,38;22,928;90,771
11,95;192,16;-9,587;-0,38;22,928;90,771
11,95;192,18;-9,586;-0,38;22,928;90,771
11,95;192,21;-9,586;-0,38;22,927;90,77
11,95;192,24;-9,585;-0,379;22,927;90,77
11,95;192,26;-9,585;-0,379;22,927;90,77
11,95;192,29;-9,585;-0,379;22,927;90,77
11,95;192,31;-9,584;-0,379;22,927;90,77
11,96;192,34;-9,584;-0,379;22,927;90,77
11,96;192,36;-9,584;-0,379;22,927;90,769
11,96;192,39;-9,583;-0,379;22,927;90,769
11,96;192,41;-9,583;-0,379;22,927;90,769
11,96;192,44;-9,583;-0,379;22,927;90,769
11,97;192,47;-9,583;-0,379;22,927;90,769
11,97;192,49;-9,582;-0,379;22,927;90,769
11,97;192,52;-9,582;-0,379;22,927;90,768
11,97;192,54;-9,582;-0,379;22,927;90,768
11,97;192,57;-9,582;-0,379;22,927;90,768
11,97;192,59;-9,581;-0,379;22,927;90,768
11,98;192,62;-9,581;-0,379;22,927;90,768
11,98;192,64;-9,58;-0,379;22,927;90,767
11,98;192,67;-9,58;-0,379;22,927;90,767
11,98;192,7;-9,579;-0,379;22,927;90,767
11,98;192,72;-9,579;-0,379;22,927;90,767
11,98;192,75;-9,578;-0,379;22,927;90,767
11,98;192,77;-9,578;-0,379;22,926;90,767
11,99;192,8;-9,577;-0,379;22,926;90,766
11,99;192,82;-9,577;-0,379;22,926;90,766
11,99;192,85;-9,576;-0,379;22,926;90,766
11,99;192,87;-9,576;-0,379;22,926;90,766
11,99;192,9;-9,575;-0,379;22,926;90,766
12;192,92;-9,574;-0,379;22,926;90,765
12;192,95;-9,574;-0,379;22,926;90,765
12;192,98;-9,573;-0,379;22,926;90,765
12;193;-9,573;-0,379;22,926;90,765
12;193,03;-9,572;-0,379;22,926;90,765
12;193,05;-9,571;-0,379;22,926;90,765
12;193,08;-9,571;-0,379;22,926;90,764
12,01;193,1;-9,57;-0,379;22,926;90,764
12,01;193,13;-9,57;-0,379;22,926;90,764
12,01;193,15;-9,569;-0,379;22,926;90,764
12,01;193,18;-9,569;-0,379;22,926;90,764
12,01;193,21;-9,568;-0,379;22,926;90,763
12,02;193,23;-9,567;-0,379;22,926;90,763
12,02;193,26;-9,567;-0,379;22,926;90,763
12,02;193,28;-9,567;-0,379;22,926;90,763
12,02;193,31;-9,566;-0,379;22,926;90,763
12,02;193,33;-9,566;-0,379;22,925;90,763
12,02;193,36;-9,565;-0,379;22,925;90,762
12,03;193,38;-9,564;-0,379;22,925;90,762
12,03;193,41;-9,564;-0,379;22,925;90,762
12,03;193,43;-9,563;-0,379;22,925;90,762
12,03;193,46;-9,563;-0,379;22,925;90,762
12,03;193,49;-9,562;-0,379;22,925;90,761
12,03;193,51;-9,562;-0,379;22,925;90,761
12,03;193,54;-9,561;-0,379;22,925;90,761
12,04;193,56;-9,561;-0,379;22,925;90,761
12,04;193,59;-9,56;-0,378;22,925;90,761
12,04;193,61;-9,56;-0,378;22,925;90,76
12,04;193,64;-9,56;-0,378;22,925;90,76
12,04;193,66;-9,559;-0,378;22,925;90,76
12,05;193,69;-9,559;-0,378;22,925;90,76
12,05;193,72;-9,558;-0,378;22,925;90,76
12,05;193,74;-9,558;-0,378;22,925;90,76
12,05;193,77;-9,557;-0,378;22,925;90,759
12,05;193,79;-9,557;-0,378;22,925;90,759
12,05;193,82;-9,557;-0,378;22,925;90,759
12,05;193,84;-9,556;-0,378;22,925;90,759
12,06;193,87;-9,556;-0,378;22,924;90,759
12,06;193,89;-9,556;-0,378;22,924;90,758
12,06;193,92;-9,555;-0,378;22,924;90,758
12,06;193,95;-9,555;-0,378;22,924;90,758
12,06;193,97;-9,554;-0,378;22,924;90,758
12,07;194;-9,554;-0,378;22,924;90,758
12,07;194,02;-9,554;-0,378;22,924;90,757
12,07;194,05;-9,554;-0,378;22,924;90,757
12,07;194,07;-9,553;-0,378;22,924;90,757
12,07;194,1;-9,553;-0,378;22,924;90,757
12,07;194,12;-9,553;-0,378;22,924;90,757
12,08;194,15;-9,553;-0,378;22,924;90,757
12,08;194,18;-9,552;-0,378;22,924;90,756
12,08;194,2;-9,552;-0,378;22,924;90,756
12,08;194,23;-9,552;-0,378;22,924;90,756
12,08;194,25;-9,551;-0,378;22,924;90,756
12,08;194,28;-9,551;-0,378;22,924;90,756
12,08;194,3;-9,55;-0,378;22,924;90,755
12,09;194,33;-9,55;-0,378;22,924;90,755
12,09;194,35;-9,55;-0,378;22,924;90,755
12,09;194,38;-9,549;-0,378;22,924;90,755
12,09;194,4;-9,549;-0,378;22,923;90,755
12,09;194,43;-9,549;-0,378;22,923;90,754
12,1;194,46;-9,548;-0,378;22,923;90,754
12,1;194,48;-9,548;-0,378;22,923;90,754
12,1;194,51;-9,548;-0,378;22,923;90,754
12,1;194,53;-9,547;-0,378;22,923;90,754
12,1;194,56;-9,547;-0,378;22,923;90,753
12,1;194,58;-9,546;-0,378;22,923;90,753
12,1;194,61;-9,546;-0,378;22,923;90,753
12,11;194,63;-9,546;-0,378;22,923;90,753
12,11;194,66;-9,545;-0,378;22,923;90,753
12,11;194,69;-9,545;-0,378;22,923;90,752
12,11;194,71;-9,545;-0,378;22,923;90,752
12,11;194,74;-9,544;-0,378;22,923;90,752
12,12;194,76;-9,544;-0,378;22,923;90,752
12,12;194,79;-9,544;-0,378;22,923;90,752
12,12;194,81;-9,543;-0,378;22,923;90,751
12,12;194,84;-9,543;-0,378;22,923;90,751
12,12;194,86;-9,543;-0,378;22,923;90,751
12,12;194,89;-9,542;-0,378;22,923;90,751
12,13;194,91;-9,542;-0,378;22,922;90,751
12,13;194,94;-9,542;-0,378;22,922;90,75
12,13;194,97;-9,541;-0,378;22,922;90,75
12,13;194,99;-9,541;-0,378;22,922;90,75
12,13;195,02;-9,54;-0,378;22,922;90,75
12,13;195,04;-9,54;-0,378;22,922;90,75
12,13;195,07;-9,54;-0,378;22,922;90,749
12,14;195,09;-9,539;-0,378;22,922;90,749
12,14;195,12;-9,539;-0,378;22,922;90,749
12,14;195,14;-9,538;-0,378;22,922;90,749
12,14;195,17;-9,538;-0,378;22,922;90,749
12,14;195,19;-9,537;-0,378;22,922;90,748
12,15;195,22;-9,537;-0,378;22,922;90,748
12,15;195,25;-9,536;-0,378;22,922;90,748
12,15;195,27;-9,536;-0,378;22,922;90,748
12,15;195,3;-9,536;-0,378;22,922;90,748
12,15;195,32;-9,535;-0,377;22,922;90,747
12,15;195,35;-9,535;-0,377;22,922;90,747
12,15;195,37;-9,534;-0,377;22,922;90,747
12,16;195,4;-9,534;-0,377;22,922;90,747
12,16;195,42;-9,533;-0,377;22,921;90,747
12,16;195,45;-9,533;-0,377;22,921;90,746
12,16;195,48;-9,532;-0,377;22,921;90,746
12,16;195,5;-9,532;-0,377;22,921;90,746
12,17;195,53;-9,532;-0,377;22,921;90,746
12,17;195,55;-9,531;-0,377;22,921;90,746
12,17;195,58;-9,531;-0,377;22,921;90,745
12,17;195,6;-9,53;-0,377;22,921;90,745
12,17;195,63;-9,529;-0,377;22,921;90,745
12,17;195,65;-9,529;-0,377;22,921;90,745
12,18;195,68;-9,528;-0,377;22,921;90,745
12,18;195,71;-9,528;-0,377;22,921;90,744
12,18;195,73;-9,527;-0,377;22,921;90,744
12,18;195,76;-9,527;-0,377;22,921;90,744
12,18;195,78;-9,526;-0,377;22,921;90,744
12,18;195,81;-9,526;-0,377;22,921;90,744
12,18;195,83;-9,525;-0,377;22,921;90,743
12,19;195,86;-9,525;-0,377;22,921;90,743
12,19;195,88;-9,524;-0,377;22,921;90,743
12,19;195,91;-9,524;-0,377;22,92;90,743
12,19;195,93;-9,523;-0,377;22,92;90,742
12,19;195,96;-9,523;-0,377;22,92;90,742
12,2;195,99;-9,522;-0,377;22,92;90,742
12,2;196,01;-9,522;-0,377;22,92;90,742
12,2;196,04;-9,521;-0,377;22,92;90,742
12,2;196,06;-9,521;-0,377;22,92;90,741
12,2;196,09;-9,52;-0,377;22,92;90,741
12,2;196,11;-9,52;-0,377;22,92;90,741
12,2;196,14;-9,519;-0,377;22,92;90,741
12,21;196,17;-9,519;-0,377;22,92;90,741
12,21;196,19;-9,518;-0,377;22,92;90,74
12,21;196,22;-9,518;-0,377;22,92;90,74
12,21;196,24;-9,517;-0,377;22,92;90,74
12,21;196,27;-9,517;-0,377;22,92;90,74
12,22;196,29;-9,516;-0,377;22,92;90,74
12,22;196,32;-9,516;-0,377;22,92;90,739
12,22;196,34;-9,515;-0,377;22,92;90,739
12,22;196,37;-9,515;-0,377;22,92;90,739
12,22;196,4;-9,514;-0,377;22,919;90,739
12,22;196,42;-9,514;-0,377;22,919;90,738
12,23;196,45;-9,513;-0,377;22,919;90,738
12,23;196,47;-9,513;-0,377;22,919;90,738
12,23;196,5;-9,512;-0,377;22,919;90,738
12,23;196,52;-9,512;-0,377;22,919;90,738
12,23;196,55;-9,511;-0,377;22,919;90,737
12,23;196,57;-9,511;-0,377;22,919;90,737
12,23;196,6;-9,51;-0,377;22,919;90,737
12,24;196,62;-9,51;-0,377;22,919;90,737
12,24;196,65;-9,509;-0,376;22,919;90,736
12,24;196,68;-9,509;-0,376;22,919;90,736
12,24;196,7;-9,509;-0,376;22,919;90,736
12,24;196,73;-9,508;-0,376;22,919;90,736
12,25;196,75;-9,508;-0,376;22,919;90,736
12,25;196,78;-9,507;-0,376;22,919;90,735
12,25;196,8;-9,507;-0,376;22,919;90,735
12,25;196,83;-9,506;-0,376;22,919;90,735
12,25;196,85;-9,506;-0,376;22,918;90,735
12,25;196,88;-9,505;-0,376;22,918;90,735
12,25;196,91;-9,505;-0,376;22,918;90,734
12,26;196,93;-9,505;-0,376;22,918;90,734
12,26;196,96;-9,504;-0,376;22,918;90,734
12,26;196,98;-9,504;-0,376;22,918;90,734
12,26;197,01;-9,503;-0,376;22,918;90,733
12,26;197,03;-9,503;-0,376;22,918;90,733
12,27;197,06;-9,502;-0,376;22,918;90,733
12,27;197,08;-9,502;-0,376;22,918;90,733
12,27;197,11;-9,501;-0,376;22,918;90,733
12,27;197,14;-9,501;-0,376;22,918;90,732
12,27;197,16;-9,5;-0,376;22,918;90,732
12,27;197,19;-9,5;-0,376;22,918;90,732
12,28;197,21;-9,5;-0,376;22,918;90,732
12,28;197,24;-9,499;-0,376;22,918;90,731
12,28;197,26;-9,499;-0,376;22,918;90,731
12,28;197,29;-9,498;-0,376;22,918;90,731
12,28;197,31;-9,498;-0,376;22,917;90,731
12,28;197,34;-9,497;-0,376;22,917;90,73
12,28;197,37;-9,497;-0,376;22,917;90,73
12,29;197,39;-9,496;-0,376;22,917;90,73
12,29;197,42;-9,496;-0,376;22,917;90,73
12,29;197,44;-9,495;-0,376;22,917;90,73
12,29;197,47;-9,494;-0,376;22,917;90,729
12,29;197,49;-9,494;-0,376;22,917;90,729
12,3;197,52;-9,493;-0,376;22,917;90,729
12,3;197,54;-9,493;-0,376;22,917;90,729
12,3;197,57;-9,492;-0,376;22,917;90,728
12,3;197,59;-9,492;-0,376;22,917;90,728
12,3;197,62;-9,491;-0,376;22,917;90,728
12,3;197,65;-9,491;-0,376;22,917;90,728
12,3;197,67;-9,49;-0,376;22,917;90,728
12,31;197,7;-9,489;-0,376;22,917;90,727
12,31;197,72;-9,489;-0,376;22,917;90,727
12,31;197,75;-9,488;-0,376;22,916;90,727
12,31;197,77;-9,487;-0,376;22,916;90,727
12,31;197,8;-9,486;-0,376;22,916;90,726
12,32;197,82;-9,486;-0,376;22,916;90,726
12,32;197,85;-9,485;-0,376;22,916;90,726
12,32;197,88;-9,484;-0,375;22,916;90,726
12,32;197,9;-9,483;-0,375;22,916;90,725
12,32;197,93;-9,483;-0,375;22,916;90,725
12,32;197,95;-9,482;-0,375;22,916;90,725
12,33;197,98;-9,481;-0,375;22,916;90,725
12,33;198;-9,48;-0,375;22,916;90,725
12,33;198,03;-9,48;-0,375;22,916;90,724
12,33;198,05;-9,479;-0,375;22,916;90,724
12,33;198,08;-9,478;-0,375;22,916;90,724
12,33;198,11;-9,477;-0,375;22,916;90,724
12,33;198,13;-9,477;-0,375;22,916;90,723
12,34;198,16;-9,476;-0,375;22,916;90,723
12,34;198,18;-9,475;-0,375;22,915;90,723
12,34;198,21;-9,474;-0,375;22,915;90,723
12,34;198,23;-9,473;-0,375;22,915;90,722
12,34;198,26;-9,473;-0,375;22,915;90,722
12,35;198,28;-9,472;-0,375;22,915;90,722
12,35;198,31;-9,471;-0,375;22,915;90,722
12,35;198,34;-9,47;-0,375;22,915;90,721
12,35;198,36;-9,469;-0,375;22,915;90,721
12,35;198,39;-9,468;-0,375;22,915;90,721
12,35;198,41;-9,467;-0,375;22,915;90,721
12,35;198,44;-9,467;-0,375;22,915;90,72
12,36;198,46;-9,466;-0,375;22,915;90,72
12,36;198,49;-9,465;-0,375;22,915;90,72
12,36;198,51;-9,464;-0,375;22,915;90,72
12,36;198,54;-9,463;-0,375;22,915;90,72
12,36;198,57;-9,462;-0,375;22,915;90,719
12,37;198,59;-9,461;-0,375;22,914;90,719
12,37;198,62;-9,46;-0,375;22,914;90,719
12,37;198,64;-9,46;-0,375;22,914;90,719
12,37;198,67;-9,459;-0,374;22,914;90,718
12,37;198,69;-9,458;-0,374;22,914;90,718
12,37;198,72;-9,457;-0,374;22,914;90,718
12,38;198,75;-9,456;-0,374;22,914;90,718
12,38;198,77;-9,456;-0,374;22,914;90,717
12,38;198,8;-9,455;-0,374;22,914;90,717
12,38;198,82;-9,454;-0,374;22,914;90,717
12,38;198,85;-9,453;-0,374;22,914;90,717
12,38;198,87;-9,452;-0,374;22,914;90,716
12,38;198,9;-9,451;-0,374;22,914;90,716
12,39;198,92;-9,45;-0,374;22,914;90,716
12,39;198,95;-9,449;-0,374;22,914;90,716
12,39;198,98;-9,448;-0,374;22,914;90,715
12,39;199;-9,448;-0,374;22,914;90,715
12,39;199,03;-9,447;-0,374;22,913;90,715
12,4;199,05;-9,446;-0,374;22,913;90,715
12,4;199,08;-9,445;-0,374;22,913;90,714
12,4;199,1;-9,445;-0,374;22,913;90,714
12,4;199,13;-9,444;-0,374;22,913;90,714
12,4;199,15;-9,443;-0,374;22,913;90,714
12,4;199,18;-9,443;-0,374;22,913;90,713
12,4;199,21;-9,442;-0,374;22,913;90,713
12,41;199,23;-9,441;-0,374;22,913;90,713
12,41;199,26;-9,44;-0,374;22,913;90,713
12,41;199,28;-9,44;-0,374;22,913;90,712
12,41;199,31;-9,439;-0,374;22,913;90,712
12,41;199,33;-9,438;-0,374;22,913;90,712
12,42;199,36;-9,438;-0,374;22,913;90,712
12,42;199,38;-9,437;-0,374;22,913;90,711
12,42;199,41;-9,436;-0,374;22,912;90,711
12,42;199,44;-9,436;-0,374;22,912;90,711
12,42;199,46;-9,435;-0,374;22,912;90,711
12,42;199,49;-9,434;-0,374;22,912;90,71
12,43;199,51;-9,434;-0,373;22,912;90,71
12,43;199,54;-9,433;-0,373;22,912;90,71
12,43;199,56;-9,432;-0,373;22,912;90,71
12,43;199,59;-9,432;-0,373;22,912;90,709
12,43;199,61;-9,431;-0,373;22,912;90,709
12,43;199,64;-9,43;-0,373;22,912;90,709
12,43;199,67;-9,43;-0,373;22,912;90,709
12,44;199,69;-9,429;-0,373;22,912;90,708
12,44;199,72;-9,428;-0,373;22,912;90,708
12,44;199,74;-9,428;-0,373;22,912;90,708
12,44;199,77;-9,427;-0,373;22,912;90,708
12,44;199,79;-9,426;-0,373;22,912;90,707
12,45;199,82;-9,426;-0,373;22,911;90,707
12,45;199,84;-9,425;-0,373;22,911;90,707
12,45;199,87;-9,425;-0,373;22,911;90,707
12,45;199,9;-9,424;-0,373;22,911;90,706
12,45;199,92;-9,423;-0,373;22,911;90,706
12,45;199,95;-9,423;-0,373;22,911;90,706
12,45;199,97;-9,422;-0,373;22,911;90,706
12,46;200;-9,422;-0,373;22,911;90,705
12,46;200,02;-9,421;-0,373;22,911;90,705
12,46;200,05;-9,42;-0,373;22,911;90,705
12,46;200,07;-9,42;-0,373;22,911;90,704
12,46;200,1;-9,419;-0,373;22,911;90,704
12,47;200,13;-9,419;-0,373;22,911;90,704
12,47;200,15;-9,419;-0,373;22,911;90,704
12,47;200,18;-9,418;-0,373;22,911;90,703
12,47;200,2;-9,418;-0,373;22,91;90,703
12,47;200,23;-9,417;-0,373;22,91;90,703
12,47;200,25;-9,416;-0,373;22,91;90,703
12,48;200,28;-9,416;-0,373;22,91;90,702
12,48;200,3;-9,415;-0,373;22,91;90,702
12,48;200,33;-9,414;-0,373;22,91;90,702
12,48;200,35;-9,414;-0,373;22,91;90,702
12,48;200,38;-9,413;-0,373;22,91;90,701
12,48;200,41;-9,412;-0,373;22,91;90,701
12,48;200,43;-9,412;-0,373;22,91;90,701
12,49;200,46;-9,411;-0,373;22,91;90,701
12,49;200,48;-9,41;-0,373;22,91;90,7
12,49;200,51;-9,409;-0,373;22,91;90,7
12,49;200,53;-9,408;-0,372;22,91;90,7
12,49;200,56;-9,407;-0,372;22,91;90,699
12,5;200,58;-9,406;-0,372;22,909;90,699
12,5;200,61;-9,405;-0,372;22,909;90,699
12,5;200,64;-9,404;-0,372;22,909;90,699
12,5;200,66;-9,403;-0,372;22,909;90,698
12,5;200,69;-9,403;-0,372;22,909;90,698
12,5;200,71;-9,402;-0,372;22,909;90,698
12,5;200,74;-9,401;-0,372;22,909;90,698
12,51;200,76;-9,4;-0,372;22,909;90,697
12,51;200,79;-9,399;-0,372;22,909;90,697
12,51;200,81;-9,398;-0,372;22,909;90,697
12,51;200,84;-9,397;-0,372;22,909;90,696
12,51;200,87;-9,396;-0,372;22,909;90,696
12,52;200,89;-9,395;-0,372;22,909;90,696
12,52;200,92;-9,394;-0,372;22,909;90,696
12,52;200,94;-9,393;-0,372;22,909;90,695
12,52;200,97;-9,392;-0,372;22,908;90,695
12,52;200,99;-9,391;-0,372;22,908;90,695
12,52;201,02;-9,39;-0,372;22,908;90,695
12,53;201,04;-9,389;-0,372;22,908;90,694
12,53;201,07;-9,388;-0,372;22,908;90,694
12,53;201,1;-9,386;-0,372;22,908;90,694
12,53;201,12;-9,385;-0,372;22,908;90,693
12,53;201,15;-9,384;-0,372;22,908;90,693
12,53;201,17;-9,383;-0,371;22,908;90,693
12,53;201,2;-9,382;-0,371;22,908;90,693
12,54;201,22;-9,381;-0,371;22,908;90,692
12,54;201,25;-9,379;-0,371;22,908;90,692
12,54;201,28;-9,378;-0,371;22,908;90,692
12,54;201,3;-9,377;-0,371;22,908;90,692
12,54;201,33;-9,376;-0,371;22,907;90,691
12,55;201,35;-9,374;-0,371;22,907;90,691
12,55;201,38;-9,373;-0,371;22,907;90,691
12,55;201,4;-9,372;-0,371;22,907;90,69
12,55;201,43;-9,371;-0,371;22,907;90,69
12,55;201,45;-9,369;-0,371;22,907;90,69
12,55;201,48;-9,368;-0,371;22,907;90,69
12,55;201,5;-9,367;-0,371;22,907;90,689
12,56;201,53;-9,366;-0,371;22,907;90,689
12,56;201,56;-9,365;-0,371;22,907;90,689
12,56;201,58;-9,364;-0,371;22,907;90,688
12,56;201,61;-9,363;-0,371;22,907;90,688
12,56;201,63;-9,362;-0,371;22,907;90,688
12,57;201,66;-9,361;-0,371;22,907;90,688
12,57;201,68;-9,36;-0,371;22,906;90,687
12,57;201,71;-9,359;-0,371;22,906;90,687
12,57;201,74;-9,358;-0,371;22,906;90,687
12,57;201,76;-9,358;-0,37;22,906;90,686
12,57;201,79;-9,357;-0,37;22,906;90,686
12,58;201,81;-9,356;-0,37;22,906;90,686
12,58;201,84;-9,356;-0,37;22,906;90,686
12,58;201,86;-9,355;-0,37;22,906;90,685
12,58;201,89;-9,355;-0,37;22,906;90,685
12,58;201,91;-9,354;-0,37;22,906;90,685
12,58;201,94;-9,353;-0,37;22,906;90,684
12,58;201,97;-9,353;-0,37;22,906;90,684
12,59;201,99;-9,352;-0,37;22,906;90,684
12,59;202,02;-9,351;-0,37;22,906;90,684
12,59;202,04;-9,351;-0,37;22,905;90,683
12,59;202,07;-9,35;-0,37;22,905;90,683
12,59;202,09;-9,349;-0,37;22,905;90,683
12,6;202,12;-9,349;-0,37;22,905;90,682
12,6;202,14;-9,348;-0,37;22,905;90,682
12,6;202,17;-9,347;-0,37;22,905;90,682
12,6;202,2;-9,346;-0,37;22,905;90,681
12,6;202,22;-9,345;-0,37;22,905;90,681
12,6;202,25;-9,345;-0,37;22,905;90,681
12,6;202,27;-9,344;-0,37;22,905;90,681
12,61;202,3;-9,343;-0,37;22,905;90,68
12,61;202,32;-9,342;-0,37;22,905;90,68
12,61;202,35;-9,341;-0,37;22,905;90,68
12,61;202,37;-9,341;-0,37;22,904;90,679
12,61;202,4;-9,34;-0,37;22,904;90,679
12,62;202,43;-9,339;-0,37;22,904;90,679
12,62;202,45;-9,338;-0,37;22,904;90,679
12,62;202,48;-9,337;-0,37;22,904;90,678
12,62;202,5;-9,336;-0,37;22,904;90,678
12,62;202,53;-9,335;-0,37;22,904;90,678
12,62;202,55;-9,334;-0,37;22,904;90,677
12,63;202,58;-9,334;-0,37;22,904;90,677
12,63;202,61;-9,333;-0,369;22,904;90,677
12,63;202,63;-9,332;-0,369;22,904;90,676
12,63;202,66;-9,331;-0,369;22,904;90,676
12,63;202,68;-9,33;-0,369;22,904;90,676
12,63;202,71;-9,329;-0,369;22,904;90,676
12,63;202,73;-9,328;-0,369;22,903;90,675
12,64;202,76;-9,327;-0,369;22,903;90,675
12,64;202,78;-9,326;-0,369;22,903;90,675
12,64;202,81;-9,325;-0,369;22,903;90,674
12,64;202,84;-9,324;-0,369;22,903;90,674
12,64;202,86;-9,323;-0,369;22,903;90,674
12,65;202,89;-9,322;-0,369;22,903;90,673
12,65;202,91;-9,321;-0,369;22,903;90,673
12,65;202,94;-9,321;-0,369;22,903;90,673
12,65;202,96;-9,32;-0,369;22,903;90,672
12,65;202,99;-9,319;-0,369;22,903;90,672
12,65;203,01;-9,318;-0,369;22,903;90,672
12,65;203,04;-9,317;-0,369;22,903;90,672
12,66;203,07;-9,316;-0,369;22,902;90,671
12,66;203,09;-9,315;-0,369;22,902;90,671
12,66;203,12;-9,314;-0,369;22,902;90,671
12,66;203,14;-9,313;-0,369;22,902;90,67
12,66;203,17;-9,312;-0,369;22,902;90,67
12,67;203,19;-9,311;-0,369;22,902;90,67
12,67;203,22;-9,309;-0,369;22,902;90,669
12,67;203,24;-9,308;-0,369;22,902;90,669
12,67;203,27;-9,307;-0,368;22,902;90,669
12,67;203,3;-9,307;-0,368;22,902;90,668
12,67;203,32;-9,306;-0,368;22,902;90,668
12,68;203,35;-9,305;-0,368;22,902;90,668
12,68;203,37;-9,304;-0,368;22,901;90,668
12,68;203,4;-9,303;-0,368;22,901;90,667
12,68;203,42;-9,302;-0,368;22,901;90,667
12,68;203,45;-9,302;-0,368;22,901;90,667
12,68;203,47;-9,301;-0,368;22,901;90,666
12,68;203,5;-9,3;-0,368;22,901;90,666
12,69;203,53;-9,299;-0,368;22,901;90,666
12,69;203,55;-9,299;-0,368;22,901;90,665
12,69;203,58;-9,298;-0,368;22,901;90,665
12,69;203,6;-9,297;-0,368;22,901;90,665
12,69;203,63;-9,297;-0,368;22,901;90,664
12,7;203,65;-9,296;-0,368;22,901;90,664
12,7;203,68;-9,295;-0,368;22,901;90,664
12,7;203,7;-9,294;-0,368;22,9;90,663
12,7;203,73;-9,293;-0,368;22,9;90,663
12,7;203,76;-9,293;-0,368;22,9;90,663
12,7;203,78;-9,292;-0,368;22,9;90,662
12,7;203,81;-9,291;-0,368;22,9;90,662
12,71;203,83;-9,291;-0,368;22,9;90,662
12,71;203,86;-9,29;-0,368;22,9;90,661
12,71;203,88;-9,289;-0,368;22,9;90,661
12,71;203,91;-9,289;-0,368;22,9;90,661
12,71;203,93;-9,288;-0,368;22,9;90,661
12,72;203,96;-9,287;-0,368;22,9;90,66
12,72;203,99;-9,287;-0,368;22,9;90,66
12,72;204,01;-9,286;-0,368;22,899;90,66
12,72;204,04;-9,285;-0,368;22,899;90,659
12,72;204,06;-9,285;-0,368;22,899;90,659
12,72;204,09;-9,284;-0,368;22,899;90,659
12,73;204,11;-9,283;-0,368;22,899;90,658
12,73;204,14;-9,282;-0,367;22,899;90,658
12,73;204,16;-9,282;-0,367;22,899;90,658
12,73;204,19;-9,281;-0,367;22,899;90,657
12,73;204,22;-9,28;-0,367;22,899;90,657
12,73;204,24;-9,279;-0,367;22,899;90,657
12,73;204,27;-9,278;-0,367;22,899;90,656
12,74;204,29;-9,278;-0,367;22,899;90,656
12,74;204,32;-9,277;-0,367;22,898;90,656
12,74;204,34;-9,276;-0,367;22,898;90,655
12,74;204,37;-9,275;-0,367;22,898;90,655
12,74;204,4;-9,274;-0,367;22,898;90,655
12,75;204,42;-9,272;-0,367;22,898;90,654
12,75;204,45;-9,271;-0,367;22,898;90,654
12,75;204,47;-9,27;-0,367;22,898;90,654
12,75;204,5;-9,269;-0,367;22,898;90,653
12,75;204,52;-9,268;-0,367;22,898;90,653
12,75;204,55;-9,267;-0,367;22,898;90,653
12,75;204,57;-9,266;-0,367;22,898;90,652
12,76;204,6;-9,265;-0,367;22,898;90,652
12,76;204,63;-9,264;-0,367;22,897;90,652
12,76;204,65;-9,262;-0,367;22,897;90,651
12,76;204,68;-9,261;-0,367;22,897;90,651
12,76;204,7;-9,26;-0,367;22,897;90,651
12,77;204,73;-9,259;-0,367;22,897;90,65
12,77;204,75;-9,257;-0,367;22,897;90,65
12,77;204,78;-9,256;-0,366;22,897;90,65
12,77;204,8;-9,255;-0,366;22,897;90,649
12,77;204,83;-9,253;-0,366;22,897;90,649
12,77;204,86;-9,252;-0,366;22,897;90,649
12,78;204,88;-9,251;-0,366;22,897;90,648
12,78;204,91;-9,249;-0,366;22,897;90,648
12,78;204,93;-9,248;-0,366;22,896;90,648
12,78;204,96;-9,247;-0,366;22,896;90,647
12,78;204,98;-9,246;-0,366;22,896;90,647
12,78;205,01;-9,244;-0,366;22,896;90,647
12,78;205,04;-9,243;-0,366;22,896;90,646
12,79;205,06;-9,242;-0,366;22,896;90,646
12,79;205,09;-9,241;-0,366;22,896;90,646
12,79;205,11;-9,239;-0,366;22,896;90,645
12,79;205,14;-9,238;-0,366;22,896;90,645
12,79;205,16;-9,237;-0,366;22,896;90,645
12,8;205,19;-9,236;-0,366;22,896;90,644
12,8;205,21;-9,234;-0,366;22,895;90,644
12,8;205,24;-9,233;-0,366;22,895;90,643
12,8;205,27;-9,232;-0,365;22,895;90,643
12,8;205,29;-9,23;-0,365;22,895;90,643
12,8;205,32;-9,229;-0,365;22,895;90,642
12,8;205,34;-9,228;-0,365;22,895;90,642
12,81;205,37;-9,227;-0,365;22,895;90,642
12,81;205,39;-9,226;-0,365;22,895;90,641
12,81;205,42;-9,224;-0,365;22,895;90,641
12,81;205,44;-9,223;-0,365;22,895;90,641
12,81;205,47;-9,222;-0,365;22,895;90,64
12,82;205,5;-9,221;-0,365;22,895;90,64
12,82;205,52;-9,22;-0,365;22,894;90,64
12,82;205,55;-9,218;-0,365;22,894;90,639
12,82;205,57;-9,217;-0,365;22,894;90,639
12,82;205,6;-9,216;-0,365;22,894;90,639
12,82;205,62;-9,215;-0,365;22,894;90,638
12,83;205,65;-9,214;-0,365;22,894;90,638
12,83;205,67;-9,213;-0,365;22,894;90,638
12,83;205,7;-9,212;-0,365;22,894;90,637
12,83;205,73;-9,211;-0,365;22,894;90,637
12,83;205,75;-9,21;-0,365;22,894;90,636
12,83;205,78;-9,209;-0,365;22,894;90,636
12,83;205,8;-9,208;-0,365;22,893;90,636
12,84;205,83;-9,208;-0,365;22,893;90,635
12,84;205,85;-9,207;-0,364;22,893;90,635
12,84;205,88;-9,206;-0,364;22,893;90,635
12,84;205,91;-9,205;-0,364;22,893;90,634
12,84;205,93;-9,204;-0,364;22,893;90,634
12,85;205,96;-9,204;-0,364;22,893;90,634
12,85;205,98;-9,203;-0,364;22,893;90,633
12,85;206,01;-9,202;-0,364;22,893;90,633
12,85;206,03;-9,201;-0,364;22,893;90,633
12,85;206,06;-9,201;-0,364;22,893;90,632
12,85;206,08;-9,2;-0,364;22,892;90,632
12,85;206,11;-9,199;-0,364;22,892;90,631
12,86;206,14;-9,198;-0,364;22,892;90,631
12,86;206,16;-9,197;-0,364;22,892;90,631
12,86;206,19;-9,197;-0,364;22,892;90,63
12,86;206,21;-9,196;-0,364;22,892;90,63
12,86;206,24;-9,195;-0,364;22,892;90,63
12,87;206,26;-9,195;-0,364;22,892;90,629
12,87;206,29;-9,194;-0,364;22,892;90,629
12,87;206,31;-9,193;-0,364;22,892;90,629
12,87;206,34;-9,193;-0,364;22,892;90,628
12,87;206,37;-9,192;-0,364;22,891;90,628
12,87;206,39;-9,191;-0,364;22,891;90,627
12,88;206,42;-9,191;-0,364;22,891;90,627
12,88;206,44;-9,19;-0,364;22,891;90,627
12,88;206,47;-9,189;-0,364;22,891;90,626
12,88;206,49;-9,188;-0,364;22,891;90,626
12,88;206,52;-9,187;-0,364;22,891;90,626
12,88;206,54;-9,186;-0,364;22,891;90,625
12,88;206,57;-9,185;-0,364;22,891;90,625
12,89;206,6;-9,184;-0,364;22,891;90,624
12,89;206,62;-9,184;-0,364;22,891;90,624
12,89;206,65;-9,183;-0,364;22,89;90,624
12,89;206,67;-9,182;-0,364;22,89;90,623
12,89;206,7;-9,181;-0,363;22,89;90,623
12,9;206,72;-9,18;-0,363;22,89;90,623
12,9;206,75;-9,179;-0,363;22,89;90,622
12,9;206,77;-9,178;-0,363;22,89;90,622
12,9;206,8;-9,177;-0,363;22,89;90,621
12,9;206,83;-9,176;-0,363;22,89;90,621
12,9;206,85;-9,175;-0,363;22,89;90,621
12,9;206,88;-9,173;-0,363;22,89;90,62
12,91;206,9;-9,172;-0,363;22,889;90,62
12,91;206,93;-9,171;-0,363;22,889;90,62
12,91;206,95;-9,17;-0,363;22,889;90,619
12,91;206,98;-9,169;-0,363;22,889;90,619
12,91;207;-9,168;-0,363;22,889;90,618
12,92;207,03;-9,168;-0,363;22,889;90,618
12,92;207,06;-9,167;-0,363;22,889;90,618
12,92;207,08;-9,166;-0,363;22,889;90,617
12,92;207,11;-9,165;-0,363;22,889;90,617
12,92;207,13;-9,164;-0,363;22,889;90,616
12,92;207,16;-9,163;-0,363;22,888;90,616
12,93;207,18;-9,162;-0,363;22,888;90,616
12,93;207,21;-9,161;-0,363;22,888;90,615
12,93;207,24;-9,159;-0,363;22,888;90,615
12,93;207,26;-9,158;-0,363;22,888;90,615
12,93;207,29;-9,157;-0,363;22,888;90,614
12,93;207,31;-9,156;-0,362;22,888;90,614
12,93;207,34;-9,155;-0,362;22,888;90,613
12,94;207,36;-9,153;-0,362;22,888;90,613
12,94;207,39;-9,152;-0,362;22,888;90,613
12,94;207,41;-9,151;-0,362;22,888;90,612
12,94;207,44;-9,15;-0,362;22,887;90,612
12,94;207,47;-9,149;-0,362;22,887;90,611
12,95;207,49;-9,148;-0,362;22,887;90,611
12,95;207,52;-9,146;-0,362;22,887;90,611
12,95;207,54;-9,145;-0,362;22,887;90,61
12,95;207,57;-9,144;-0,362;22,887;90,61
12,95;207,59;-9,143;-0,362;22,887;90,609
12,95;207,62;-9,142;-0,362;22,887;90,609
12,95;207,65;-9,14;-0,362;22,887;90,609
12,96;207,67;-9,139;-0,362;22,887;90,608
12,96;207,7;-9,138;-0,362;22,886;90,608
12,96;207,72;-9,137;-0,362;22,886;90,607
12,96;207,75;-9,136;-0,362;22,886;90,607
12,96;207,77;-9,134;-0,362;22,886;90,607
12,97;207,8;-9,133;-0,362;22,886;90,606
12,97;207,82;-9,132;-0,362;22,886;90,606
12,97;207,85;-9,131;-0,361;22,886;90,605
12,97;207,88;-9,13;-0,361;22,886;90,605
12,97;207,9;-9,129;-0,361;22,886;90,605
12,97;207,93;-9,127;-0,361;22,886;90,604
12,98;207,95;-9,126;-0,361;22,885;90,604
12,98;207,98;-9,124;-0,361;22,885;90,603
12,98;208;-9,123;-0,361;22,885;90,603
12,98;208,03;-9,122;-0,361;22,885;90,603
12,98;208,06;-9,12;-0,361;22,885;90,602
12,98;208,08;-9,119;-0,361;22,885;90,602
12,98;208,11;-9,117;-0,361;22,885;90,601
12,99;208,13;-9,116;-0,361;22,885;90,601
12,99;208,16;-9,115;-0,361;22,885;90,601
12,99;208,18;-9,114;-0,361;22,884;90,6
12,99;208,21;-9,112;-0,361;22,884;90,6
12,99;208,23;-9,111;-0,361;22,884;90,599
13;208,26;-9,11;-0,361;22,884;90,599
13;208,29;-9,108;-0,361;22,884;90,599
13;208,31;-9,107;-0,361;22,884;90,598
13;208,34;-9,106;-0,36;22,884;90,598
13;208,36;-9,104;-0,36;22,884;90,597
13;208,39;-9,103;-0,36;22,884;90,597
13;208,41;-9,101;-0,36;22,884;90,597
13,01;208,44;-9,1;-0,36;22,883;90,596
13,01;208,46;-9,099;-0,36;22,883;90,596
13,01;208,49;-9,098;-0,36;22,883;90,595
13,01;208,52;-9,096;-0,36;22,883;90,595
13,01;208,54;-9,095;-0,36;22,883;90,594
13,02;208,57;-9,094;-0,36;22,883;90,594
13,02;208,59;-9,093;-0,36;22,883;90,594
13,02;208,62;-9,092;-0,36;22,883;90,593
13,02;208,64;-9,091;-0,36;22,883;90,593
13,02;208,67;-9,09;-0,36;22,882;90,592
13,02;208,69;-9,089;-0,36;22,882;90,592
13,03;208,72;-9,088;-0,36;22,882;90,591
13,03;208,75;-9,087;-0,36;22,882;90,591
13,03;208,77;-9,085;-0,36;22,882;90,591
13,03;208,8;-9,084;-0,36;22,882;90,59
13,03;208,82;-9,083;-0,36;22,882;90,59
13,03;208,85;-9,082;-0,36;22,882;90,589
13,03;208,87;-9,081;-0,36;22,882;90,589
13,04;208,9;-9,08;-0,359;22,882;90,589
13,04;208,93;-9,079;-0,359;22,881;90,588
13,04;208,95;-9,078;-0,359;22,881;90,588
13,04;208,98;-9,077;-0,359;22,881;90,587
13,04;209;-9,076;-0,359;22,881;90,587
13,05;209,03;-9,075;-0,359;22,881;90,586
13,05;209,05;-9,074;-0,359;22,881;90,586
13,05;209,08;-9,072;-0,359;22,881;90,585
13,05;209,1;-9,071;-0,359;22,881;90,585
13,05;209,13;-9,07;-0,359;22,881;90,585
13,05;209,16;-9,069;-0,359;22,88;90,584
13,05;209,18;-9,068;-0,359;22,88;90,584
13,06;209,21;-9,067;-0,359;22,88;90,583
13,06;209,23;-9,066;-0,359;22,88;90,583
13,06;209,26;-9,066;-0,359;22,88;90,582
13,06;209,28;-9,065;-0,359;22,88;90,582
13,06;209,31;-9,064;-0,359;22,88;90,582
13,07;209,33;-9,063;-0,359;22,88;90,581
13,07;209,36;-9,062;-0,359;22,88;90,581
13,07;209,39;-9,062;-0,359;22,879;90,58
13,07;209,41;-9,061;-0,359;22,879;90,58
13,07;209,44;-9,06;-0,359;22,879;90,579
13,07;209,46;-9,059;-0,359;22,879;90,579
13,08;209,49;-9,058;-0,359;22,879;90,579
13,08;209,51;-9,057;-0,359;22,879;90,578
13,08;209,54;-9,055;-0,359;22,879;90,578
13,08;209,56;-9,054;-0,358;22,879;90,577
13,08;209,59;-9,053;-0,358;22,879;90,577
13,08;209,62;-9,052;-0,358;22,878;90,576
13,08;209,64;-9,051;-0,358;22,878;90,576
13,09;209,67;-9,049;-0,358;22,878;90,575
13,09;209,69;-9,048;-0,358;22,878;90,575
13,09;209,72;-9,047;-0,358;22,878;90,575
13,09;209,74;-9,046;-0,358;22,878;90,574
13,09;209,77;-9,044;-0,358;22,878;90,574
13,1;209,79;-9,043;-0,358;22,878;90,573
13,1;209,82;-9,042;-0,358;22,878;90,573
13,1;209,85;-9,04;-0,358;22,877;90,572
13,1;209,87;-9,038;-0,358;22,877;90,572
13,1;209,9;-9,037;-0,358;22,877;90,571
13,1;209,92;-9,035;-0,358;22,877;90,571
13,1;209,95;-9,034;-0,358;22,877;90,57
13,11;209,97;-9,032;-0,358;22,877;90,57
13,11;210;-9,03;-0,358;22,877;90,57
13,11;210,03;-9,029;-0,357;22,877;90,569
13,11;210,05;-9,027;-0,357;22,877;90,569
13,11;210,08;-9,026;-0,357;22,876;90,568
13,12;210,1;-9,024;-0,357;22,876;90,568
13,12;210,13;-9,022;-0,357;22,876;90,567
13,12;210,15;-9,021;-0,357;22,876;90,567
13,12;210,18;-9,019;-0,357;22,876;90,566
13,12;210,2;-9,018;-0,357;22,876;90,566
13,12;210,23;-9,016;-0,357;22,876;90,566
13,13;210,26;-9,015;-0,357;22,876;90,565
13,13;210,28;-9,013;-0,357;22,875;90,565
13,13;210,31;-9,012;-0,357;22,875;90,564
13,13;210,33;-9,011;-0,357;22,875;90,564
13,13;210,36;-9,009;-0,357;22,875;90,563
13,13;210,38;-9,008;-0,357;22,875;90,563
13,13;210,41;-9,007;-0,357;22,875;90,562
13,14;210,44;-9,006;-0,357;22,875;90,562
13,14;210,46;-9,004;-0,356;22,875;90,561
13,14;210,49;-9,003;-0,356;22,875;90,561
13,14;210,51;-9,002;-0,356;22,874;90,56
13,14;210,54;-9;-0,356;22,874;90,56
13,15;210,56;-8,999;-0,356;22,874;90,56
13,15;210,59;-8,997;-0,356;22,874;90,559
13,15;210,62;-8,996;-0,356;22,874;90,559
13,15;210,64;-8,995;-0,356;22,874;90,558
13,15;210,67;-8,993;-0,356;22,874;90,558
13,15;210,69;-8,992;-0,356;22,874;90,557
13,15;210,72;-8,99;-0,356;22,873;90,557
13,16;210,74;-8,989;-0,356;22,873;90,556
13,16;210,77;-8,988;-0,356;22,873;90,556
13,16;210,79;-8,986;-0,356;22,873;90,555
13,16;210,82;-8,985;-0,356;22,873;90,555
13,16;210,85;-8,984;-0,356;22,873;90,554
13,17;210,87;-8,983;-0,356;22,873;90,554
13,17;210,9;-8,982;-0,356;22,873;90,553
13,17;210,92;-8,981;-0,356;22,873;90,553
13,17;210,95;-8,98;-0,356;22,872;90,552
13,17;210,97;-8,979;-0,355;22,872;90,552
13,17;211;-8,978;-0,355;22,872;90,551
13,18;211,03;-8,977;-0,355;22,872;90,551
13,18;211,05;-8,976;-0,355;22,872;90,551
13,18;211,08;-8,975;-0,355;22,872;90,55
13,18;211,1;-8,974;-0,355;22,872;90,55
13,18;211,13;-8,974;-0,355;22,872;90,549
13,18;211,15;-8,973;-0,355;22,871;90,549
13,18;211,18;-8,973;-0,355;22,871;90,548
13,19;211,2;-8,972;-0,355;22,871;90,548
13,19;211,23;-8,971;-0,355;22,871;90,547
13,19;211,26;-8,971;-0,355;22,871;90,547
13,19;211,28;-8,97;-0,355;22,871;90,546
13,19;211,31;-8,97;-0,355;22,871;90,546
13,2;211,33;-8,969;-0,355;22,871;90,545
13,2;211,36;-8,969;-0,355;22,87;90,545
13,2;211,38;-8,968;-0,355;22,87;90,544
13,2;211,41;-8,968;-0,355;22,87;90,544
13,2;211,43;-8,967;-0,355;22,87;90,543
13,2;211,46;-8,967;-0,355;22,87;90,543
13,2;211,49;-8,966;-0,355;22,87;90,542
13,21;211,51;-8,966;-0,355;22,87;90,542
13,21;211,54;-8,965;-0,355;22,87;90,541
13,21;211,56;-8,964;-0,355;22,869;90,541
13,21;211,59;-8,963;-0,355;22,869;90,54
13,21;211,61;-8,963;-0,355;22,869;90,54
13,22;211,64;-8,962;-0,355;22,869;90,539
13,22;211,66;-8,961;-0,355;22,869;90,539
13,22;211,69;-8,96;-0,355;22,869;90,538
13,22;211,72;-8,96;-0,355;22,869;90,538
13,22;211,74;-8,959;-0,355;22,869;90,537
13,22;211,77;-8,958;-0,355;22,868;90,537
13,23;211,79;-8,957;-0,355;22,868;90,536
13,23;211,82;-8,956;-0,355;22,868;90,536
13,23;211,84;-8,956;-0,355;22,868;90,535
13,23;211,87;-8,955;-0,355;22,868;90,535
13,23;211,89;-8,954;-0,354;22,868;90,534
13,23;211,92;-8,953;-0,354;22,868;90,534
13,23;211,95;-8,952;-0,354;22,868;90,533
13,24;211,97;-8,951;-0,354;22,867;90,533
13,24;212;-8,95;-0,354;22,867;90,532
13,24;212,02;-8,949;-0,354;22,867;90,532
13,24;212,05;-8,948;-0,354;22,867;90,531
13,24;212,07;-8,947;-0,354;22,867;90,531
13,25;212,1;-8,946;-0,354;22,867;90,53
13,25;212,13;-8,945;-0,354;22,867;90,53
13,25;212,15;-8,944;-0,354;22,867;90,529
13,25;212,18;-8,942;-0,354;22,866;90,529
13,25;212,2;-8,941;-0,354;22,866;90,528
13,25;212,23;-8,94;-0,354;22,866;90,528
13,25;212,25;-8,939;-0,354;22,866;90,527
13,26;212,28;-8,937;-0,354;22,866;90,527
13,26;212,3;-8,936;-0,354;22,866;90,526
13,26;212,33;-8,935;-0,354;22,866;90,526
13,26;212,36;-8,933;-0,354;22,866;90,525
13,26;212,38;-8,932;-0,354;22,865;90,525
13,27;212,41;-8,93;-0,354;22,865;90,524
13,27;212,43;-8,929;-0,354;22,865;90,524
13,27;212,46;-8,928;-0,353;22,865;90,523
13,27;212,48;-8,926;-0,353;22,865;90,523
13,27;212,51;-8,925;-0,353;22,865;90,522
13,27;212,53;-8,923;-0,353;22,865;90,522
13,28;212,56;-8,922;-0,353;22,864;90,521
13,28;212,59;-8,92;-0,353;22,864;90,521
13,28;212,61;-8,919;-0,353;22,864;90,52
13,28;212,64;-8,917;-0,353;22,864;90,52
13,28;212,66;-8,916;-0,353;22,864;90,519
13,28;212,69;-8,914;-0,353;22,864;90,518
13,28;212,71;-8,913;-0,353;22,864;90,518
13,29;212,74;-8,911;-0,353;22,864;90,517
13,29;212,76;-8,91;-0,353;22,863;90,517
13,29;212,79;-8,908;-0,353;22,863;90,516
13,29;212,82;-8,907;-0,353;22,863;90,516
13,29;212,84;-8,906;-0,353;22,863;90,515
13,3;212,87;-8,904;-0,353;22,863;90,515
13,3;212,89;-8,903;-0,352;22,863;90,514
13,3;212,92;-8,902;-0,352;22,863;90,514
13,3;212,94;-8,9;-0,352;22,863;90,513
13,3;212,97;-8,899;-0,352;22,862;90,513
13,3;213;-8,898;-0,352;22,862;90,512
13,3;213,02;-8,896;-0,352;22,862;90,512
13,31;213,05;-8,895;-0,352;22,862;90,511
13,31;213,07;-8,894;-0,352;22,862;90,511
13,31;213,1;-8,893;-0,352;22,862;90,51
13,31;213,12;-8,891;-0,352;22,862;90,509
13,31;213,15;-8,89;-0,352;22,861;90,509
13,32;213,17;-8,889;-0,352;22,861;90,508
13,32;213,2;-8,887;-0,352;22,861;90,508
13,32;213,23;-8,886;-0,352;22,861;90,507
13,32;213,25;-8,885;-0,352;22,861;90,507
13,32;213,28;-8,884;-0,352;22,861;90,506
13,32;213,3;-8,883;-0,352;22,861;90,506
13,33;213,33;-8,882;-0,352;22,86;90,505
13,33;213,35;-8,881;-0,352;22,86;90,505
13,33;213,38;-8,88;-0,352;22,86;90,504
13,33;213,4;-8,878;-0,352;22,86;90,504
13,33;213,43;-8,877;-0,351;22,86;90,503
13,33;213,46;-8,876;-0,351;22,86;90,502
13,33;213,48;-8,875;-0,351;22,86;90,502
13,34;213,51;-8,875;-0,351;22,86;90,501
13,34;213,53;-8,874;-0,351;22,859;90,501
13,34;213,56;-8,873;-0,351;22,859;90,5
13,34;213,58;-8,871;-0,351;22,859;90,5
13,34;213,61;-8,87;-0,351;22,859;90,499
13,35;213,64;-8,869;-0,351;22,859;90,499
13,35;213,66;-8,868;-0,351;22,859;90,498
13,35;213,69;-8,867;-0,351;22,859;90,497
13,35;213,71;-8,866;-0,351;22,858;90,497
13,35;213,74;-8,865;-0,351;22,858;90,496
13,35;213,76;-8,863;-0,351;22,858;90,496
13,35;213,79;-8,862;-0,351;22,858;90,495
13,36;213,82;-8,861;-0,351;22,858;90,495
13,36;213,84;-8,86;-0,351;22,858;90,494
13,36;213,87;-8,859;-0,351;22,858;90,494
13,36;213,89;-8,858;-0,351;22,857;90,493
13,36;213,92;-8,857;-0,351;22,857;90,492
13,37;213,94;-8,856;-0,351;22,857;90,492
13,37;213,97;-8,854;-0,351;22,857;90,491
13,37;213,99;-8,853;-0,351;22,857;90,491
13,37;214,02;-8,852;-0,35;22,857;90,49
13,37;214,05;-8,851;-0,35;22,857;90,49
13,37;214,07;-8,85;-0,35;22,856;90,489
13,38;214,1;-8,849;-0,35;22,856;90,489
13,38;214,12;-8,848;-0,35;22,856;90,488
13,38;214,15;-8,847;-0,35;22,856;90,487
13,38;214,17;-8,845;-0,35;22,856;90,487
13,38;214,2;-8,844;-0,35;22,856;90,486
13,38;214,22;-8,843;-0,35;22,856;90,486
13,38;214,25;-8,842;-0,35;22,855;90,485
13,39;214,28;-8,841;-0,35;22,855;90,485
13,39;214,3;-8,84;-0,35;22,855;90,484
13,39;214,33;-8,838;-0,35;22,855;90,483
13,39;214,35;-8,837;-0,35;22,855;90,483
13,39;214,38;-8,836;-0,35;22,855;90,482
13,4;214,4;-8,835;-0,35;22,855;90,482
13,4;214,43;-8,834;-0,35;22,854;90,481
13,4;214,46;-8,833;-0,35;22,854;90,48
13,4;214,48;-8,831;-0,35;22,854;90,48
13,4;214,51;-8,83;-0,35;22,854;90,479
13,4;214,53;-8,829;-0,35;22,854;90,479
13,4;214,56;-8,828;-0,349;22,854;90,478
13,41;214,58;-8,826;-0,349;22,854;90,478
13,41;214,61;-8,825;-0,349;22,853;90,477
13,41;214,63;-8,824;-0,349;22,853;90,476
13,41;214,66;-8,823;-0,349;22,853;90,476
13,41;214,69;-8,822;-0,349;22,853;90,475
13,42;214,71;-8,821;-0,349;22,853;90,475
13,42;214,74;-8,82;-0,349;22,853;90,474
13,42;214,76;-8,818;-0,349;22,852;90,473
13,42;214,79;-8,817;-0,349;22,852;90,473
13,42;214,81;-8,816;-0,349;22,852;90,472
13,42;214,84;-8,815;-0,349;22,852;90,472
13,43;214,86;-8,814;-0,349;22,852;90,471
13,43;214,89;-8,813;-0,349;22,852;90,471
13,43;214,92;-8,812;-0,349;22,852;90,47
13,43;214,94;-8,811;-0,349;22,851;90,469
13,43;214,97;-8,81;-0,349;22,851;90,469
13,43;214,99;-8,809;-0,349;22,851;90,468
13,43;215,02;-8,808;-0,349;22,851;90,468
13,44;215,04;-8,806;-0,349;22,851;90,467
13,44;215,07;-8,805;-0,349;22,851;90,466
13,44;215,09;-8,804;-0,349;22,851;90,466
13,44;215,12;-8,803;-0,349;22,85;90,465
13,44;215,15;-8,802;-0,348;22,85;90,465
13,45;215,17;-8,801;-0,348;22,85;90,464
13,45;215,2;-8,8;-0,348;22,85;90,463
13,45;215,22;-8,798;-0,348;22,85;90,463
13,45;215,25;-8,797;-0,348;22,85;90,462
13,45;215,27;-8,796;-0,348;22,849;90,462
13,45;215,3;-8,795;-0,348;22,849;90,461
13,45;215,32;-8,793;-0,348;22,849;90,46
13,46;215,35;-8,792;-0,348;22,849;90,46
13,46;215,38;-8,79;-0,348;22,849;90,459
13,46;215,4;-8,789;-0,348;22,849;90,459
13,46;215,43;-8,788;-0,348;22,849;90,458
13,46;215,45;-8,786;-0,348;22,848;90,457
13,47;215,48;-8,785;-0,348;22,848;90,457
13,47;215,5;-8,783;-0,348;22,848;90,456
13,47;215,53;-8,782;-0,348;22,848;90,455
13,47;215,55;-8,78;-0,348;22,848;90,455
13,47;215,58;-8,779;-0,348;22,848;90,454
13,47;215,61;-8,778;-0,348;22,847;90,454
13,48;215,63;-8,776;-0,347;22,847;90,453
13,48;215,66;-8,775;-0,347;22,847;90,452
13,48;215,68;-8,774;-0,347;22,847;90,452
13,48;215,71;-8,772;-0,347;22,847;90,451
13,48;215,73;-8,771;-0,347;22,847;90,451
13,48;215,76;-8,77;-0,347;22,847;90,45
13,48;215,78;-8,768;-0,347;22,846;90,449
13,49;215,81;-8,767;-0,347;22,846;90,449
13,49;215,84;-8,766;-0,347;22,846;90,448
13,49;215,86;-8,765;-0,347;22,846;90,447
13,49;215,89;-8,764;-0,347;22,846;90,447
13,49;215,91;-8,762;-0,347;22,846;90,446
13,5;215,94;-8,761;-0,347;22,845;90,446
13,5;215,96;-8,76;-0,347;22,845;90,445
13,5;215,99;-8,759;-0,347;22,845;90,444
13,5;216,01;-8,757;-0,347;22,845;90,444
13,5;216,04;-8,756;-0,347;22,845;90,443
13,5;216,07;-8,755;-0,347;22,845;90,442
13,5;216,09;-8,753;-0,347;22,844;90,442
13,51;216,12;-8,752;-0,346;22,844;90,441
13,51;216,14;-8,751;-0,346;22,844;90,44
13,51;216,17;-8,749;-0,346;22,844;90,44
13,51;216,19;-8,748;-0,346;22,844;90,439
13,51;216,22;-8,747;-0,346;22,844;90,439
13,52;216,24;-8,745;-0,346;22,843;90,438
13,52;216,27;-8,744;-0,346;22,843;90,437
13,52;216,3;-8,743;-0,346;22,843;90,437
13,52;216,32;-8,742;-0,346;22,843;90,436
13,52;216,35;-8,74;-0,346;22,843;90,435
13,52;216,37;-8,739;-0,346;22,843;90,435
13,53;216,4;-8,738;-0,346;22,843;90,434
13,53;216,42;-8,737;-0,346;22,842;90,433
13,53;216,45;-8,736;-0,346;22,842;90,433
13,53;216,48;-8,734;-0,346;22,842;90,432
13,53;216,5;-8,733;-0,346;22,842;90,431
13,53;216,53;-8,732;-0,346;22,842;90,431
13,53;216,55;-8,731;-0,346;22,842;90,43
13,54;216,58;-8,73;-0,346;22,841;90,43
13,54;216,6;-8,729;-0,346;22,841;90,429
13,54;216,63;-8,728;-0,346;22,841;90,428
13,54;216,65;-8,727;-0,345;22,841;90,428
13,54;216,68;-8,726;-0,345;22,841;90,427
13,55;216,71;-8,725;-0,345;22,841;90,426
13,55;216,73;-8,724;-0,345;22,84;90,426
13,55;216,76;-8,723;-0,345;22,84;90,425
13,55;216,78;-8,722;-0,345;22,84;90,424
13,55;216,81;-8,721;-0,345;22,84;90,424
13,55;216,83;-8,72;-0,345;22,84;90,423
13,55;216,86;-8,719;-0,345;22,84;90,422
13,56;216,88;-8,718;-0,345;22,839;90,422
13,56;216,91;-8,717;-0,345;22,839;90,421
13,56;216,94;-8,715;-0,345;22,839;90,42
13,56;216,96;-8,714;-0,345;22,839;90,42
13,56;216,99;-8,713;-0,345;22,839;90,419
13,57;217,01;-8,712;-0,345;22,839;90,418
13,57;217,04;-8,711;-0,345;22,838;90,418
13,57;217,06;-8,709;-0,345;22,838;90,417
13,57;217,09;-8,708;-0,345;22,838;90,416
13,57;217,12;-8,707;-0,345;22,838;90,416
13,57;217,14;-8,705;-0,345;22,838;90,415
13,58;217,17;-8,704;-0,345;22,838;90,414
13,58;217,19;-8,703;-0,345;22,837;90,414
13,58;217,22;-8,702;-0,345;22,837;90,413
13,58;217,24;-8,701;-0,344;22,837;90,412
13,58;217,27;-8,699;-0,344;22,837;90,412
13,58;217,29;-8,698;-0,344;22,837;90,411
13,58;217,32;-8,697;-0,344;22,836;90,41
13,59;217,35;-8,696;-0,344;22,836;90,41
13,59;217,37;-8,695;-0,344;22,836;90,409
13,59;217,4;-8,693;-0,344;22,836;90,408
13,59;217,42;-8,692;-0,344;22,836;90,408
13,59;217,45;-8,691;-0,344;22,836;90,407
13,6;217,47;-8,69;-0,344;22,835;90,406
13,6;217,5;-8,689;-0,344;22,835;90,405
13,6;217,52;-8,687;-0,344;22,835;90,405
13,6;217,55;-8,686;-0,344;22,835;90,404
13,6;217,58;-8,685;-0,344;22,835;90,403
13,6;217,6;-8,684;-0,344;22,835;90,403
13,6;217,63;-8,683;-0,344;22,834;90,402
13,61;217,65;-8,682;-0,344;22,834;90,401
13,61;217,68;-8,681;-0,344;22,834;90,401
13,61;217,7;-8,679;-0,344;22,834;90,4
13,61;217,73;-8,678;-0,344;22,834;90,399
13,61;217,75;-8,677;-0,344;22,834;90,398
13,62;217,78;-8,676;-0,343;22,833;90,398
13,62;217,81;-8,674;-0,343;22,833;90,397
13,62;217,83;-8,673;-0,343;22,833;90,396
13,62;217,86;-8,672;-0,343;22,833;90,396
13,62;217,88;-8,671;-0,343;22,833;90,395
13,62;217,91;-8,67;-0,343;22,832;90,394
13,63;217,93;-8,668;-0,343;22,832;90,393
13,63;217,96;-8,667;-0,343;22,832;90,393
13,63;217,98;-8,666;-0,343;22,832;90,392
13,63;218,01;-8,664;-0,343;22,832;90,391
13,63;218,04;-8,663;-0,343;22,832;90,391
13,63;218,06;-8,662;-0,343;22,831;90,39
13,63;218,09;-8,661;-0,343;22,831;90,389
13,64;218,11;-8,66;-0,343;22,831;90,388
13,64;218,14;-8,658;-0,343;22,831;90,388
13,64;218,16;-8,657;-0,343;22,831;90,387
13,64;218,19;-8,656;-0,343;22,83;90,386
13,64;218,21;-8,654;-0,343;22,83;90,385
13,65;218,24;-8,653;-0,343;22,83;90,385
13,65;218,27;-8,651;-0,343;22,83;90,384
13,65;218,29;-8,65;-0,342;22,83;90,383
13,65;218,32;-8,649;-0,342;22,829;90,382
13,65;218,34;-8,647;-0,342;22,829;90,382
13,65;218,37;-8,646;-0,342;22,829;90,381
13,65;218,39;-8,645;-0,342;22,829;90,38
13,66;218,42;-8,643;-0,342;22,829;90,379
13,66;218,45;-8,642;-0,342;22,828;90,379
13,66;218,47;-8,641;-0,342;22,828;90,378
13,66;218,5;-8,639;-0,342;22,828;90,377
13,66;218,52;-8,638;-0,342;22,828;90,376
13,67;218,55;-8,636;-0,342;22,828;90,375
13,67;218,57;-8,635;-0,342;22,828;90,375
13,67;218,6;-8,634;-0,342;22,827;90,374
13,67;218,62;-8,632;-0,342;22,827;90,373
13,67;218,65;-8,631;-0,342;22,827;90,372
13,67;218,68;-8,63;-0,342;22,827;90,372
13,68;218,7;-8,628;-0,342;22,827;90,371
13,68;218,73;-8,627;-0,342;22,826;90,37
13,68;218,75;-8,625;-0,341;22,826;90,369
13,68;218,78;-8,624;-0,341;22,826;90,368
13,68;218,8;-8,622;-0,341;22,826;90,368
13,68;218,83;-8,621;-0,341;22,826;90,367
13,68;218,85;-8,62;-0,341;22,825;90,366
13,69;218,88;-8,618;-0,341;22,825;90,365
13,69;218,91;-8,617;-0,341;22,825;90,364
13,69;218,93;-8,616;-0,341;22,825;90,364
13,69;218,96;-8,614;-0,341;22,825;90,363
13,69;218,98;-8,613;-0,341;22,824;90,362
13,7;219,01;-8,612;-0,341;22,824;90,361
13,7;219,03;-8,61;-0,341;22,824;90,36
13,7;219,06;-8,609;-0,341;22,824;90,36
13,7;219,09;-8,608;-0,341;22,823;90,359
13,7;219,11;-8,606;-0,341;22,823;90,358
13,7;219,14;-8,604;-0,341;22,823;90,357
13,7;219,16;-8,603;-0,341;22,823;90,356
13,71;219,19;-8,601;-0,341;22,823;90,355
13,71;219,21;-8,6;-0,34;22,822;90,355
13,71;219,24;-8,598;-0,34;22,822;90,354
13,71;219,26;-8,597;-0,34;22,822;90,353
13,71;219,29;-8,595;-0,34;22,822;90,352
13,72;219,32;-8,593;-0,34;22,822;90,351
13,72;219,34;-8,592;-0,34;22,821;90,35
13,72;219,37;-8,59;-0,34;22,821;90,35
13,72;219,39;-8,588;-0,34;22,821;90,349
13,72;219,42;-8,587;-0,34;22,821;90,348
13,72;219,44;-8,585;-0,34;22,821;90,347
13,73;219,47;-8,583;-0,34;22,82;90,346
13,73;219,5;-8,581;-0,34;22,82;90,345
13,73;219,52;-8,58;-0,34;22,82;90,344
13,73;219,55;-8,578;-0,34;22,82;90,344
13,73;219,57;-8,576;-0,34;22,819;90,343
13,73;219,6;-8,575;-0,339;22,819;90,342
13,73;219,62;-8,573;-0,339;22,819;90,341
13,74;219,65;-8,571;-0,339;22,819;90,34
13,74;219,67;-8,57;-0,339;22,819;90,339
13,74;219,7;-8,568;-0,339;22,818;90,338
13,74;219,73;-8,567;-0,339;22,818;90,338
13,74;219,75;-8,565;-0,339;22,818;90,337
13,75;219,78;-8,564;-0,339;22,818;90,336
13,75;219,8;-8,562;-0,339;22,817;90,335
13,75;219,83;-8,561;-0,339;22,817;90,334
13,75;219,85;-8,559;-0,339;22,817;90,333
13,75;219,88;-8,558;-0,339;22,817;90,332
13,75;219,91;-8,556;-0,339;22,817;90,331
13,75;219,93;-8,555;-0,339;22,816;90,33
13,76;219,96;-8,553;-0,339;22,816;90,33
13,76;219,98;-8,552;-0,339;22,816;90,329
13,76;220,01;-8,551;-0,339;22,816;90,328
13,76;220,03;-8,549;-0,338;22,815;90,327
13,76;220,06;-8,548;-0,338;22,815;90,326
13,77;220,08;-8,546;-0,338;22,815;90,325
13,77;220,11;-8,544;-0,338;22,815;90,324
13,77;220,14;-8,543;-0,338;22,814;90,323
13,77;220,16;-8,541;-0,338;22,814;90,322
13,77;220,19;-8,54;-0,338;22,814;90,321
13,77;220,21;-8,538;-0,338;22,814;90,32
13,78;220,24;-8,536;-0,338;22,814;90,319
13,78;220,26;-8,535;-0,338;22,813;90,318
13,78;220,29;-8,533;-0,338;22,813;90,318
13,78;220,31;-8,531;-0,338;22,813;90,317
13,78;220,34;-8,529;-0,338;22,813;90,316
13,78;220,37;-8,528;-0,338;22,812;90,315
13,78;220,39;-8,526;-0,338;22,812;90,314
13,79;220,42;-8,525;-0,338;22,812;90,313
13,79;220,44;-8,523;-0,337;22,812;90,312
13,79;220,47;-8,522;-0,337;22,811;90,311
13,79;220,49;-8,52;-0,337;22,811;90,31
13,79;220,52;-8,519;-0,337;22,811;90,309
13,8;220,54;-8,517;-0,337;22,811;90,308
13,8;220,57;-8,516;-0,337;22,81;90,307
13,8;220,6;-8,514;-0,337;22,81;90,306
13,8;220,62;-8,513;-0,337;22,81;90,305
13,8;220,65;-8,512;-0,337;22,81;90,304
13,8;220,67;-8,511;-0,337;22,809;90,303
13,8;220,7;-8,51;-0,337;22,809;90,302
13,81;220,72;-8,509;-0,337;22,809;90,301
13,81;220,75;-8,508;-0,337;22,809;90,3
13,81;220,78;-8,507;-0,337;22,808;90,299
13,81;220,8;-8,506;-0,337;22,808;90,298
13,81;220,83;-8,505;-0,337;22,808;90,297
13,82;220,85;-8,504;-0,337;22,808;90,296
13,82;220,88;-8,503;-0,337;22,807;90,295
13,82;220,9;-8,502;-0,337;22,807;90,294
13,82;220,93;-8,501;-0,337;22,807;90,293
13,82;220,95;-8,499;-0,336;22,807;90,292
13,82;220,98;-8,498;-0,336;22,806;90,291
13,83;221,01;-8,497;-0,336;22,806;90,29
13,83;221,03;-8,495;-0,336;22,806;90,289
13,83;221,06;-8,494;-0,336;22,806;90,288
13,83;221,08;-8,493;-0,336;22,805;90,287
13,83;221,11;-8,491;-0,336;22,805;90,286
13,83;221,13;-8,49;-0,336;22,805;90,285
13,83;221,16;-8,488;-0,336;22,805;90,284
13,84;221,18;-8,487;-0,336;22,804;90,283
13,84;221,21;-8,485;-0,336;22,804;90,282
13,84;221,24;-8,484;-0,336;22,804;90,281
13,84;221,26;-8,482;-0,336;22,804;90,28
13,84;221,29;-8,481;-0,336;22,803;90,279
13,85;221,31;-8,479;-0,336;22,803;90,278
13,85;221,34;-8,478;-0,336;22,803;90,277
13,85;221,36;-8,476;-0,336;22,803;90,276
13,85;221,39;-8,475;-0,336;22,802;90,275
13,85;221,42;-8,473;-0,335;22,802;90,274
13,85;221,44;-8,471;-0,335;22,802;90,273
13,85;221,47;-8,47;-0,335;22,802;90,272
13,86;221,49;-8,468;-0,335;22,801;90,271
13,86;221,52;-8,466;-0,335;22,801;90,27
13,86;221,54;-8,465;-0,335;22,801;90,269
13,86;221,57;-8,463;-0,335;22,801;90,268
13,86;221,59;-8,461;-0,335;22,8;90,267
13,87;221,62;-8,459;-0,335;22,8;90,266
13,87;221,65;-8,458;-0,335;22,8;90,265
13,87;221,67;-8,456;-0,335;22,8;90,264
13,87;221,7;-8,454;-0,335;22,799;90,263
13,87;221,72;-8,453;-0,335;22,799;90,262
13,87;221,75;-8,451;-0,335;22,799;90,261
13,88;221,77;-8,449;-0,335;22,799;90,26
13,88;221,8;-8,448;-0,334;22,798;90,259
13,88;221,83;-8,446;-0,334;22,798;90,258
13,88;221,85;-8,444;-0,334;22,798;90,257
13,88;221,88;-8,443;-0,334;22,797;90,256
13,88;221,9;-8,441;-0,334;22,797;90,255
13,88;221,93;-8,439;-0,334;22,797;90,254
13,89;221,95;-8,438;-0,334;22,797;90,252
13,89;221,98;-8,436;-0,334;22,796;90,251
13,89;222;-8,434;-0,334;22,796;90,25
13,89;222,03;-8,432;-0,334;22,796;90,249
13,89;222,06;-8,431;-0,334;22,796;90,248
13,9;222,08;-8,429;-0,334;22,795;90,247
13,9;222,11;-8,427;-0,334;22,795;90,246
13,9;222,13;-8,425;-0,334;22,795;90,245
13,9;222,16;-8,423;-0,333;22,794;90,244
13,9;222,18;-8,421;-0,333;22,794;90,243
13,9;222,21;-8,419;-0,333;22,794;90,242
13,9;222,24;-8,417;-0,333;22,794;90,241
13,91;222,26;-8,415;-0,333;22,793;90,24
13,91;222,29;-8,414;-0,333;22,793;90,239
13,91;222,31;-8,412;-0,333;22,793;90,237
13,91;222,34;-8,41;-0,333;22,793;90,236
13,91;222,36;-8,408;-0,333;22,792;90,235
13,92;222,39;-8,406;-0,333;22,792;90,234
13,92;222,41;-8,405;-0,333;22,792;90,233
13,92;222,44;-8,403;-0,333;22,791;90,232
13,92;222,47;-8,401;-0,333;22,791;90,231
13,92;222,49;-8,399;-0,333;22,791;90,23
13,92;222,52;-8,397;-0,332;22,791;90,229
13,93;222,54;-8,395;-0,332;22,79;90,228
13,93;222,57;-8,394;-0,332;22,79;90,226
13,93;222,59;-8,392;-0,332;22,79;90,225
13,93;222,62;-8,39;-0,332;22,79;90,224
13,93;222,64;-8,389;-0,332;22,789;90,223
13,93;222,67;-8,387;-0,332;22,789;90,222
13,93;222,7;-8,385;-0,332;22,789;90,221
13,94;222,72;-8,384;-0,332;22,788;90,22
13,94;222,75;-8,383;-0,332;22,788;90,219
13,94;222,77;-8,381;-0,332;22,788;90,217
13,94;222,8;-8,38;-0,332;22,788;90,216
13,94;222,82;-8,378;-0,332;22,787;90,215
13,95;222,85;-8,377;-0,332;22,787;90,214
13,95;222,87;-8,375;-0,332;22,787;90,213
13,95;222,9;-8,373;-0,331;22,786;90,212
13,95;222,93;-8,372;-0,331;22,786;90,211
13,95;222,95;-8,37;-0,331;22,786;90,21
13,95;222,98;-8,369;-0,331;22,786;90,208
13,95;223;-8,367;-0,331;22,785;90,207
13,96;223,03;-8,365;-0,331;22,785;90,206
13,96;223,05;-8,363;-0,331;22,785;90,205
13,96;223,08;-8,362;-0,331;22,784;90,204
13,96;223,1;-8,36;-0,331;22,784;90,203
13,96;223,13;-8,358;-0,331;22,784;90,202
13,97;223,16;-8,357;-0,331;22,783;90,2
13,97;223,18;-8,355;-0,331;22,783;90,199
13,97;223,21;-8,353;-0,331;22,783;90,198
13,97;223,23;-8,352;-0,331;22,783;90,197
13,97;223,26;-8,35;-0,331;22,782;90,196
13,97;223,28;-8,348;-0,331;22,782;90,195
13,98;223,31;-8,347;-0,33;22,782;90,194
13,98;223,34;-8,345;-0,33;22,781;90,192
13,98;223,36;-8,344;-0,33;22,781;90,191
13,98;223,39;-8,342;-0,33;22,781;90,19
13,98;223,41;-8,341;-0,33;22,781;90,189
13,98;223,44;-8,339;-0,33;22,78;90,188
13,98;223,46;-8,338;-0,33;22,78;90,187
13,99;223,49;-8,336;-0,33;22,78;90,185
13,99;223,51;-8,334;-0,33;22,779;90,184
13,99;223,54;-8,333;-0,33;22,779;90,183
13,99;223,57;-8,331;-0,33;22,779;90,182
13,99;223,59;-8,329;-0,33;22,779;90,181
14;223,62;-8,327;-0,33;22,778;90,18
14;223,64;-8,326;-0,33;22,778;90,178
14;223,67;-8,324;-0,33;22,778;90,177
14;223,69;-8,323;-0,33;22,777;90,176
14;223,72;-8,321;-0,329;22,777;90,175
14;223,75;-8,32;-0,329;22,777;90,174
14;223,77;-8,318;-0,329;22,776;90,172
14,01;223,8;-8,317;-0,329;22,776;90,171
14,01;223,82;-8,315;-0,329;22,776;90,17
14,01;223,85;-8,313;-0,329;22,776;90,169
14,01;223,87;-8,312;-0,329;22,775;90,168
14,01;223,9;-8,31;-0,329;22,775;90,167
14,02;223,92;-8,308;-0,329;22,775;90,165
14,02;223,95;-8,307;-0,329;22,774;90,164
14,02;223,98;-8,305;-0,329;22,774;90,163
14,02;224;-8,303;-0,329;22,774;90,162
14,02;224,03;-8,302;-0,329;22,773;90,161
14,02;224,05;-8,3;-0,329;22,773;90,159
14,03;224,08;-8,298;-0,329;22,773;90,158
14,03;224,1;-8,296;-0,328;22,773;90,157
14,03;224,13;-8,295;-0,328;22,772;90,156
14,03;224,16;-8,294;-0,328;22,772;90,155
14,03;224,18;-8,292;-0,328;22,772;90,153
14,03;224,21;-8,291;-0,328;22,771;90,152
14,03;224,23;-8,289;-0,328;22,771;90,151
14,04;224,26;-8,287;-0,328;22,771;90,15
14,04;224,28;-8,286;-0,328;22,77;90,149
14,04;224,31;-8,285;-0,328;22,77;90,147
14,04;224,33;-8,283;-0,328;22,77;90,146
14,04;224,36;-8,282;-0,328;22,769;90,145
14,05;224,39;-8,28;-0,328;22,769;90,144
14,05;224,41;-8,279;-0,328;22,769;90,143
14,05;224,44;-8,277;-0,328;22,769;90,141
14,05;224,46;-8,275;-0,328;22,768;90,14
14,05;224,49;-8,274;-0,328;22,768;90,139
14,05;224,51;-8,272;-0,327;22,768;90,138
14,05;224,54;-8,27;-0,327;22,767;90,136
14,06;224,56;-8,268;-0,327;22,767;90,135
14,06;224,59;-8,267;-0,327;22,767;90,134
14,06;224,62;-8,265;-0,327;22,766;90,133
14,06;224,64;-8,263;-0,327;22,766;90,131
14,06;224,67;-8,262;-0,327;22,766;90,13
14,07;224,69;-8,26;-0,327;22,765;90,129
14,07;224,72;-8,258;-0,327;22,765;90,128
14,07;224,74;-8,257;-0,327;22,765;90,126
14,07;224,77;-8,255;-0,327;22,765;90,125
14,07;224,79;-8,253;-0,327;22,764;90,124
14,07;224,82;-8,252;-0,327;22,764;90,123
14,08;224,85;-8,25;-0,327;22,764;90,121
14,08;224,87;-8,248;-0,327;22,763;90,12
14,08;224,9;-8,247;-0,326;22,763;90,119
14,08;224,92;-8,245;-0,326;22,763;90,118
14,08;224,95;-8,243;-0,326;22,762;90,117
14,08;224,97;-8,241;-0,326;22,762;90,115
14,08;225;-8,239;-0,326;22,762;90,114
14,09;225,02;-8,237;-0,326;22,761;90,113
14,09;225,05;-8,236;-0,326;22,761;90,111
14,09;225,08;-8,234;-0,326;22,761;90,11
14,09;225,1;-8,232;-0,326;22,76;90,109
14,09;225,13;-8,229;-0,326;22,76;90,108
14,1;225,15;-8,227;-0,326;22,76;90,106
14,1;225,18;-8,225;-0,326;22,759;90,105
14,1;225,2;-8,223;-0,326;22,759;90,104
14,1;225,23;-8,221;-0,325;22,759;90,103
14,1;225,26;-8,219;-0,325;22,758;90,101
14,1;225,28;-8,217;-0,325;22,758;90,1
14,1;225,31;-8,215;-0,325;22,758;90,099
14,11;225,33;-8,213;-0,325;22,757;90,097
14,11;225,36;-8,211;-0,325;22,757;90,096
14,11;225,38;-8,209;-0,325;22,757;90,095
14,11;225,41;-8,207;-0,325;22,757;90,094
14,11;225,43;-8,205;-0,325;22,756;90,092
14,12;225,46;-8,203;-0,325;22,756;90,091
14,12;225,49;-8,201;-0,325;22,756;90,09
14,12;225,51;-8,2;-0,325;22,755;90,089
14,12;225,54;-8,198;-0,325;22,755;90,087
14,12;225,56;-8,196;-0,324;22,755;90,086
14,12;225,59;-8,193;-0,324;22,754;90,085
14,13;225,61;-8,191;-0,324;22,754;90,083
14,13;225,64;-8,189;-0,324;22,754;90,082
14,13;225,67;-8,187;-0,324;22,753;90,081
14,13;225,69;-8,185;-0,324;22,753;90,08
14,13;225,72;-8,183;-0,324;22,753;90,078
14,13;225,74;-8,18;-0,324;22,752;90,077
14,13;225,77;-8,178;-0,324;22,752;90,076
14,14;225,79;-8,176;-0,324;22,752;90,074
14,14;225,82;-8,174;-0,324;22,751;90,073
14,14;225,85;-8,172;-0,324;22,751;90,072
14,14;225,87;-8,169;-0,323;22,751;90,07
14,14;225,9;-8,167;-0,323;22,75;90,069
14,15;225,92;-8,165;-0,323;22,75;90,068
14,15;225,95;-8,163;-0,323;22,75;90,067
14,15;225,97;-8,16;-0,323;22,749;90,065
14,15;226;-8,158;-0,323;22,749;90,064
14,15;226,02;-8,155;-0,323;22,749;90,063
14,15;226,05;-8,153;-0,323;22,748;90,061
14,15;226,08;-8,151;-0,323;22,748;90,06
14,16;226,1;-8,149;-0,323;22,748;90,059
14,16;226,13;-8,146;-0,323;22,747;90,057
14,16;226,15;-8,144;-0,322;22,747;90,056
14,16;226,18;-8,142;-0,322;22,747;90,055
14,16;226,2;-8,14;-0,322;22,746;90,053
14,17;226,23;-8,138;-0,322;22,746;90,052
14,17;226,26;-8,135;-0,322;22,746;90,051
14,17;226,28;-8,133;-0,322;22,745;90,049
14,17;226,31;-8,131;-0,322;22,745;90,048
14,17;226,33;-8,128;-0,322;22,745;90,047
14,17;226,36;-8,126;-0,322;22,744;90,045
14,18;226,38;-8,124;-0,322;22,744;90,044
14,18;226,41;-8,122;-0,322;22,744;90,043
14,18;226,43;-8,12;-0,321;22,743;90,041
14,18;226,46;-8,118;-0,321;22,743;90,04
14,18;226,48;-8,116;-0,321;22,743;90,039
14,18;226,51;-8,114;-0,321;22,742;90,037
14,18;226,54;-8,112;-0,321;22,742;90,036
14,19;226,56;-8,109;-0,321;22,742;90,035
14,19;226,59;-8,107;-0,321;22,741;90,033
14,19;226,61;-8,105;-0,321;22,741;90,032
14,19;226,64;-8,102;-0,321;22,741;90,031
14,19;226,66;-8,1;-0,321;22,74;90,029
14,2;226,69;-8,097;-0,321;22,74;90,028
14,2;226,72;-8,095;-0,32;22,74;90,026
14,2;226,74;-8,092;-0,32;22,739;90,025
14,2;226,77;-8,09;-0,32;22,739;90,024
14,2;226,79;-8,087;-0,32;22,739;90,022
14,2;226,82;-8,085;-0,32;22,738;90,021
14,2;226,84;-8,082;-0,32;22,738;90,02
14,21;226,87;-8,08;-0,32;22,737;90,018
14,21;226,9;-8,078;-0,32;22,737;90,017
14,21;226,92;-8,076;-0,32;22,737;90,015
14,21;226,95;-8,074;-0,32;22,736;90,014
14,21;226,97;-8,071;-0,32;22,736;90,013
14,22;227;-8,069;-0,319;22,736;90,011
14,22;227,02;-8,067;-0,319;22,735;90,01
14,22;227,05;-8,065;-0,319;22,735;90,009
14,22;227,08;-8,063;-0,319;22,735;90,007
14,22;227,1;-8,061;-0,319;22,734;90,006
14,22;227,13;-8,059;-0,319;22,734;90,004
14,23;227,15;-8,057;-0,319;22,734;90,003
14,23;227,18;-8,055;-0,319;22,733;90,002
14,23;227,2;-8,052;-0,319;22,733;90
14,23;227,23;-8,05;-0,319;22,733;89,999
14,23;227,25;-8,048;-0,319;22,732;89,997
14,23;227,28;-8,046;-0,319;22,732;89,996
14,23;227,31;-8,043;-0,318;22,732;89,995
14,24;227,33;-8,041;-0,318;22,731;89,993
14,24;227,36;-8,038;-0,318;22,731;89,992
14,24;227,38;-8,036;-0,318;22,73;89,991
14,24;227,41;-8,034;-0,318;22,73;89,989
14,24;227,43;-8,031;-0,318;22,73;89,988
14,25;227,46;-8,029;-0,318;22,729;89,986
14,25;227,49;-8,027;-0,318;22,729;89,985
14,25;227,51;-8,024;-0,318;22,729;89,984
14,25;227,54;-8,022;-0,318;22,728;89,982
14,25;227,56;-8,02;-0,318;22,728;89,981
14,25;227,59;-8,017;-0,317;22,728;89,979
14,25;227,61;-8,015;-0,317;22,727;89,978
14,26;227,64;-8,013;-0,317;22,727;89,977
14,26;227,67;-8,01;-0,317;22,727;89,975
14,26;227,69;-8,008;-0,317;22,726;89,974
14,26;227,72;-8,005;-0,317;22,726;89,972
14,26;227,74;-8,003;-0,317;22,726;89,971
14,27;227,77;-8,001;-0,317;22,725;89,97
14,27;227,79;-7,998;-0,317;22,725;89,968
14,27;227,82;-7,996;-0,317;22,724;89,967
14,27;227,85;-7,994;-0,316;22,724;89,965
14,27;227,87;-7,992;-0,316;22,724;89,964
14,27;227,9;-7,989;-0,316;22,723;89,962
14,28;227,92;-7,987;-0,316;22,723;89,961
14,28;227,95;-7,985;-0,316;22,723;89,96
14,28;227,97;-7,983;-0,316;22,722;89,958
14,28;228;-7,98;-0,316;22,722;89,957
14,28;228,02;-7,978;-0,316;22,722;89,955
14,28;228,05;-7,975;-0,316;22,721;89,954
14,28;228,08;-7,973;-0,316;22,721;89,953
14,29;228,1;-7,97;-0,316;22,721;89,951
14,29;228,13;-7,968;-0,315;22,72;89,95
14,29;228,15;-7,966;-0,315;22,72;89,948
14,29;228,18;-7,963;-0,315;22,719;89,947
14,29;228,2;-7,961;-0,315;22,719;89,946
14,3;228,23;-7,958;-0,315;22,719;89,944
14,3;228,25;-7,956;-0,315;22,718;89,943
14,3;228,28;-7,954;-0,315;22,718;89,941
14,3;228,31;-7,951;-0,315;22,718;89,94
14,3;228,33;-7,949;-0,315;22,717;89,938
14,3;228,36;-7,946;-0,315;22,717;89,937
14,3;228,38;-7,944;-0,314;22,717;89,936
14,31;228,41;-7,941;-0,314;22,716;89,934
14,31;228,43;-7,939;-0,314;22,716;89,933
14,31;228,46;-7,936;-0,314;22,716;89,931
14,31;228,49;-7,934;-0,314;22,715;89,93
14,31;228,51;-7,932;-0,314;22,715;89,928
14,32;228,54;-7,929;-0,314;22,714;89,927
14,32;228,56;-7,927;-0,314;22,714;89,926
14,32;228,59;-7,924;-0,314;22,714;89,924
14,32;228,61;-7,922;-0,314;22,713;89,923
14,32;228,64;-7,92;-0,314;22,713;89,921
14,32;228,66;-7,917;-0,313;22,713;89,92
14,33;228,69;-7,914;-0,313;22,712;89,918
14,33;228,72;-7,912;-0,313;22,712;89,917
14,33;228,74;-7,909;-0,313;22,712;89,915
14,33;228,77;-7,907;-0,313;22,711;89,914
14,33;228,79;-7,904;-0,313;22,711;89,913
14,33;228,82;-7,901;-0,313;22,71;89,911
14,33;228,84;-7,899;-0,313;22,71;89,91
14,34;228,87;-7,896;-0,313;22,71;89,908
14,34;228,9;-7,893;-0,313;22,709;89,907
14,34;228,92;-7,891;-0,312;22,709;89,905
14,34;228,95;-7,888;-0,312;22,709;89,904
14,34;228,97;-7,885;-0,312;22,708;89,902
14,35;229;-7,883;-0,312;22,708;89,901
14,35;229,02;-7,88;-0,312;22,707;89,899
14,35;229,05;-7,877;-0,312;22,707;89,898
14,35;229,07;-7,874;-0,312;22,707;89,896
14,35;229,1;-7,871;-0,312;22,706;89,895
14,35;229,13;-7,869;-0,312;22,706;89,894
14,35;229,15;-7,866;-0,311;22,706;89,892
14,36;229,18;-7,863;-0,311;22,705;89,891
14,36;229,2;-7,86;-0,311;22,705;89,889
14,36;229,23;-7,858;-0,311;22,704;89,888
14,36;229,25;-7,855;-0,311;22,704;89,886
14,36;229,28;-7,853;-0,311;22,704;89,885
14,37;229,31;-7,85;-0,311;22,703;89,883
14,37;229,33;-7,847;-0,311;22,703;89,882
14,37;229,36;-7,844;-0,311;22,703;89,88
14,37;229,38;-7,841;-0,31;22,702;89,879
14,37;229,41;-7,839;-0,31;22,702;89,877
14,37;229,43;-7,836;-0,31;22,701;89,876
14,38;229,46;-7,833;-0,31;22,701;89,874
14,38;229,49;-7,83;-0,31;22,701;89,873
14,38;229,51;-7,827;-0,31;22,7;89,871
14,38;229,54;-7,824;-0,31;22,7;89,87
14,38;229,56;-7,82;-0,31;22,7;89,868
14,38;229,59;-7,817;-0,309;22,699;89,867
14,38;229,61;-7,814;-0,309;22,699;89,865
14,39;229,64;-7,811;-0,309;22,698;89,864
14,39;229,66;-7,808;-0,309;22,698;89,862
14,39;229,69;-7,805;-0,309;22,698;89,861
14,39;229,72;-7,801;-0,309;22,697;89,859
14,39;229,74;-7,798;-0,309;22,697;89,858
14,4;229,77;-7,795;-0,309;22,697;89,856
14,4;229,79;-7,792;-0,309;22,696;89,855
14,4;229,82;-7,79;-0,308;22,696;89,853
14,4;229,84;-7,787;-0,308;22,695;89,852
14,4;229,87;-7,784;-0,308;22,695;89,85
14,4;229,9;-7,781;-0,308;22,695;89,849
14,4;229,92;-7,778;-0,308;22,694;89,847
14,41;229,95;-7,775;-0,308;22,694;89,846
14,41;229,97;-7,772;-0,308;22,693;89,844
14,41;230;-7,769;-0,308;22,693;89,842
14,41;230,02;-7,767;-0,307;22,693;89,841
14,41;230,05;-7,764;-0,307;22,692;89,839
14,42;230,08;-7,761;-0,307;22,692;89,838
14,42;230,1;-7,758;-0,307;22,692;89,836
14,42;230,13;-7,755;-0,307;22,691;89,835
14,42;230,15;-7,752;-0,307;22,691;89,833
14,42;230,18;-7,749;-0,307;22,69;89,832
14,42;230,2;-7,746;-0,307;22,69;89,83
14,43;230,23;-7,743;-0,307;22,69;89,829
14,43;230,26;-7,74;-0,306;22,689;89,827
14,43;230,28;-7,737;-0,306;22,689;89,826
14,43;230,31;-7,734;-0,306;22,688;89,824
14,43;230,33;-7,731;-0,306;22,688;89,822
14,43;230,36;-7,727;-0,306;22,688;89,821
14,43;230,38;-7,724;-0,306;22,687;89,819
14,44;230,41;-7,721;-0,306;22,687;89,818
14,44;230,44;-7,718;-0,306;22,686;89,816
14,44;230,46;-7,715;-0,305;22,686;89,815
14,44;230,49;-7,712;-0,305;22,686;89,813
14,44;230,51;-7,709;-0,305;22,685;89,812
14,45;230,54;-7,706;-0,305;22,685;89,81
14,45;230,56;-7,702;-0,305;22,684;89,808
14,45;230,59;-7,699;-0,305;22,684;89,807
14,45;230,62;-7,696;-0,305;22,684;89,805
14,45;230,64;-7,693;-0,305;22,683;89,804
14,45;230,67;-7,69;-0,304;22,683;89,802
14,45;230,69;-7,687;-0,304;22,682;89,801
14,46;230,72;-7,684;-0,304;22,682;89,799
14,46;230,74;-7,68;-0,304;22,682;89,797
14,46;230,77;-7,677;-0,304;22,681;89,796
14,46;230,8;-7,674;-0,304;22,681;89,794
14,46;230,82;-7,671;-0,304;22,681;89,793
14,47;230,85;-7,667;-0,304;22,68;89,791
14,47;230,87;-7,663;-0,303;22,68;89,789
14,47;230,9;-7,66;-0,303;22,679;89,788
14,47;230,92;-7,656;-0,303;22,679;89,786
14,47;230,95;-7,653;-0,303;22,678;89,785
14,47;230,98;-7,649;-0,303;22,678;89,783
14,48;231;-7,646;-0,303;22,678;89,782
14,48;231,03;-7,643;-0,303;22,677;89,78
14,48;231,05;-7,639;-0,302;22,677;89,778
14,48;231,08;-7,635;-0,302;22,676;89,777
14,48;231,1;-7,632;-0,302;22,676;89,775
14,48;231,13;-7,628;-0,302;22,676;89,774
14,48;231,16;-7,625;-0,302;22,675;89,772
14,49;231,18;-7,622;-0,302;22,675;89,77
14,49;231,21;-7,618;-0,302;22,674;89,769
14,49;231,23;-7,614;-0,301;22,674;89,767
14,49;231,26;-7,61;-0,301;22,674;89,765
14,49;231,28;-7,607;-0,301;22,673;89,764
14,5;231,31;-7,603;-0,301;22,673;89,762
14,5;231,33;-7,599;-0,301;22,672;89,761
14,5;231,36;-7,596;-0,301;22,672;89,759
14,5;231,39;-7,592;-0,301;22,672;89,757
14,5;231,41;-7,589;-0,3;22,671;89,756
14,5;231,44;-7,585;-0,3;22,671;89,754
14,5;231,46;-7,582;-0,3;22,67;89,752
14,51;231,49;-7,578;-0,3;22,67;89,751
14,51;231,52;-7,574;-0,3;22,67;89,749
14,51;231,54;-7,57;-0,3;22,669;89,748
14,51;231,57;-7,567;-0,3;22,669;89,746
14,51;231,59;-7,563;-0,299;22,668;89,744
14,52;231,62;-7,56;-0,299;22,668;89,743
14,52;231,64;-7,556;-0,299;22,667;89,741
14,52;231,67;-7,553;-0,299;22,667;89,739
14,52;231,69;-7,549;-0,299;22,667;89,738
14,52;231,72;-7,546;-0,299;22,666;89,736
14,52;231,75;-7,542;-0,299;22,666;89,734
14,53;231,77;-7,538;-0,298;22,665;89,733
14,53;231,8;-7,534;-0,298;22,665;89,731
14,53;231,82;-7,531;-0,298;22,665;89,73
14,53;231,85;-7,527;-0,298;22,664;89,728
14,53;231,87;-7,524;-0,298;22,664;89,726
14,53;231,9;-7,52;-0,298;22,663;89,725
14,53;231,93;-7,517;-0,298;22,663;89,723
14,54;231,95;-7,513;-0,297;22,662;89,721
14,54;231,98;-7,51;-0,297;22,662;89,72
14,54;232;-7,506;-0,297;22,662;89,718
14,54;232,03;-7,503;-0,297;22,661;89,716
14,54;232,05;-7,5;-0,297;22,661;89,715
14,55;232,08;-7,496;-0,297;22,66;89,713
14,55;232,11;-7,492;-0,297;22,66;89,711
14,55;232,13;-7,489;-0,296;22,66;89,71
14,55;232,16;-7,486;-0,296;22,659;89,708
14,55;232,18;-7,483;-0,296;22,659;89,706
14,55;232,21;-7,479;-0,296;22,658;89,705
14,55;232,23;-7,476;-0,296;22,658;89,703
14,56;232,26;-7,472;-0,296;22,657;89,701
14,56;232,29;-7,468;-0,296;22,657;89,7
14,56;232,31;-7,464;-0,296;22,657;89,698
14,56;232,34;-7,46;-0,295;22,656;89,696
14,56;232,36;-7,456;-0,295;22,656;89,695
14,57;232,39;-7,453;-0,295;22,655;89,693
14,57;232,41;-7,449;-0,295;22,655;89,691
14,57;232,44;-7,444;-0,295;22,654;89,69
14,57;232,47;-7,44;-0,295;22,654;89,688
14,57;232,49;-7,437;-0,294;22,654;89,686
14,57;232,52;-7,433;-0,294;22,653;89,684
14,58;232,54;-7,429;-0,294;22,653;89,683
14,58;232,57;-7,425;-0,294;22,652;89,681
14,58;232,6;-7,421;-0,294;22,652;89,679
14,58;232,62;-7,417;-0,294;22,651;89,678
14,58;232,65;-7,413;-0,293;22,651;89,676
14,58;232,67;-7,409;-0,293;22,651;89,674
14,58;232,7;-7,405;-0,293;22,65;89,673
14,59;232,72;-7,401;-0,293;22,65;89,671
14,59;232,75;-7,397;-0,293;22,649;89,669
14,59;232,78;-7,394;-0,293;22,649;89,667
14,59;232,8;-7,39;-0,293;22,648;89,666
14,59;232,83;-7,386;-0,292;22,648;89,664
14,6;232,85;-7,383;-0,292;22,648;89,662
14,6;232,88;-7,379;-0,292;22,647;89,661
14,6;232,9;-7,376;-0,292;22,647;89,659
14,6;232,93;-7,371;-0,292;22,646;89,657
14,6;232,96;-7,367;-0,292;22,646;89,655
14,6;232,98;-7,363;-0,292;22,645;89,654
14,6;233,01;-7,36;-0,291;22,645;89,652
14,61;233,03;-7,356;-0,291;22,645;89,65
14,61;233,06;-7,352;-0,291;22,644;89,649
14,61;233,08;-7,348;-0,291;22,644;89,647
14,61;233,11;-7,344;-0,291;22,643;89,645
14,61;233,14;-7,34;-0,291;22,643;89,643
14,62;233,16;-7,335;-0,29;22,642;89,642
14,62;233,19;-7,331;-0,29;22,642;89,64
14,62;233,21;-7,326;-0,29;22,641;89,638
14,62;233,24;-7,322;-0,29;22,641;89,636
14,62;233,26;-7,318;-0,29;22,641;89,635
14,62;233,29;-7,313;-0,29;22,64;89,633
14,63;233,32;-7,309;-0,289;22,64;89,631
14,63;233,34;-7,304;-0,289;22,639;89,629
14,63;233,37;-7,3;-0,289;22,639;89,628
14,63;233,39;-7,296;-0,289;22,638;89,626
14,63;233,42;-7,291;-0,289;22,638;89,624
14,63;233,45;-7,287;-0,288;22,638;89,622
14,63;233,47;-7,282;-0,288;22,637;89,621
14,64;233,5;-7,278;-0,288;22,637;89,619
14,64;233,52;-7,274;-0,288;22,636;89,617
14,64;233,55;-7,27;-0,288;22,636;89,615
14,64;233,57;-7,266;-0,288;22,635;89,614
14,64;233,6;-7,262;-0,287;22,635;89,612
14,65;233,63;-7,258;-0,287;22,634;89,61
14,65;233,65;-7,254;-0,287;22,634;89,608
14,65;233,68;-7,249;-0,287;22,633;89,607
14,65;233,7;-7,245;-0,287;22,633;89,605
14,65;233,73;-7,241;-0,287;22,633;89,603
14,65;233,75;-7,237;-0,287;22,632;89,601
14,65;233,78;-7,232;-0,286;22,632;89,599
14,66;233,81;-7,228;-0,286;22,631;89,598
14,66;233,83;-7,224;-0,286;22,631;89,596
14,66;233,86;-7,219;-0,286;22,63;89,594
14,66;233,88;-7,215;-0,286;22,63;89,592
14,66;233,91;-7,211;-0,285;22,629;89,591
14,67;233,93;-7,206;-0,285;22,629;89,589
14,67;233,96;-7,201;-0,285;22,629;89,587
14,67;233,99;-7,197;-0,285;22,628;89,585
14,67;234,01;-7,192;-0,285;22,628;89,583
14,67;234,04;-7,187;-0,285;22,627;89,582
14,67;234,06;-7,182;-0,284;22,627;89,58
14,68;234,09;-7,178;-0,284;22,626;89,578
14,68;234,11;-7,173;-0,284;22,626;89,576
14,68;234,14;-7,168;-0,284;22,625;89,574
14,68;234,17;-7,163;-0,284;22,625;89,572
14,68;234,19;-7,158;-0,283;22,624;89,571
14,68;234,22;-7,154;-0,283;22,624;89,569
14,68;234,24;-7,15;-0,283;22,624;89,567
14,69;234,27;-7,145;-0,283;22,623;89,565
14,69;234,3;-7,14;-0,283;22,623;89,563
14,69;234,32;-7,135;-0,282;22,622;89,562
14,69;234,35;-7,13;-0,282;22,622;89,56
14,69;234,37;-7,126;-0,282;22,621;89,558
14,7;234,4;-7,121;-0,282;22,621;89,556
14,7;234,42;-7,117;-0,282;22,62;89,554
14,7;234,45;-7,112;-0,282;22,62;89,552
14,7;234,48;-7,109;-0,281;22,619;89,551
14,7;234,5;-7,104;-0,281;22,619;89,549
14,7;234,53;-7,1;-0,281;22,618;89,547
14,7;234,55;-7,096;-0,281;22,618;89,545
14,71;234,58;-7,091;-0,281;22,617;89,543
14,71;234,6;-7,087;-0,281;22,617;89,541
14,71;234,63;-7,082;-0,28;22,617;89,54
14,71;234,66;-7,077;-0,28;22,616;89,538
14,71;234,68;-7,073;-0,28;22,616;89,536
14,72;234,71;-7,068;-0,28;22,615;89,534
14,72;234,73;-7,063;-0,28;22,615;89,532
14,72;234,76;-7,059;-0,279;22,614;89,53
14,72;234,79;-7,054;-0,279;22,614;89,528
14,72;234,81;-7,049;-0,279;22,613;89,527
14,72;234,84;-7,044;-0,279;22,613;89,525
14,73;234,86;-7,04;-0,279;22,612;89,523
14,73;234,89;-7,035;-0,279;22,612;89,521
14,73;234,91;-7,03;-0,278;22,611;89,519
14,73;234,94;-7,025;-0,278;22,611;89,517
14,73;234,97;-7,02;-0,278;22,61;89,515
14,73;234,99;-7,015;-0,278;22,61;89,513
14,73;235,02;-7,01;-0,278;22,609;89,512
14,74;235,04;-7,006;-0,277;22,609;89,51
14,74;235,07;-7,001;-0,277;22,609;89,508
14,74;235,09;-6,997;-0,277;22,608;89,506
14,74;235,12;-6,992;-0,277;22,608;89,504
14,74;235,15;-6,988;-0,277;22,607;89,502
14,75;235,17;-6,983;-0,276;22,607;89,5
14,75;235,2;-6,979;-0,276;22,606;89,498
14,75;235,22;-6,974;-0,276;22,606;89,496
14,75;235,25;-6,969;-0,276;22,605;89,494
14,75;235,28;-6,964;-0,276;22,605;89,493
14,75;235,3;-6,959;-0,276;22,604;89,491
14,75;235,33;-6,954;-0,275;22,604;89,489
14,76;235,35;-6,95;-0,275;22,603;89,487
14,76;235,38;-6,945;-0,275;22,603;89,485
14,76;235,4;-6,94;-0,275;22,602;89,483
14,76;235,43;-6,935;-0,275;22,602;89,481
14,76;235,46;-6,93;-0,274;22,601;89,479
14,77;235,48;-6,925;-0,274;22,601;89,477
14,77;235,51;-6,921;-0,274;22,6;89,475
14,77;235,53;-6,916;-0,274;22,6;89,473
14,77;235,56;-6,912;-0,274;22,599;89,471
14,77;235,59;-6,907;-0,273;22,599;89,469
14,77;235,61;-6,902;-0,273;22,598;89,467
14,78;235,64;-6,897;-0,273;22,598;89,466
14,78;235,66;-6,892;-0,273;22,597;89,464
14,78;235,69;-6,887;-0,273;22,597;89,462
14,78;235,71;-6,882;-0,272;22,596;89,46
14,78;235,74;-6,877;-0,272;22,596;89,458
14,78;235,77;-6,871;-0,272;22,595;89,456
14,78;235,79;-6,866;-0,272;22,595;89,454
14,79;235,82;-6,86;-0,272;22,594;89,452
14,79;235,84;-6,855;-0,271;22,594;89,45
14,79;235,87;-6,85;-0,271;22,593;89,448
14,79;235,9;-6,845;-0,271;22,593;89,446
14,79;235,92;-6,84;-0,271;22,592;89,444
14,8;235,95;-6,834;-0,271;22,592;89,442
14,8;235,97;-6,829;-0,27;22,591;89,44
14,8;236;-6,824;-0,27;22,591;89,438
14,8;236,02;-6,819;-0,27;22,59;89,436
14,8;236,05;-6,814;-0,27;22,59;89,434
14,8;236,08;-6,808;-0,27;22,589;89,432
14,8;236,1;-6,803;-0,269;22,589;89,43
14,81;236,13;-6,797;-0,269;22,588;89,428
14,81;236,15;-6,792;-0,269;22,588;89,426
14,81;236,18;-6,787;-0,269;22,587;89,424
14,81;236,2;-6,782;-0,268;22,587;89,422
14,81;236,23;-6,776;-0,268;22,586;89,42
14,82;236,26;-6,771;-0,268;22,586;89,418
14,82;236,28;-6,765;-0,268;22,585;89,416
14,82;236,31;-6,759;-0,268;22,585;89,414
14,82;236,33;-6,754;-0,267;22,584;89,412
14,82;236,36;-6,748;-0,267;22,584;89,41
14,82;236,39;-6,743;-0,267;22,583;89,408
14,83;236,41;-6,737;-0,267;22,583;89,406
14,83;236,44;-6,731;-0,266;22,582;89,404
14,83;236,46;-6,725;-0,266;22,582;89,402
14,83;236,49;-6,72;-0,266;22,581;89,4
14,83;236,52;-6,714;-0,266;22,581;89,398
14,83;236,54;-6,709;-0,266;22,58;89,396
14,83;236,57;-6,703;-0,265;22,58;89,394
14,84;236,59;-6,698;-0,265;22,579;89,392
14,84;236,62;-6,692;-0,265;22,579;89,39
14,84;236,64;-6,686;-0,265;22,578;89,388
14,84;236,67;-6,681;-0,265;22,578;89,386
14,84;236,7;-6,675;-0,264;22,577;89,384
14,85;236,72;-6,67;-0,264;22,577;89,382
14,85;236,75;-6,664;-0,264;22,576;89,38
14,85;236,77;-6,658;-0,264;22,576;89,378
14,85;236,8;-6,652;-0,263;22,575;89,376
14,85;236,83;-6,646;-0,263;22,575;89,374
14,85;236,85;-6,64;-0,263;22,574;89,372
14,85;236,88;-6,634;-0,263;22,574;89,369
14,86;236,9;-6,628;-0,262;22,573;89,367
14,86;236,93;-6,622;-0,262;22,573;89,365
14,86;236,96;-6,616;-0,262;22,572;89,363
14,86;236,98;-6,61;-0,262;22,572;89,361
14,86;237,01;-6,605;-0,261;22,571;89,359
14,87;237,03;-6,599;-0,261;22,57;89,357
14,87;237,06;-6,593;-0,261;22,57;89,355
14,87;237,09;-6,588;-0,261;22,569;89,353
14,87;237,11;-6,582;-0,261;22,569;89,351
14,87;237,14;-6,576;-0,26;22,568;89,349
14,87;237,16;-6,57;-0,26;22,568;89,347
14,88;237,19;-6,564;-0,26;22,567;89,345
14,88;237,21;-6,559;-0,26;22,567;89,343
14,88;237,24;-6,553;-0,259;22,566;89,341
14,88;237,27;-6,547;-0,259;22,566;89,338
14,88;237,29;-6,541;-0,259;22,565;89,336
14,88;237,32;-6,535;-0,259;22,565;89,334
14,88;237,34;-6,529;-0,258;22,564;89,332
14,89;237,37;-6,523;-0,258;22,564;89,33
14,89;237,4;-6,517;-0,258;22,563;89,328
14,89;237,42;-6,511;-0,258;22,563;89,326
14,89;237,45;-6,505;-0,258;22,562;89,324
14,89;237,47;-6,499;-0,257;22,562;89,322
14,9;237,5;-6,493;-0,257;22,561;89,319
14,9;237,53;-6,487;-0,257;22,56;89,317
14,9;237,55;-6,481;-0,257;22,56;89,315
14,9;237,58;-6,476;-0,256;22,559;89,313
14,9;237,6;-6,47;-0,256;22,559;89,311
14,9;237,63;-6,464;-0,256;22,558;89,309
14,9;237,65;-6,458;-0,256;22,558;89,307
14,91;237,68;-6,451;-0,255;22,557;89,305
14,91;237,71;-6,446;-0,255;22,557;89,302
14,91;237,73;-6,44;-0,255;22,556;89,3
14,91;237,76;-6,434;-0,255;22,556;89,298
14,91;237,78;-6,428;-0,254;22,555;89,296
14,92;237,81;-6,422;-0,254;22,555;89,294
14,92;237,84;-6,415;-0,254;22,554;89,292
14,92;237,86;-6,409;-0,254;22,553;89,29
14,92;237,89;-6,403;-0,253;22,553;89,287
14,92;237,91;-6,397;-0,253;22,552;89,285
14,92;237,94;-6,391;-0,253;22,552;89,283
14,93;237,97;-6,384;-0,253;22,551;89,281
14,93;237,99;-6,379;-0,253;22,551;89,279
14,93;238,02;-6,373;-0,252;22,55;89,277
14,93;238,04;-6,367;-0,252;22,55;89,274
14,93;238,07;-6,361;-0,252;22,549;89,272
14,93;238,09;-6,354;-0,252;22,549;89,27
14,93;238,12;-6,348;-0,251;22,548;89,268
14,94;238,15;-6,342;-0,251;22,547;89,266
14,94;238,17;-6,336;-0,251;22,547;89,264
14,94;238,2;-6,33;-0,251;22,546;89,261
14,94;238,22;-6,324;-0,25;22,546;89,259
14,94;238,25;-6,318;-0,25;22,545;89,257
14,95;238,28;-6,311;-0,25;22,545;89,255
14,95;238,3;-6,304;-0,25;22,544;89,253
14,95;238,33;-6,297;-0,249;22,544;89,251
14,95;238,35;-6,291;-0,249;22,543;89,248
14,95;238,38;-6,285;-0,249;22,542;89,246
14,95;238,41;-6,279;-0,249;22,542;89,244
14,95;238,43;-6,272;-0,248;22,541;89,242
14,96;238,46;-6,266;-0,248;22,541;89,24
14,96;238,48;-6,26;-0,248;22,54;89,237
14,96;238,51;-6,253;-0,248;22,54;89,235
14,96;238,54;-6,247;-0,247;22,539;89,233
14,96;238,56;-6,24;-0,247;22,539;89,231
14,97;238,59;-6,234;-0,247;22,538;89,228
14,97;238,61;-6,228;-0,247;22,537;89,226
14,97;238,64;-6,222;-0,246;22,537;89,224
14,97;238,66;-6,215;-0,246;22,536;89,222
14,97;238,69;-6,21;-0,246;22,536;89,22
14,97;238,72;-6,203;-0,246;22,535;89,217
14,98;238,74;-6,197;-0,245;22,535;89,215
14,98;238,77;-6,19;-0,245;22,534;89,213
14,98;238,79;-6,184;-0,245;22,533;89,211
14,98;238,82;-6,177;-0,245;22,533;89,208
14,98;238,85;-6,171;-0,244;22,532;89,206
14,98;238,87;-6,165;-0,244;22,532;89,204
14,98;238,9;-6,158;-0,244;22,531;89,202
14,99;238,92;-6,152;-0,244;22,531;89,199
14,99;238,95;-6,145;-0,243;22,53;89,197
14,99;238,98;-6,139;-0,243;22,53;89,195
14,99;239;-6,133;-0,243;22,529;89,193
14,99;239,03;-6,126;-0,243;22,528;89,19
15;239,05;-6,12;-0,242;22,528;89,188
15;239,08;-6,113;-0,242;22,527;89,186
15;239,11;-6,106;-0,242;22,527;89,184
15;239,13;-6,1;-0,242;22,526;89,181
15;239,16;-6,093;-0,241;22,525;89,179
15;239,18;-6,087;-0,241;22,525;89,177
15;239,21;-6,081;-0,241;22,524;89,174
15,01;239,24;-6,075;-0,24;22,524;89,172
15,01;239,26;-6,068;-0,24;22,523;89,17
15,01;239,29;-6,061;-0,24;22,523;89,167
15,01;239,31;-6,054;-0,24;22,522;89,165
15,01;239,34;-6,048;-0,239;22,521;89,163
15,02;239,37;-6,041;-0,239;22,521;89,161
15,02;239,39;-6,035;-0,239;22,52;89,158
15,02;239,42;-6,028;-0,239;22,52;89,156
15,02;239,44;-6,021;-0,238;22,519;89,154
15,02;239,47;-6,014;-0,238;22,519;89,151
15,02;239,5;-6,008;-0,238;22,518;89,149
15,03;239,52;-6,001;-0,238;22,517;89,147
15,03;239,55;-5,994;-0,237;22,517;89,144
15,03;239,57;-5,988;-0,237;22,516;89,142
15,03;239,6;-5,982;-0,237;22,516;89,14
15,03;239,62;-5,975;-0,237;22,515;89,137
15,03;239,65;-5,969;-0,236;22,514;89,135
15,03;239,68;-5,962;-0,236;22,514;89,133
15,04;239,7;-5,955;-0,236;22,513;89,13
15,04;239,73;-5,949;-0,236;22,513;89,128
15,04;239,75;-5,942;-0,235;22,512;89,126
15,04;239,78;-5,934;-0,235;22,511;89,123
15,04;239,81;-5,927;-0,235;22,511;89,121
15,05;239,83;-5,921;-0,234;22,51;89,119
15,05;239,86;-5,913;-0,234;22,51;89,116
15,05;239,88;-5,906;-0,234;22,509;89,114
15,05;239,91;-5,899;-0,234;22,508;89,112
15,05;239,94;-5,892;-0,233;22,508;89,109
15,05;239,96;-5,885;-0,233;22,507;89,107
15,05;239,99;-5,878;-0,233;22,507;89,105
15,06;240,01;-5,871;-0,232;22,506;89,102
15,06;240,04;-5,864;-0,232;22,506;89,1
15,06;240,07;-5,858;-0,232;22,505;89,098
15,06;240,09;-5,851;-0,232;22,504;89,095
15,06;240,12;-5,843;-0,231;22,504;89,093
15,07;240,14;-5,836;-0,231;22,503;89,09
15,07;240,17;-5,828;-0,231;22,503;89,088
15,07;240,2;-5,821;-0,23;22,502;89,086
15,07;240,22;-5,814;-0,23;22,501;89,083
15,07;240,25;-5,807;-0,23;22,501;89,081
15,07;240,27;-5,8;-0,23;22,5;89,078
15,08;240,3;-5,792;-0,229;22,499;89,076
15,08;240,33;-5,784;-0,229;22,499;89,074
15,08;240,35;-5,777;-0,229;22,498;89,071
15,08;240,38;-5,77;-0,228;22,498;89,069
15,08;240,4;-5,763;-0,228;22,497;89,066
15,08;240,43;-5,756;-0,228;22,496;89,064
15,08;240,46;-5,749;-0,228;22,496;89,061
15,09;240,48;-5,741;-0,227;22,495;89,059
15,09;240,51;-5,734;-0,227;22,495;89,057
15,09;240,53;-5,726;-0,227;22,494;89,054
15,09;240,56;-5,719;-0,226;22,493;89,052
15,09;240,59;-5,712;-0,226;22,493;89,049
15,1;240,61;-5,705;-0,226;22,492;89,047
15,1;240,64;-5,697;-0,226;22,492;89,044
15,1;240,66;-5,689;-0,225;22,491;89,042
15,1;240,69;-5,681;-0,225;22,49;89,04
15,1;240,72;-5,674;-0,225;22,49;89,037
15,1;240,74;-5,666;-0,224;22,489;89,035
15,1;240,77;-5,659;-0,224;22,488;89,032
15,11;240,79;-5,652;-0,224;22,488;89,03
15,11;240,82;-5,644;-0,223;22,487;89,027
15,11;240,85;-5,637;-0,223;22,487;89,025
15,11;240,87;-5,629;-0,223;22,486;89,022
15,11;240,9;-5,621;-0,223;22,485;89,02
15,12;240,92;-5,614;-0,222;22,485;89,017
15,12;240,95;-5,605;-0,222;22,484;89,015
15,12;240,98;-5,598;-0,222;22,483;89,012
15,12;241;-5,59;-0,221;22,483;89,01
15,12;241,03;-5,582;-0,221;22,482;89,007
15,12;241,05;-5,574;-0,221;22,482;89,005
15,13;241,08;-5,567;-0,22;22,481;89,002
15,13;241,11;-5,56;-0,22;22,48;89
15,13;241,13;-5,552;-0,22;22,48;88,997
15,13;241,16;-5,544;-0,219;22,479;88,995
15,13;241,18;-5,537;-0,219;22,478;88,992
15,13;241,21;-5,528;-0,219;22,478;88,99
15,13;241,24;-5,52;-0,219;22,477;88,987
15,14;241,26;-5,513;-0,218;22,476;88,985
15,14;241,29;-5,505;-0,218;22,476;88,982
15,14;241,31;-5,497;-0,218;22,475;88,98
15,14;241,34;-5,49;-0,217;22,475;88,977
15,14;241,37;-5,482;-0,217;22,474;88,975
15,15;241,39;-5,475;-0,217;22,473;88,972
15,15;241,42;-5,467;-0,216;22,473;88,97
15,15;241,44;-5,459;-0,216;22,472;88,967
15,15;241,47;-5,451;-0,216;22,471;88,964
15,15;241,5;-5,443;-0,215;22,471;88,962
15,15;241,52;-5,435;-0,215;22,47;88,959
15,15;241,55;-5,427;-0,215;22,469;88,957
15,16;241,57;-5,42;-0,215;22,469;88,954
15,16;241,6;-5,412;-0,214;22,468;88,952
15,16;241,63;-5,404;-0,214;22,467;88,949
15,16;241,65;-5,396;-0,214;22,467;88,947
15,16;241,68;-5,389;-0,213;22,466;88,944
15,17;241,7;-5,381;-0,213;22,465;88,941
15,17;241,73;-5,373;-0,213;22,465;88,939
15,17;241,76;-5,365;-0,212;22,464;88,936
15,17;241,78;-5,357;-0,212;22,464;88,934
15,17;241,81;-5,349;-0,212;22,463;88,931
15,17;241,83;-5,341;-0,211;22,462;88,928
15,18;241,86;-5,333;-0,211;22,462;88,926
15,18;241,89;-5,325;-0,211;22,461;88,923
15,18;241,91;-5,317;-0,211;22,46;88,921
15,18;241,94;-5,31;-0,21;22,46;88,918
15,18;241,96;-5,302;-0,21;22,459;88,915
15,18;241,99;-5,294;-0,21;22,458;88,913
15,18;242,02;-5,286;-0,209;22,458;88,91
15,19;242,04;-5,278;-0,209;22,457;88,908
15,19;242,07;-5,269;-0,209;22,456;88,905
15,19;242,09;-5,262;-0,208;22,456;88,902
15,19;242,12;-5,253;-0,208;22,455;88,9
15,19;242,15;-5,245;-0,208;22,454;88,897
15,2;242,17;-5,236;-0,207;22,454;88,894
15,2;242,2;-5,228;-0,207;22,453;88,892
15,2;242,23;-5,221;-0,207;22,452;88,889
15,2;242,25;-5,213;-0,206;22,452;88,886
15,2;242,28;-5,205;-0,206;22,451;88,884
15,2;242,3;-5,196;-0,206;22,45;88,881
15,2;242,33;-5,188;-0,205;22,45;88,878
15,21;242,36;-5,179;-0,205;22,449;88,876
15,21;242,38;-5,171;-0,205;22,448;88,873
15,21;242,41;-5,163;-0,204;22,448;88,87
15,21;242,43;-5,155;-0,204;22,447;88,868
15,21;242,46;-5,147;-0,204;22,446;88,865
15,22;242,49;-5,139;-0,203;22,446;88,862
15,22;242,51;-5,131;-0,203;22,445;88,86
15,22;242,54;-5,123;-0,203;22,444;88,857
15,22;242,56;-5,114;-0,202;22,444;88,854
15,22;242,59;-5,106;-0,202;22,443;88,852
15,22;242,62;-5,097;-0,202;22,442;88,849
15,23;242,64;-5,088;-0,201;22,441;88,846
15,23;242,67;-5,079;-0,201;22,441;88,844
15,23;242,69;-5,07;-0,201;22,44;88,841
15,23;242,72;-5,062;-0,2;22,439;88,838
15,23;242,75;-5,054;-0,2;22,439;88,835
15,23;242,77;-5,045;-0,2;22,438;88,833
15,23;242,8;-5,037;-0,199;22,437;88,83
15,24;242,82;-5,028;-0,199;22,437;88,827
15,24;242,85;-5,019;-0,199;22,436;88,825
15,24;242,88;-5,011;-0,198;22,435;88,822
15,24;242,9;-5,003;-0,198;22,435;88,819
15,24;242,93;-4,995;-0,198;22,434;88,816
15,25;242,96;-4,986;-0,197;22,433;88,814
15,25;242,98;-4,978;-0,197;22,432;88,811
15,25;243,01;-4,969;-0,197;22,432;88,808
15,25;243,03;-4,96;-0,196;22,431;88,805
15,25;243,06;-4,952;-0,196;22,43;88,802
15,25;243,09;-4,943;-0,196;22,43;88,8
15,25;243,11;-4,935;-0,195;22,429;88,797
15,26;243,14;-4,926;-0,195;22,428;88,794
15,26;243,16;-4,918;-0,195;22,428;88,791
15,26;243,19;-4,909;-0,194;22,427;88,789
15,26;243,22;-4,9;-0,194;22,426;88,786
15,26;243,24;-4,891;-0,194;22,425;88,783
15,27;243,27;-4,882;-0,193;22,425;88,78
15,27;243,29;-4,873;-0,193;22,424;88,777
15,27;243,32;-4,864;-0,193;22,423;88,775
15,27;243,35;-4,855;-0,192;22,423;88,772
15,27;243,37;-4,847;-0,192;22,422;88,769
15,27;243,4;-4,838;-0,192;22,421;88,766
15,28;243,43;-4,83;-0,191;22,421;88,763
15,28;243,45;-4,821;-0,191;22,42;88,761
15,28;243,48;-4,813;-0,191;22,419;88,758
15,28;243,5;-4,804;-0,19;22,418;88,755
15,28;243,53;-4,795;-0,19;22,418;88,752
15,28;243,56;-4,786;-0,189;22,417;88,749
15,28;243,58;-4,777;-0,189;22,416;88,747
15,29;243,61;-4,769;-0,189;22,416;88,744
15,29;243,63;-4,761;-0,188;22,415;88,741
15,29;243,66;-4,752;-0,188;22,414;88,738
15,29;243,69;-4,743;-0,188;22,413;88,735
15,29;243,71;-4,734;-0,187;22,413;88,732
15,3;243,74;-4,725;-0,187;22,412;88,729
15,3;243,76;-4,716;-0,187;22,411;88,727
15,3;243,79;-4,707;-0,186;22,411;88,724
15,3;243,82;-4,699;-0,186;22,41;88,721
15,3;243,84;-4,69;-0,186;22,409;88,718
15,3;243,87;-4,681;-0,185;22,408;88,715
15,3;243,89;-4,672;-0,185;22,408;88,712
15,31;243,92;-4,664;-0,185;22,407;88,709
15,31;243,95;-4,656;-0,184;22,406;88,707
15,31;243,97;-4,647;-0,184;22,405;88,704
15,31;244;-4,638;-0,184;22,405;88,701
15,31;244,02;-4,63;-0,183;22,404;88,698
15,32;244,05;-4,621;-0,183;22,403;88,695
15,32;244,08;-4,612;-0,183;22,403;88,692
15,32;244,1;-4,604;-0,182;22,402;88,689
15,32;244,13;-4,595;-0,182;22,401;88,686
15,32;244,15;-4,586;-0,182;22,4;88,683
15,32;244,18;-4,577;-0,181;22,4;88,68
15,33;244,21;-4,568;-0,181;22,399;88,678
15,33;244,23;-4,559;-0,18;22,398;88,675
15,33;244,26;-4,549;-0,18;22,397;88,672
15,33;244,29;-4,54;-0,18;22,397;88,669
15,33;244,31;-4,531;-0,179;22,396;88,666
15,33;244,34;-4,522;-0,179;22,395;88,663
15,33;244,36;-4,513;-0,179;22,394;88,66
15,34;244,39;-4,503;-0,178;22,394;88,657
15,34;244,42;-4,494;-0,178;22,393;88,654
15,34;244,44;-4,485;-0,178;22,392;88,651
15,34;244,47;-4,477;-0,177;22,391;88,648
15,34;244,49;-4,468;-0,177;22,391;88,645
15,35;244,52;-4,459;-0,177;22,39;88,642
15,35;244,55;-4,45;-0,176;22,389;88,639
15,35;244,57;-4,441;-0,176;22,388;88,636
15,35;244,6;-4,432;-0,175;22,388;88,633
15,35;244,63;-4,423;-0,175;22,387;88,63
15,35;244,65;-4,413;-0,175;22,386;88,627
15,35;244,68;-4,404;-0,174;22,385;88,624
15,36;244,7;-4,395;-0,174;22,385;88,621
15,36;244,73;-4,385;-0,174;22,384;88,618
15,36;244,76;-4,376;-0,173;22,383;88,615
15,36;244,78;-4,367;-0,173;22,382;88,612
15,36;244,81;-4,357;-0,173;22,382;88,609
15,37;244,83;-4,348;-0,172;22,381;88,606
15,37;244,86;-4,338;-0,172;22,38;88,603
15,37;244,89;-4,328;-0,171;22,379;88,6
15,37;244,91;-4,319;-0,171;22,378;88,597
15,37;244,94;-4,309;-0,171;22,378;88,594
15,37;244,96;-4,3;-0,17;22,377;88,591
15,38;244,99;-4,29;-0,17;22,376;88,588
15,38;245,02;-4,281;-0,169;22,375;88,585
15,38;245,04;-4,271;-0,169;22,375;88,582
15,38;245,07;-4,261;-0,169;22,374;88,579
15,38;245,1;-4,251;-0,168;22,373;88,576
15,38;245,12;-4,242;-0,168;22,372;88,572
15,38;245,15;-4,232;-0,168;22,372;88,569
15,39;245,17;-4,223;-0,167;22,371;88,566
15,39;245,2;-4,213;-0,167;22,37;88,563
15,39;245,23;-4,202;-0,166;22,369;88,56
15,39;245,25;-4,192;-0,166;22,368;88,557
15,39;245,28;-4,183;-0,166;22,368;88,554
15,4;245,31;-4,173;-0,165;22,367;88,551
15,4;245,33;-4,163;-0,165;22,366;88,548
15,4;245,36;-4,153;-0,164;22,365;88,545
15,4;245,38;-4,143;-0,164;22,364;88,542
15,4;245,41;-4,133;-0,164;22,364;88,538
15,4;245,44;-4,123;-0,163;22,363;88,535
15,4;245,46;-4,113;-0,163;22,362;88,532
15,41;245,49;-4,103;-0,162;22,361;88,529
15,41;245,52;-4,092;-0,162;22,361;88,526
15,41;245,54;-4,083;-0,162;22,36;88,523
15,41;245,57;-4,073;-0,161;22,359;88,52
15,41;245,59;-4,062;-0,161;22,358;88,517
15,42;245,62;-4,052;-0,16;22,357;88,513
15,42;245,65;-4,043;-0,16;22,357;88,51
15,42;245,67;-4,033;-0,16;22,356;88,507
15,42;245,7;-4,023;-0,159;22,355;88,504
15,42;245,72;-4,013;-0,159;22,354;88,501
15,42;245,75;-4,004;-0,159;22,353;88,498
15,43;245,78;-3,993;-0,158;22,353;88,494
15,43;245,8;-3,983;-0,158;22,352;88,491
15,43;245,83;-3,973;-0,157;22,351;88,488
15,43;245,86;-3,963;-0,157;22,35;88,485
15,43;245,88;-3,954;-0,157;22,349;88,482
15,43;245,91;-3,944;-0,156;22,349;88,478
15,43;245,93;-3,934;-0,156;22,348;88,475
15,44;245,96;-3,924;-0,155;22,347;88,472
15,44;245,99;-3,914;-0,155;22,346;88,469
15,44;246,01;-3,904;-0,155;22,345;88,466
15,44;246,04;-3,895;-0,154;22,344;88,462
15,44;246,07;-3,884;-0,154;22,344;88,459
15,45;246,09;-3,875;-0,153;22,343;88,456
15,45;246,12;-3,865;-0,153;22,342;88,453
15,45;246,14;-3,854;-0,153;22,341;88,449
15,45;246,17;-3,844;-0,152;22,34;88,446
15,45;246,2;-3,835;-0,152;22,34;88,443
15,45;246,22;-3,825;-0,151;22,339;88,44
15,45;246,25;-3,815;-0,151;22,338;88,436
15,46;246,27;-3,805;-0,151;22,337;88,433
15,46;246,3;-3,794;-0,15;22,336;88,43
15,46;246,33;-3,784;-0,15;22,335;88,427
15,46;246,35;-3,774;-0,149;22,335;88,423
15,46;246,38;-3,764;-0,149;22,334;88,42
15,47;246,41;-3,754;-0,149;22,333;88,417
15,47;246,43;-3,744;-0,148;22,332;88,413
15,47;246,46;-3,734;-0,148;22,331;88,41
15,47;246,48;-3,724;-0,147;22,33;88,407
15,47;246,51;-3,714;-0,147;22,33;88,403
15,47;246,54;-3,704;-0,147;22,329;88,4
15,48;246,56;-3,694;-0,146;22,328;88,397
15,48;246,59;-3,684;-0,146;22,327;88,393
15,48;246,62;-3,674;-0,145;22,326;88,39
15,48;246,64;-3,664;-0,145;22,325;88,387
15,48;246,67;-3,653;-0,145;22,325;88,383
15,48;246,69;-3,643;-0,144;22,324;88,38
15,48;246,72;-3,633;-0,144;22,323;88,377
15,49;246,75;-3,623;-0,143;22,322;88,373
15,49;246,77;-3,613;-0,143;22,321;88,37
15,49;246,8;-3,603;-0,143;22,32;88,367
15,49;246,83;-3,593;-0,142;22,319;88,363
15,49;246,85;-3,582;-0,142;22,319;88,36
15,5;246,88;-3,573;-0,141;22,318;88,356
15,5;246,9;-3,563;-0,141;22,317;88,353
15,5;246,93;-3,552;-0,141;22,316;88,35
15,5;246,96;-3,542;-0,14;22,315;88,346
15,5;246,98;-3,532;-0,14;22,314;88,343
15,5;247,01;-3,521;-0,139;22,313;88,339
15,5;247,04;-3,51;-0,139;22,313;88,336
15,51;247,06;-3,5;-0,139;22,312;88,333
15,51;247,09;-3,489;-0,138;22,311;88,329
15,51;247,11;-3,478;-0,138;22,31;88,326
15,51;247,14;-3,468;-0,137;22,309;88,322
15,51;247,17;-3,458;-0,137;22,308;88,319
15,52;247,19;-3,447;-0,136;22,307;88,315
15,52;247,22;-3,437;-0,136;22,307;88,312
15,52;247,25;-3,426;-0,136;22,306;88,309
15,52;247,27;-3,415;-0,135;22,305;88,305
15,52;247,3;-3,405;-0,135;22,304;88,302
15,52;247,32;-3,393;-0,134;22,303;88,298
15,53;247,35;-3,382;-0,134;22,302;88,295
15,53;247,38;-3,372;-0,134;22,301;88,291
15,53;247,4;-3,361;-0,133;22,3;88,288
15,53;247,43;-3,35;-0,133;22,3;88,284
15,53;247,46;-3,339;-0,132;22,299;88,281
15,53;247,48;-3,329;-0,132;22,298;88,277
15,53;247,51;-3,318;-0,131;22,297;88,274
15,54;247,53;-3,307;-0,131;22,296;88,27
15,54;247,56;-3,296;-0,13;22,295;88,267
15,54;247,59;-3,285;-0,13;22,294;88,263
15,54;247,61;-3,274;-0,13;22,293;88,26
15,54;247,64;-3,263;-0,129;22,292;88,256
15,55;247,67;-3,252;-0,129;22,292;88,253
15,55;247,69;-3,241;-0,128;22,291;88,249
15,55;247,72;-3,23;-0,128;22,29;88,246
15,55;247,74;-3,219;-0,127;22,289;88,242
15,55;247,77;-3,208;-0,127;22,288;88,239
15,55;247,8;-3,197;-0,127;22,287;88,235
15,55;247,82;-3,186;-0,126;22,286;88,231
15,56;247,85;-3,175;-0,126;22,285;88,228
15,56;247,88;-3,164;-0,125;22,284;88,224
15,56;247,9;-3,153;-0,125;22,283;88,221
15,56;247,93;-3,142;-0,124;22,283;88,217
15,56;247,95;-3,13;-0,124;22,282;88,214
15,57;247,98;-3,119;-0,123;22,281;88,21
15,57;248,01;-3,108;-0,123;22,28;88,206
15,57;248,03;-3,097;-0,123;22,279;88,203
15,57;248,06;-3,086;-0,122;22,278;88,199
15,57;248,09;-3,075;-0,122;22,277;88,196
15,57;248,11;-3,064;-0,121;22,276;88,192
15,58;248,14;-3,052;-0,121;22,275;88,188
15,58;248,16;-3,041;-0,12;22,274;88,185
15,58;248,19;-3,029;-0,12;22,273;88,181
15,58;248,22;-3,017;-0,119;22,273;88,177
15,58;248,24;-3,006;-0,119;22,272;88,174
15,58;248,27;-2,995;-0,119;22,271;88,17
15,58;248,3;-2,983;-0,118;22,27;88,166
15,59;248,32;-2,972;-0,118;22,269;88,163
15,59;248,35;-2,96;-0,117;22,268;88,159
15,59;248,37;-2,949;-0,117;22,267;88,155
15,59;248,4;-2,938;-0,116;22,266;88,152
15,59;248,43;-2,926;-0,116;22,265;88,148
15,6;248,45;-2,915;-0,115;22,264;88,144
15,6;248,48;-2,903;-0,115;22,263;88,141
15,6;248,51;-2,891;-0,114;22,262;88,137
15,6;248,53;-2,879;-0,114;22,261;88,133
15,6;248,56;-2,868;-0,114;22,26;88,13
15,6;248,59;-2,856;-0,113;22,259;88,126
15,6;248,61;-2,844;-0,113;22,259;88,122
15,61;248,64;-2,833;-0,112;22,258;88,118
15,61;248,66;-2,822;-0,112;22,257;88,115
15,61;248,69;-2,81;-0,111;22,256;88,111
15,61;248,72;-2,798;-0,111;22,255;88,107
15,61;248,74;-2,787;-0,11;22,254;88,103
15,62;248,77;-2,775;-0,11;22,253;88,1
15,62;248,8;-2,764;-0,109;22,252;88,096
15,62;248,82;-2,752;-0,109;22,251;88,092
15,62;248,85;-2,741;-0,109;22,25;88,088
15,62;248,87;-2,729;-0,108;22,249;88,085
15,62;248,9;-2,718;-0,108;22,248;88,081
15,63;248,93;-2,706;-0,107;22,247;88,077
15,63;248,95;-2,694;-0,107;22,246;88,073
15,63;248,98;-2,682;-0,106;22,245;88,069
15,63;249,01;-2,67;-0,106;22,244;88,066
15,63;249,03;-2,658;-0,105;22,243;88,062
15,63;249,06;-2,645;-0,105;22,242;88,058
15,63;249,08;-2,634;-0,104;22,241;88,054
15,64;249,11;-2,622;-0,104;22,24;88,05
15,64;249,14;-2,611;-0,103;22,239;88,046
15,64;249,16;-2,599;-0,103;22,238;88,042
15,64;249,19;-2,587;-0,102;22,237;88,039
15,64;249,22;-2,575;-0,102;22,236;88,035
15,65;249,24;-2,562;-0,101;22,235;88,031
15,65;249,27;-2,551;-0,101;22,235;88,027
15,65;249,3;-2,54;-0,101;22,234;88,023
15,65;249,32;-2,527;-0,1;22,233;88,019
15,65;249,35;-2,514;-0,1;22,232;88,015
15,65;249,37;-2,502;-0,099;22,231;88,011
15,65;249,4;-2,49;-0,099;22,23;88,008
15,66;249,43;-2,478;-0,098;22,229;88,004
15,66;249,45;-2,466;-0,098;22,228;88
15,66;249,48;-2,454;-0,097;22,227;87,996
15,66;249,51;-2,442;-0,097;22,226;87,992
15,66;249,53;-2,43;-0,096;22,225;87,988
15,67;249,56;-2,418;-0,096;22,224;87,984
15,67;249,59;-2,406;-0,095;22,223;87,98
15,67;249,61;-2,394;-0,095;22,222;87,976
15,67;249,64;-2,381;-0,094;22,221;87,972
15,67;249,66;-2,369;-0,094;22,22;87,968
15,67;249,69;-2,357;-0,093;22,219;87,964
15,68;249,72;-2,345;-0,093;22,218;87,96
15,68;249,74;-2,333;-0,092;22,217;87,956
15,68;249,77;-2,319;-0,092;22,216;87,952
15,68;249,8;-2,307;-0,091;22,215;87,948
15,68;249,82;-2,295;-0,091;22,214;87,944
15,68;249,85;-2,283;-0,09;22,213;87,94
15,68;249,88;-2,27;-0,09;22,212;87,936
15,69;249,9;-2,258;-0,089;22,211;87,932
15,69;249,93;-2,245;-0,089;22,21;87,928
15,69;249,95;-2,233;-0,088;22,209;87,924
15,69;249,98;-2,22;-0,088;22,207;87,92
15,69;250,01;-2,208;-0,087;22,206;87,916
15,7;250,03;-2,195;-0,087;22,205;87,912
15,7;250,06;-2,183;-0,086;22,204;87,908
15,7;250,09;-2,17;-0,086;22,203;87,904
15,7;250,11;-2,157;-0,085;22,202;87,9
15,7;250,14;-2,144;-0,085;22,201;87,896
15,7;250,17;-2,131;-0,084;22,2;87,892
15,7;250,19;-2,119;-0,084;22,199;87,887
15,71;250,22;-2,106;-0,083;22,198;87,883
15,71;250,24;-2,094;-0,083;22,197;87,879
15,71;250,27;-2,081;-0,082;22,196;87,875
15,71;250,3;-2,068;-0,082;22,195;87,871
15,71;250,32;-2,055;-0,081;22,194;87,867
15,72;250,35;-2,043;-0,081;22,193;87,863
15,72;250,38;-2,03;-0,08;22,192;87,859
15,72;250,4;-2,017;-0,08;22,191;87,854
15,72;250,43;-2,004;-0,079;22,19;87,85
15,72;250,45;-1,991;-0,079;22,189;87,846
15,72;250,48;-1,978;-0,078;22,188;87,842
15,73;250,51;-1,965;-0,078;22,187;87,838
15,73;250,53;-1,952;-0,077;22,186;87,834
15,73;250,56;-1,939;-0,077;22,185;87,829
15,73;250,59;-1,926;-0,076;22,184;87,825
15,73;250,61;-1,913;-0,076;22,183;87,821
15,73;250,64;-1,9;-0,075;22,181;87,817
15,73;250,67;-1,887;-0,075;22,18;87,813
15,74;250,69;-1,874;-0,074;22,179;87,808
15,74;250,72;-1,861;-0,074;22,178;87,804
15,74;250,75;-1,847;-0,073;22,177;87,8
15,74;250,77;-1,834;-0,073;22,176;87,796
15,74;250,8;-1,821;-0,072;22,175;87,792
15,75;250,83;-1,808;-0,072;22,174;87,787
15,75;250,85;-1,794;-0,071;22,173;87,783
15,75;250,88;-1,781;-0,071;22,172;87,779
15,75;250,9;-1,768;-0,07;22,171;87,774
15,75;250,93;-1,754;-0,069;22,17;87,77
15,75;250,96;-1,741;-0,069;22,169;87,766
15,75;250,98;-1,727;-0,068;22,167;87,762
15,76;251,01;-1,715;-0,068;22,166;87,757
15,76;251,04;-1,701;-0,067;22,165;87,753
15,76;251,06;-1,688;-0,067;22,164;87,749
15,76;251,09;-1,674;-0,066;22,163;87,744
15,76;251,12;-1,661;-0,066;22,162;87,74
15,77;251,14;-1,647;-0,065;22,161;87,736
15,77;251,17;-1,633;-0,065;22,16;87,731
15,77;251,2;-1,62;-0,064;22,159;87,727
15,77;251,22;-1,607;-0,064;22,158;87,722
15,77;251,25;-1,593;-0,063;22,156;87,718
15,77;251,27;-1,579;-0,063;22,155;87,714
15,78;251,3;-1,565;-0,062;22,154;87,709
15,78;251,33;-1,552;-0,061;22,153;87,705
15,78;251,35;-1,538;-0,061;22,152;87,7
15,78;251,38;-1,523;-0,06;22,151;87,696
15,78;251,41;-1,509;-0,06;22,15;87,692
15,78;251,43;-1,496;-0,059;22,149;87,687
15,78;251,46;-1,482;-0,059;22,148;87,683
15,79;251,49;-1,467;-0,058;22,146;87,678
15,79;251,51;-1,453;-0,058;22,145;87,674
15,79;251,54;-1,439;-0,057;22,144;87,669
15,79;251,57;-1,425;-0,056;22,143;87,665
15,79;251,59;-1,412;-0,056;22,142;87,66
15,8;251,62;-1,398;-0,055;22,141;87,656
15,8;251,65;-1,384;-0,055;22,14;87,651
15,8;251,67;-1,369;-0,054;22,139;87,647
15,8;251,7;-1,355;-0,054;22,137;87,642
15,8;251,73;-1,341;-0,053;22,136;87,638
15,8;251,75;-1,327;-0,053;22,135;87,633
15,8;251,78;-1,313;-0,052;22,134;87,629
15,81;251,81;-1,298;-0,051;22,133;87,624
15,81;251,83;-1,284;-0,051;22,132;87,62
15,81;251,86;-1,27;-0,05;22,131;87,615
15,81;251,88;-1,255;-0,05;22,129;87,611
15,81;251,91;-1,241;-0,049;22,128;87,606
15,82;251,94;-1,226;-0,049;22,127;87,601
15,82;251,96;-1,212;-0,048;22,126;87,597
15,82;251,99;-1,197;-0,047;22,125;87,592
15,82;252,02;-1,182;-0,047;22,124;87,588
15,82;252,04;-1,168;-0,046;22,122;87,583
15,82;252,07;-1,153;-0,046;22,121;87,578
15,83;252,1;-1,139;-0,045;22,12;87,574
15,83;252,12;-1,125;-0,045;22,119;87,569
15,83;252,15;-1,11;-0,044;22,118;87,564
15,83;252,18;-1,096;-0,043;22,116;87,56
15,83;252,2;-1,081;-0,043;22,115;87,555
15,83;252,23;-1,066;-0,042;22,114;87,55
15,83;252,26;-1,052;-0,042;22,113;87,546
15,84;252,28;-1,038;-0,041;22,112;87,541
15,84;252,31;-1,023;-0,041;22,111;87,536
15,84;252,34;-1,009;-0,04;22,109;87,532
15,84;252,36;-0,994;-0,039;22,108;87,527
15,84;252,39;-0,979;-0,039;22,107;87,522
15,85;252,42;-0,965;-0,038;22,106;87,517
15,85;252,44;-0,95;-0,038;22,105;87,513
15,85;252,47;-0,935;-0,037;22,103;87,508
15,85;252,5;-0,921;-0,036;22,102;87,503
15,85;252,52;-0,906;-0,036;22,101;87,498
15,85;252,55;-0,891;-0,035;22,1;87,494
15,85;252,58;-0,876;-0,035;22,099;87,489
15,86;252,6;-0,862;-0,034;22,097;87,484
15,86;252,63;-0,847;-0,034;22,096;87,479
15,86;252,66;-0,832;-0,033;22,095;87,474
15,86;252,68;-0,817;-0,032;22,094;87,47
15,86;252,71;-0,802;-0,032;22,093;87,465
15,87;252,74;-0,787;-0,031;22,091;87,46
15,87;252,76;-0,773;-0,031;22,09;87,455
15,87;252,79;-0,758;-0,03;22,089;87,45
15,87;252,81;-0,744;-0,029;22,088;87,445
15,87;252,84;-0,729;-0,029;22,086;87,441
15,87;252,87;-0,713;-0,028;22,085;87,436
15,88;252,89;-0,698;-0,028;22,084;87,431
15,88;252,92;-0,683;-0,027;22,083;87,426
15,88;252,95;-0,667;-0,026;22,081;87,421
15,88;252,97;-0,652;-0,026;22,08;87,416
15,88;253;-0,637;-0,025;22,079;87,411
15,88;253,03;-0,622;-0,025;22,078;87,406
15,88;253,05;-0,606;-0,024;22,076;87,401
15,89;253,08;-0,591;-0,023;22,075;87,396
15,89;253,11;-0,576;-0,023;22,074;87,391
15,89;253,13;-0,561;-0,022;22,073;87,386
15,89;253,16;-0,545;-0,022;22,071;87,381
15,89;253,19;-0,53;-0,021;22,07;87,376
15,9;253,21;-0,514;-0,02;22,069;87,371
15,9;253,24;-0,499;-0,02;22,068;87,366
15,9;253,27;-0,483;-0,019;22,066;87,361
15,9;253,29;-0,468;-0,019;22,065;87,356
15,9;253,32;-0,453;-0,018;22,064;87,351
15,9;253,35;-0,437;-0,017;22,063;87,346
15,9;253,37;-0,421;-0,017;22,061;87,341
15,91;253,4;-0,405;-0,016;22,06;87,336
15,91;253,43;-0,39;-0,015;22,059;87,331
15,91;253,45;-0,373;-0,015;22,057;87,326
15,91;253,48;-0,358;-0,014;22,056;87,321
15,91;253,51;-0,342;-0,014;22,055;87,316
15,92;253,53;-0,326;-0,013;22,054;87,311
15,92;253,56;-0,31;-0,012;22,052;87,306
15,92;253,59;-0,293;-0,012;22,051;87,301
15,92;253,61;-0,277;-0,011;22,05;87,295
15,92;253,64;-0,26;-0,01;22,048;87,29
15,92;253,67;-0,243;-0,01;22,047;87,285
15,93;253,69;-0,227;-0,009;22,046;87,28
15,93;253,72;-0,211;-0,008;22,045;87,275
15,93;253,75;-0,194;-0,008;22,043;87,27
15,93;253,77;-0,179;-0,007;22,042;87,264
15,93;253,8;-0,163;-0,006;22,041;87,259
15,93;253,83;-0,147;-0,006;22,039;87,254
15,93;253,85;-0,13;-0,005;22,038;87,249
15,94;253,88;-0,114;-0,004;22,037;87,244
15,94;253,91;-0,098;-0,004;22,035;87,238
15,94;253,93;-0,081;-0,003;22,034;87,233
15,94;253,96;-0,064;-0,003;22,033;87,228
15,94;253,99;-0,048;-0,002;22,031;87,223
15,95;254,01;-0,032;-0,001;22,03;87,217
15,95;254,04;-0,016;-0,001;22,029;87,212
15,95;254,07;0,001;0;22,027;87,207
15,95;254,09;0,018;0,001;22,026;87,201
15,95;254,12;0,034;0,001;22,025;87,196
15,95;254,15;0,051;0,002;22,023;87,191
15,95;254,17;0,067;0,003;22,022;87,185
15,96;254,2;0,083;0,003;22,021;87,18
15,96;254,23;0,1;0,004;22,019;87,174
15,96;254,25;0,117;0,005;22,018;87,169
15,96;254,28;0,133;0,005;22,016;87,164
15,96;254,31;0,15;0,006;22,015;87,158
15,97;254,33;0,166;0,007;22,014;87,153
15,97;254,36;0,183;0,007;22,012;87,147
15,97;254,39;0,2;0,008;22,011;87,142
15,97;254,41;0,217;0,009;22,01;87,137
15,97;254,44;0,234;0,009;22,008;87,131
15,97;254,47;0,251;0,01;22,007;87,126
15,98;254,5;0,268;0,011;22,005;87,12
15,98;254,52;0,285;0,011;22,004;87,115
15,98;254,55;0,301;0,012;22,003;87,109
15,98;254,58;0,318;0,013;22,001;87,104
15,98;254,6;0,335;0,013;22;87,098
15,98;254,63;0,353;0,014;21,998;87,093
15,98;254,66;0,37;0,015;21,997;87,087
15,99;254,68;0,387;0,015;21,996;87,081
15,99;254,71;0,404;0,016;21,994;87,076
15,99;254,74;0,421;0,017;21,993;87,07
15,99;254,76;0,438;0,017;21,991;87,065
15,99;254,79;0,456;0,018;21,99;87,059
16;254,82;0,473;0,019;21,989;87,053
16;254,84;0,49;0,019;21,987;87,048
16;254,87;0,507;0,02;21,986;87,042
16;254,9;0,525;0,021;21,984;87,037
16;254,92;0,541;0,021;21,983;87,031
16;254,95;0,559;0,022;21,981;87,025
16;254,98;0,576;0,023;21,98;87,02
16,01;255;0,593;0,023;21,979;87,014
16,01;255,03;0,611;0,024;21,977;87,008
16,01;255,06;0,629;0,025;21,976;87,002
16,01;255,08;0,646;0,026;21,974;86,997
16,01;255,11;0,664;0,026;21,973;86,991
16,02;255,14;0,683;0,027;21,971;86,985
16,02;255,16;0,701;0,028;21,97;86,979
16,02;255,19;0,718;0,028;21,968;86,974
16,02;255,22;0,736;0,029;21,967;86,968
16,02;255,24;0,755;0,03;21,965;86,962
16,02;255,27;0,772;0,031;21,964;86,956
16,03;255,3;0,79;0,031;21,963;86,95
16,03;255,33;0,808;0,032;21,961;86,944
16,03;255,35;0,826;0,033;21,96;86,939
16,03;255,38;0,844;0,033;21,958;86,933
16,03;255,41;0,863;0,034;21,957;86,927
16,03;255,43;0,881;0,035;21,955;86,921
16,03;255,46;0,9;0,036;21,954;86,915
16,04;255,49;0,918;0,036;21,952;86,909
16,04;255,51;0,936;0,037;21,951;86,903
16,04;255,54;0,955;0,038;21,949;86,897
16,04;255,57;0,973;0,039;21,948;86,891
16,04;255,59;0,992;0,039;21,946;86,885
16,05;255,62;1,01;0,04;21,945;86,879
16,05;255,65;1,028;0,041;21,943;86,873
16,05;255,67;1,047;0,041;21,942;86,867
16,05;255,7;1,065;0,042;21,94;86,861
16,05;255,73;1,084;0,043;21,939;86,855
16,05;255,75;1,102;0,044;21,937;86,849
16,05;255,78;1,121;0,044;21,935;86,843
16,06;255,81;1,139;0,045;21,934;86,837
16,06;255,84;1,158;0,046;21,932;86,831
16,06;255,86;1,177;0,047;21,931;86,825
16,06;255,89;1,196;0,047;21,929;86,819
16,06;255,92;1,215;0,048;21,928;86,813
16,07;255,94;1,234;0,049;21,926;86,806
16,07;255,97;1,253;0,05;21,925;86,8
16,07;256;1,271;0,05;21,923;86,794
16,07;256,02;1,29;0,051;21,922;86,788
16,07;256,05;1,31;0,052;21,92;86,782
16,07;256,08;1,329;0,053;21,918;86,776
16,08;256,1;1,348;0,053;21,917;86,769
16,08;256,13;1,367;0,054;21,915;86,763
16,08;256,16;1,386;0,055;21,914;86,757
16,08;256,19;1,406;0,056;21,912;86,751
16,08;256,21;1,425;0,056;21,911;86,744
16,08;256,24;1,444;0,057;21,909;86,738
16,08;256,27;1,464;0,058;21,907;86,732
16,09;256,29;1,484;0,059;21,906;86,725
16,09;256,32;1,503;0,06;21,904;86,719
16,09;256,35;1,523;0,06;21,903;86,713
16,09;256,37;1,542;0,061;21,901;86,706
16,09;256,4;1,562;0,062;21,899;86,7
16,1;256,43;1,583;0,063;21,898;86,694
16,1;256,45;1,602;0,063;21,896;86,687
16,1;256,48;1,621;0,064;21,894;86,681
16,1;256,51;1,641;0,065;21,893;86,674
16,1;256,54;1,661;0,066;21,891;86,668
16,1;256,56;1,682;0,067;21,89;86,662
16,1;256,59;1,702;0,067;21,888;86,655
16,11;256,62;1,722;0,068;21,886;86,649
16,11;256,64;1,742;0,069;21,885;86,642
16,11;256,67;1,762;0,07;21,883;86,636
16,11;256,7;1,783;0,071;21,881;86,629
16,11;256,72;1,803;0,071;21,88;86,622
16,12;256,75;1,823;0,072;21,878;86,616
16,12;256,78;1,844;0,073;21,876;86,609
16,12;256,81;1,865;0,074;21,875;86,603
16,12;256,83;1,885;0,075;21,873;86,596
16,12;256,86;1,906;0,075;21,871;86,59
16,12;256,89;1,926;0,076;21,87;86,583
16,13;256,91;1,947;0,077;21,868;86,576
16,13;256,94;1,968;0,078;21,866;86,57
16,13;256,97;1,99;0,079;21,865;86,563
16,13;256,99;2,011;0,08;21,863;86,556
16,13;257,02;2,031;0,08;21,861;86,55
16,13;257,05;2,052;0,081;21,86;86,543
16,13;257,08;2,073;0,082;21,858;86,536
16,14;257,1;2,094;0,083;21,856;86,529
16,14;257,13;2,115;0,084;21,854;86,522
16,14;257,16;2,137;0,085;21,853;86,516
16,14;257,18;2,158;0,085;21,851;86,509
16,14;257,21;2,18;0,086;21,849;86,502
16,15;257,24;2,2;0,087;21,848;86,495
16,15;257,27;2,222;0,088;21,846;86,488
16,15;257,29;2,243;0,089;21,844;86,482
16,15;257,32;2,265;0,09;21,842;86,475
16,15;257,35;2,287;0,091;21,841;86,468
16,15;257,37;2,309;0,091;21,839;86,461
16,15;257,4;2,33;0,092;21,837;86,454
16,16;257,43;2,352;0,093;21,835;86,447
16,16;257,46;2,373;0,094;21,834;86,44
16,16;257,48;2,395;0,095;21,832;86,433
16,16;257,51;2,417;0,096;21,83;86,426
16,16;257,54;2,439;0,097;21,828;86,419
16,17;257,56;2,461;0,097;21,827;86,412
16,17;257,59;2,483;0,098;21,825;86,405
16,17;257,62;2,505;0,099;21,823;86,398
16,17;257,65;2,528;0,1;21,821;86,391
16,17;257,67;2,55;0,101;21,819;86,384
16,17;257,7;2,573;0,102;21,818;86,377
16,18;257,73;2,594;0,103;21,816;86,369
16,18;257,75;2,616;0,104;21,814;86,362
16,18;257,78;2,639;0,104;21,812;86,355
16,18;257,81;2,661;0,105;21,81;86,348
16,18;257,84;2,684;0,106;21,809;86,341
16,18;257,86;2,706;0,107;21,807;86,333
16,18;257,89;2,728;0,108;21,805;86,326
16,19;257,92;2,75;0,109;21,803;86,319
16,19;257,95;2,773;0,11;21,801;86,312
16,19;257,97;2,795;0,111;21,799;86,304
16,19;258;2,818;0,112;21,798;86,297
16,19;258,03;2,841;0,112;21,796;86,29
16,2;258,05;2,863;0,113;21,794;86,282
16,2;258,08;2,886;0,114;21,792;86,275
16,2;258,11;2,91;0,115;21,79;86,268
16,2;258,14;2,933;0,116;21,788;86,26
16,2;258,16;2,956;0,117;21,786;86,253
16,2;258,19;2,979;0,118;21,785;86,245
16,2;258,22;3,002;0,119;21,783;86,238
16,21;258,25;3,025;0,12;21,781;86,231
16,21;258,27;3,048;0,121;21,779;86,223
16,21;258,3;3,071;0,122;21,777;86,216
16,21;258,33;3,094;0,122;21,775;86,208
16,21;258,35;3,118;0,123;21,773;86,2
16,22;258,38;3,142;0,124;21,771;86,193
16,22;258,41;3,165;0,125;21,769;86,185
16,22;258,44;3,189;0,126;21,767;86,178
16,22;258,46;3,212;0,127;21,765;86,17
16,22;258,49;3,235;0,128;21,764;86,162
16,22;258,52;3,259;0,129;21,762;86,155
16,23;258,55;3,283;0,13;21,76;86,147
16,23;258,57;3,306;0,131;21,758;86,139
16,23;258,6;3,33;0,132;21,756;86,132
16,23;258,63;3,354;0,133;21,754;86,124
16,23;258,66;3,378;0,134;21,752;86,116
16,23;258,68;3,402;0,135;21,75;86,108
16,23;258,71;3,425;0,136;21,748;86,1
16,24;258,74;3,45;0,137;21,746;86,093
16,24;258,76;3,474;0,138;21,744;86,085
16,24;258,79;3,498;0,138;21,742;86,077
16,24;258,82;3,523;0,139;21,74;86,069
16,24;258,85;3,547;0,14;21,738;86,061
16,25;258,87;3,572;0,141;21,736;86,053
16,25;258,9;3,596;0,142;21,734;86,045
16,25;258,93;3,621;0,143;21,732;86,037
16,25;258,96;3,645;0,144;21,73;86,029
16,25;258,98;3,67;0,145;21,728;86,021
16,25;259,01;3,694;0,146;21,726;86,013
16,25;259,04;3,719;0,147;21,724;86,005
16,26;259,07;3,743;0,148;21,722;85,997
16,26;259,09;3,768;0,149;21,72;85,989
16,26;259,12;3,793;0,15;21,718;85,981
16,26;259,15;3,818;0,151;21,716;85,973
16,26;259,18;3,843;0,152;21,714;85,965
16,27;259,2;3,867;0,153;21,712;85,956
16,27;259,23;3,893;0,154;21,709;85,948
16,27;259,26;3,918;0,155;21,707;85,94
16,27;259,28;3,944;0,156;21,705;85,932
16,27;259,31;3,969;0,157;21,703;85,923
16,27;259,34;3,994;0,158;21,701;85,915
16,28;259,37;4,019;0,159;21,699;85,907
16,28;259,39;4,045;0,16;21,697;85,898
16,28;259,42;4,071;0,161;21,695;85,89
16,28;259,45;4,096;0,162;21,693;85,882
16,28;259,48;4,122;0,163;21,69;85,873
16,28;259,5;4,149;0,164;21,688;85,865
16,28;259,53;4,174;0,165;21,686;85,856
16,29;259,56;4,2;0,166;21,684;85,848
16,29;259,59;4,226;0,167;21,682;85,839
16,29;259,61;4,252;0,168;21,68;85,831
16,29;259,64;4,279;0,169;21,678;85,822
16,29;259,67;4,305;0,17;21,675;85,814
16,3;259,7;4,331;0,171;21,673;85,805
16,3;259,72;4,357;0,173;21,671;85,796
16,3;259,75;4,384;0,174;21,669;85,788
16,3;259,78;4,411;0,175;21,667;85,779
16,3;259,81;4,437;0,176;21,665;85,77
16,3;259,84;4,465;0,177;21,662;85,762
16,3;259,86;4,492;0,178;21,66;85,753
16,31;259,89;4,519;0,179;21,658;85,744
16,31;259,92;4,546;0,18;21,656;85,735
16,31;259,95;4,573;0,181;21,653;85,726
16,31;259,97;4,6;0,182;21,651;85,718
16,31;260;4,627;0,183;21,649;85,709
16,32;260,03;4,654;0,184;21,647;85,7
16,32;260,06;4,681;0,185;21,644;85,691
16,32;260,08;4,709;0,186;21,642;85,682
16,32;260,11;4,736;0,187;21,64;85,673
16,32;260,14;4,763;0,189;21,638;85,664
16,32;260,17;4,79;0,19;21,635;85,655
16,33;260,19;4,818;0,191;21,633;85,646
16,33;260,22;4,846;0,192;21,631;85,637
16,33;260,25;4,873;0,193;21,628;85,628
16,33;260,28;4,9;0,194;21,626;85,619
16,33;260,3;4,928;0,195;21,624;85,609
16,33;260,33;4,956;0,196;21,622;85,6
16,33;260,36;4,984;0,197;21,619;85,591
16,34;260,39;5,012;0,198;21,617;85,582
16,34;260,42;5,04;0,2;21,615;85,572
16,34;260,44;5,068;0,201;21,612;85,563
16,34;260,47;5,096;0,202;21,61;85,554
16,34;260,5;5,124;0,203;21,607;85,545
16,35;260,53;5,152;0,204;21,605;85,535
16,35;260,55;5,181;0,205;21,603;85,526
16,35;260,58;5,209;0,206;21,6;85,516
16,35;260,61;5,238;0,207;21,598;85,507
16,35;260,64;5,266;0,208;21,596;85,497
16,35;260,67;5,295;0,21;21,593;85,488
16,35;260,69;5,323;0,211;21,591;85,478
16,36;260,72;5,352;0,212;21,588;85,469
16,36;260,75;5,381;0,213;21,586;85,459
16,36;260,78;5,41;0,214;21,584;85,45
16,36;260,8;5,438;0,215;21,581;85,44
16,36;260,83;5,466;0,216;21,579;85,43
16,37;260,86;5,493;0,217;21,576;85,421
16,37;260,89;5,521;0,219;21,574;85,411
16,37;260,92;5,549;0,22;21,571;85,401
16,37;260,94;5,577;0,221;21,569;85,391
16,37;260,97;5,604;0,222;21,566;85,382
16,37;261;5,633;0,223;21,564;85,372
16,38;261,03;5,66;0,224;21,561;85,362
16,38;261,05;5,688;0,225;21,559;85,352
16,38;261,08;5,716;0,226;21,556;85,342
16,38;261,11;5,743;0,227;21,554;85,332
16,38;261,14;5,771;0,228;21,551;85,322
16,38;261,16;5,799;0,23;21,549;85,312
16,38;261,19;5,826;0,231;21,546;85,302
16,39;261,22;5,853;0,232;21,544;85,292
16,39;261,25;5,881;0,233;21,541;85,281
16,39;261,28;5,908;0,234;21,538;85,271
16,39;261,3;5,936;0,235;21,536;85,261
16,39;261,33;5,964;0,236;21,533;85,251
16,4;261,36;5,991;0,237;21,531;85,241
16,4;261,39;6,019;0,238;21,528;85,23
16,4;261,41;6,047;0,239;21,525;85,22
16,4;261,44;6,075;0,241;21,523;85,21
16,4;261,47;6,103;0,242;21,52;85,199
16,4;261,5;6,131;0,243;21,518;85,189
16,4;261,53;6,159;0,244;21,515;85,178
16,41;261,55;6,187;0,245;21,512;85,168
16,41;261,58;6,215;0,246;21,51;85,157
16,41;261,61;6,243;0,247;21,507;85,147
16,41;261,64;6,271;0,248;21,504;85,136
16,41;261,66;6,3;0,249;21,502;85,125
16,42;261,69;6,328;0,251;21,499;85,115
16,42;261,72;6,357;0,252;21,496;85,104
16,42;261,75;6,385;0,253;21,493;85,093
16,42;261,78;6,414;0,254;21,491;85,083
16,42;261,8;6,442;0,255;21,488;85,072
16,42;261,83;6,471;0,256;21,485;85,061
16,43;261,86;6,499;0,257;21,483;85,05
16,43;261,89;6,528;0,258;21,48;85,039
16,43;261,92;6,557;0,26;21,477;85,028
16,43;261,94;6,586;0,261;21,474;85,017
16,43;261,97;6,615;0,262;21,471;85,006
16,43;262;6,644;0,263;21,469;84,995
16,43;262,03;6,673;0,264;21,466;84,984
16,44;262,05;6,702;0,265;21,463;84,973
16,44;262,08;6,731;0,266;21,46;84,961
16,44;262,11;6,76;0,268;21,457;84,95
16,44;262,14;6,79;0,269;21,455;84,939
16,44;262,17;6,819;0,27;21,452;84,928
16,45;262,19;6,849;0,271;21,449;84,916
16,45;262,22;6,879;0,272;21,446;84,905
16,45;262,25;6,91;0,274;21,443;84,893
16,45;262,28;6,939;0,275;21,44;84,882
16,45;262,31;6,97;0,276;21,437;84,87
16,45;262,33;7,001;0,277;21,434;84,859
16,45;262,36;7,032;0,278;21,431;84,847
16,46;262,39;7,063;0,28;21,428;84,836
16,46;262,42;7,094;0,281;21,425;84,824
16,46;262,45;7,125;0,282;21,422;84,812
16,46;262,47;7,157;0,283;21,42;84,8
16,46;262,5;7,189;0,285;21,417;84,789
16,47;262,53;7,222;0,286;21,414;84,777
16,47;262,56;7,254;0,287;21,411;84,765
16,47;262,59;7,286;0,288;21,408;84,753
16,47;262,62;7,319;0,29;21,404;84,741
16,47;262,64;7,351;0,291;21,401;84,729
16,47;262,67;7,383;0,292;21,398;84,717
16,48;262,7;7,415;0,294;21,395;84,705
16,48;262,73;7,447;0,295;21,392;84,693
16,48;262,76;7,481;0,296;21,389;84,68
16,48;262,79;7,514;0,297;21,386;84,668
16,48;262,81;7,547;0,299;21,383;84,656
16,48;262,84;7,58;0,3;21,38;84,643
16,48;262,87;7,613;0,301;21,377;84,631
16,49;262,9;7,647;0,303;21,374;84,619
16,49;262,93;7,681;0,304;21,37;84,606
16,49;262,96;7,715;0,305;21,367;84,593
16,49;262,98;7,749;0,307;21,364;84,581
16,49;263,01;7,782;0,308;21,361;84,568
16,5;263,04;7,817;0,309;21,358;84,556
16,5;263,07;7,85;0,311;21,354;84,543
16,5;263,1;7,885;0,312;21,351;84,53
16,5;263,13;7,919;0,314;21,348;84,517
16,5;263,15;7,953;0,315;21,345;84,504
16,5;263,18;7,988;0,316;21,341;84,491
16,5;263,21;8,023;0,318;21,338;84,478
16,51;263,24;8,057;0,319;21,335;84,465
16,51;263,27;8,092;0,32;21,332;84,452
16,51;263,3;8,128;0,322;21,328;84,439
16,51;263,32;8,163;0,323;21,325;84,426
16,51;263,35;8,199;0,325;21,322;84,413
16,52;263,38;8,235;0,326;21,318;84,399
16,52;263,41;8,27;0,327;21,315;84,386
16,52;263,44;8,306;0,329;21,311;84,373
16,52;263,47;8,342;0,33;21,308;84,359
16,52;263,5;8,378;0,332;21,305;84,346
16,52;263,52;8,414;0,333;21,301;84,332
16,53;263,55;8,45;0,335;21,298;84,318
16,53;263,58;8,487;0,336;21,294;84,305
16,53;263,61;8,523;0,337;21,291;84,291
16,53;263,64;8,56;0,339;21,287;84,277
16,53;263,67;8,596;0,34;21,284;84,263
16,53;263,7;8,634;0,342;21,28;84,249
16,53;263,73;8,671;0,343;21,277;84,235
16,54;263,75;8,708;0,345;21,273;84,221
16,54;263,78;8,744;0,346;21,27;84,207
16,54;263,81;8,782;0,348;21,266;84,193
16,54;263,84;8,82;0,349;21,263;84,179
16,54;263,87;8,857;0,351;21,259;84,165
16,55;263,9;8,896;0,352;21,255;84,15
16,55;263,93;8,933;0,354;21,252;84,136
16,55;263,96;8,97;0,355;21,248;84,121
16,55;263,98;9,009;0,357;21,244;84,107
16,55;264,01;9,047;0,358;21,241;84,092
16,55;264,04;9,085;0,36;21,237;84,078
16,55;264,07;9,123;0,361;21,233;84,063
16,56;264,1;9,162;0,363;21,229;84,048
16,56;264,13;9,201;0,364;21,226;84,033
16,56;264,16;9,241;0,366;21,222;84,018
16,56;264,19;9,28;0,367;21,218;84,003
16,56;264,22;9,319;0,369;21,214;83,988
16,57;264,24;9,359;0,371;21,211;83,973
16,57;264,27;9,398;0,372;21,207;83,958
16,57;264,3;9,438;0,374;21,203;83,943
16,57;264,33;9,478;0,375;21,199;83,928
16,57;264,36;9,517;0,377;21,195;83,912
16,57;264,39;9,557;0,378;21,191;83,897
16,58;264,42;9,597;0,38;21,187;83,881
16,58;264,45;9,637;0,382;21,183;83,866
16,58;264,48;9,678;0,383;21,179;83,85
16,58;264,51;9,718;0,385;21,175;83,834
16,58;264,53;9,759;0,386;21,171;83,818
16,58;264,56;9,8;0,388;21,167;83,803
16,58;264,59;9,841;0,39;21,163;83,787
16,59;264,62;9,882;0,391;21,159;83,771
16,59;264,65;9,923;0,393;21,155;83,755
16,59;264,68;9,964;0,394;21,151;83,738
16,59;264,71;10,005;0,396;21,147;83,722
16,59;264,74;10,047;0,398;21,143;83,706
16,6;264,77;10,088;0,399;21,139;83,689
16,6;264,8;10,13;0,401;21,135;83,673
16,6;264,83;10,172;0,403;21,131;83,656
16,6;264,86;10,214;0,404;21,126;83,64
16,6;264,88;10,256;0,406;21,122;83,623
16,6;264,91;10,298;0,408;21,118;83,606
16,6;264,94;10,341;0,409;21,114;83,589
16,61;264,97;10,384;0,411;21,109;83,572
16,61;265;10,428;0,413;21,105;83,555
16,61;265,03;10,471;0,415;21,101;83,538
16,61;265,06;10,514;0,416;21,096;83,521
16,61;265,09;10,558;0,418;21,092;83,504
16,62;265,12;10,601;0,42;21,088;83,486
16,62;265,15;10,646;0,421;21,083;83,469
16,62;265,18;10,689;0,423;21,079;83,451
16,62;265,21;10,733;0,425;21,074;83,433
16,62;265,24;10,778;0,427;21,07;83,416
16,62;265,27;10,823;0,428;21,065;83,398
16,63;265,3;10,868;0,43;21,061;83,38
16,63;265,33;10,912;0,432;21,056;83,362
16,63;265,36;10,957;0,434;21,052;83,344
16,63;265,39;11,002;0,436;21,047;83,326
16,63;265,42;11,048;0,437;21,042;83,307
16,63;265,45;11,093;0,439;21,038;83,289
16,63;265,47;11,139;0,441;21,033;83,27
16,64;265,5;11,185;0,443;21,028;83,252
16,64;265,53;11,231;0,445;21,024;83,233
16,64;265,56;11,277;0,446;21,019;83,214
16,64;265,59;11,324;0,448;21,014;83,195
16,64;265,62;11,371;0,45;21,009;83,176
16,65;265,65;11,418;0,452;21,004;83,157
16,65;265,68;11,464;0,454;21;83,138
16,65;265,71;11,512;0,456;20,995;83,119
16,65;265,74;11,559;0,458;20,99;83,099
16,65;265,77;11,606;0,459;20,985;83,08
16,65;265,8;11,653;0,461;20,98;83,06
16,65;265,83;11,702;0,463;20,975;83,041
16,66;265,86;11,749;0,465;20,97;83,021
16,66;265,89;11,797;0,467;20,965;83,001
16,66;265,92;11,846;0,469;20,96;82,981
16,66;265,95;11,894;0,471;20,955;82,961
16,66;265,98;11,943;0,473;20,95;82,94
16,67;266,01;11,992;0,475;20,945;82,92
16,67;266,04;12,041;0,477;20,939;82,899
16,67;266,07;12,09;0,479;20,934;82,879
16,67;266,1;12,138;0,481;20,929;82,858
16,67;266,13;12,188;0,483;20,924;82,837
16,67;266,16;12,238;0,484;20,918;82,816
16,68;266,19;12,287;0,486;20,913;82,795
16,68;266,22;12,337;0,488;20,908;82,774
16,68;266,26;12,388;0,49;20,902;82,752
16,68;266,29;12,438;0,492;20,897;82,731
16,68;266,32;12,488;0,494;20,891;82,709
16,68;266,35;12,539;0,496;20,886;82,688
16,68;266,38;12,59;0,498;20,88;82,666
16,69;266,41;12,641;0,5;20,875;82,644
16,69;266,44;12,693;0,503;20,869;82,622
16,69;266,47;12,743;0,505;20,864;82,599
16,69;266,5;12,795;0,507;20,858;82,577
16,69;266,53;12,846;0,509;20,852;82,555
16,7;266,56;12,897;0,511;20,847;82,532
16,7;266,59;12,95;0,513;20,841;82,509
16,7;266,62;13,002;0,515;20,835;82,486
16,7;266,65;13,054;0,517;20,829;82,463
16,7;266,68;13,106;0,519;20,823;82,44
16,7;266,71;13,159;0,521;20,817;82,416
16,7;266,74;13,211;0,523;20,811;82,393
16,71;266,77;13,264;0,525;20,805;82,369
16,71;266,8;13,317;0,527;20,799;82,345
16,71;266,83;13,371;0,529;20,793;82,321
16,71;266,87;13,424;0,531;20,787;82,297
16,71;266,9;13,478;0,534;20,781;82,273
16,72;266,93;13,532;0,536;20,775;82,249
16,72;266,96;13,585;0,538;20,769;82,224
16,72;266,99;13,639;0,54;20,762;82,199
16,72;267,02;13,693;0,542;20,756;82,174
16,72;267,05;13,747;0,544;20,75;82,149
16,72;267,08;13,802;0,546;20,743;82,124
16,73;267,11;13,857;0,549;20,737;82,099
16,73;267,14;13,912;0,551;20,731;82,073
16,73;267,17;13,966;0,553;20,724;82,047
16,73;267,21;14,021;0,555;20,718;82,021
16,73;267,24;14,075;0,557;20,711;81,995
16,73;267,27;14,13;0,559;20,704;81,969
16,73;267,3;14,185;0,562;20,698;81,942
16,74;267,33;14,241;0,564;20,691;81,916
16,74;267,36;14,296;0,566;20,684;81,889
16,74;267,39;14,352;0,568;20,677;81,862
16,74;267,42;14,407;0,57;20,67;81,835
16,74;267,46;14,463;0,573;20,664;81,807
16,75;267,49;14,518;0,575;20,657;81,78
16,75;267,52;14,573;0,577;20,65;81,752
16,75;267,55;14,628;0,579;20,642;81,724
16,75;267,58;14,683;0,581;20,635;81,696
16,75;267,61;14,737;0,583;20,628;81,668
16,75;267,64;14,792;0,586;20,621;81,639
16,75;267,68;14,847;0,588;20,614;81,61
16,76;267,71;14,902;0,59;20,606;81,581
16,76;267,74;14,957;0,592;20,599;81,552
16,76;267,77;15,01;0,594;20,592;81,523
16,76;267,8;15,064;0,596;20,584;81,493
16,76;267,83;15,118;0,599;20,577;81,463
16,77;267,86;15,172;0,601;20,569;81,433
16,77;267,9;15,224;0,603;20,561;81,403
16,77;267,93;15,276;0,605;20,554;81,372
16,77;267,96;15,328;0,607;20,546;81,342
16,77;267,99;15,379;0,609;20,538;81,311
16,77;268,02;15,43;0,611;20,53;81,279
16,78;268,05;15,481;0,613;20,522;81,248
16,78;268,09;15,53;0,615;20,514;81,216
16,78;268,12;15,58;0,617;20,506;81,184
16,78;268,15;15,629;0,619;20,498;81,152
16,78;268,18;15,678;0,621;20,49;81,12
16,78;268,21;15,726;0,623;20,482;81,087
16,78;268,24;15,775;0,625;20,473;81,054
16,79;268,27;15,822;0,626;20,465;81,021
16,79;268,31;15,869;0,628;20,456;80,987
16,79;268,34;15,915;0,63;20,448;80,954
16,79;268,37;15,96;0,632;20,439;80,92
16,79;268,4;16,005;0,634;20,431;80,885
16,8;268,43;16,05;0,635;20,422;80,851
16,8;268,46;16,094;0,637;20,413;80,816
16,8;268,5;16,138;0,639;20,404;80,781
16,8;268,53;16,181;0,641;20,395;80,746
16,8;268,56;16,224;0,642;20,386;80,71
16,8;268,59;16,266;0,644;20,377;80,674
16,8;268,62;16,308;0,646;20,368;80,638
16,81;268,65;16,35;0,647;20,359;80,601
16,81;268,68;16,392;0,649;20,35;80,564
16,81;268,72;16,435;0,651;20,34;80,527
16,81;268,75;16,488;0,653;20,331;80,489
16,81;268,78;16,546;0,655;20,321;80,452
16,82;268,81;16,61;0,658;20,311;80,414
16,82;268,84;16,676;0,66;20,302;80,375
16,82;268,87;16,745;0,663;20,292;80,336
16,82;268,91;16,815;0,666;20,282;80,297
16,82;268,94;16,887;0,669;20,272;80,258
16,82;268,97;16,96;0,671;20,262;80,218
16,83;269;17,035;0,674;20,252;80,178
16,83;269,03;17,11;0,677;20,242;80,137
16,83;269,06;17,187;0,68;20,231;80,096
16,83;269,1;17,265;0,684;20,221;80,055
16,83;269,13;17,344;0,687;20,21;80,013
16,83;269,16;17,424;0,69;20,2;79,972
16,83;269,19;17,506;0,693;20,189;79,929
16,84;269,22;17,59;0,696;20,178;79,886
16,84;269,25;17,674;0,7;20,167;79,843
16,84;269,29;17,76;0,703;20,156;79,8
16,84;269,32;17,847;0,707;20,145;79,756
16,84;269,35;17,936;0,71;20,134;79,712
16,85;269,38;18,026;0,714;20,123;79,667
16,85;269,41;18,119;0,717;20,112;79,622
16,85;269,45;18,214;0,721;20,1;79,576
16,85;269,48;18,31;0,725;20,088;79,531
16,85;269,51;18,41;0,729;20,077;79,484
16,85;269,54;18,511;0,733;20,065;79,437
16,85;269,57;18,616;0,737;20,053;79,39
16,86;269,61;18,722;0,741;20,041;79,343
16,86;269,64;18,831;0,746;20,029;79,295
16,86;269,67;18,943;0,75;20,017;79,246
16,86;269,7;19,058;0,755;20,004;79,197
16,86;269,74;19,176;0,759;19,992;79,148
16,87;269,77;19,298;0,764;19,979;79,098
16,87;269,8;19,422;0,769;19,966;79,047
16,87;269,83;19,549;0,774;19,954;78,997
16,87;269,87;19,679;0,779;19,941;78,945
16,87;269,9;19,811;0,784;19,927;78,893
16,87;269,93;19,945;0,79;19,914;78,841
16,88;269,97;20,081;0,795;19,901;78,788
16,88;270;20,219;0,8;19,887;78,735
16,88;270,03;20,359;0,806;19,874;78,681
16,88;270,06;20,502;0,812;19,86;78,627
16,88;270,1;20,648;0,817;19,846;78,572
16,88;270,13;20,797;0,823;19,832;78,516
16,88;270,16;20,949;0,829;19,818;78,46
16,89;270,2;21,104;0,836;19,804;78,404
16,89;270,23;21,265;0,842;19,789;78,347
16,89;270,26;21,43;0,848;19,775;78,289
16,89;270,3;21,598;0,855;19,76;78,231
16,89;270,33;21,766;0,862;19,745;78,172
16,9;270,36;21,928;0,868;19,73;78,113
16,9;270,4;22,085;0,874;19,715;78,053
16,9;270,43;22,24;0,88;19,7;77,993
16,9;270,46;22,394;0,887;19,685;77,932
16,9;270,5;22,547;0,893;19,669;77,87
16,9;270,53;22,699;0,899;19,653;77,808
16,9;270,57;22,852;0,905;19,637;77,745
16,91;270,6;23,005;0,911;19,621;77,682
16,91;270,63;23,158;0,917;19,605;77,617
16,91;270,67;23,312;0,923;19,589;77,553
16,91;270,7;23,467;0,929;19,572;77,487
16,91;270,73;23,622;0,935;19,556;77,422
16,92;270,77;23,777;0,941;19,539;77,355
16,92;270,8;23,933;0,948;19,522;77,288
16,92;270,84;24,089;0,954;19,505;77,22
16,92;270,87;24,245;0,96;19,487;77,151
16,92;270,9;24,402;0,966;19,47;77,082
16,92;270,94;24,558;0,972;19,452;77,012
16,93;270,97;24,714;0,978;19,434;76,941
16,93;271,01;24,868;0,985;19,416;76,87
16,93;271,04;25,021;0,991;19,398;76,798
16,93;271,07;25,173;0,997;19,38;76,726
16,93;271,11;25,324;1,003;19,361;76,652
16,93;271,14;25,475;1,009;19,343;76,578
16,93;271,17;25,626;1,015;19,324;76,503
16,94;271,21;25,776;1,02;19,305;76,428
16,94;271,24;25,925;1,026;19,285;76,352
16,94;271,27;26,073;1,032;19,266;76,275
16,94;271,31;26,221;1,038;19,246;76,197
16,94;271,34;26,367;1,044;19,227;76,119
16,95;271,37;26,513;1,05;19,207;76,04
16,95;271,41;26,657;1,055;19,187;75,96
16,95;271,44;26,799;1,061;19,166;75,879
16,95;271,48;26,941;1,067;19,146;75,798
16,95;271,51;27,081;1,072;19,125;75,716
16,95;271,54;27,221;1,078;19,104;75,633
16,95;271,58;27,36;1,083;19,083;75,549
16,96;271,61;27,499;1,089;19,062;75,465
16,96;271,64;27,638;1,094;19,04;75,38
16,96;271,68;27,777;1,1;19,018;75,294
16,96;271,71;27,914;1,105;18,996;75,207
16,96;271,74;28,051;1,111;18,974;75,12
16,97;271,78;28,188;1,116;18,952;75,032
16,97;271,81;28,322;1,121;18,93;74,943
16,97;271,84;28,456;1,127;18,907;74,853
16,97;271,88;28,588;1,132;18,884;74,762
16,97;271,91;28,716;1,137;18,861;74,671
16,97;271,94;28,841;1,142;18,838;74,579
16,98;271,98;28,964;1,147;18,814;74,486
16,98;272,01;29,086;1,152;18,791;74,392
16,98;272,04;29,208;1,156;18,767;74,298
16,98;272,08;29,329;1,161;18,743;74,203
16,98;272,11;29,45;1,166;18,718;74,106
16,98;272,14;29,57;1,171;18,694;74,01
16,98;272,18;29,689;1,175;18,669;73,912
16,99;272,21;29,809;1,18;18,644;73,813
16,99;272,24;29,928;1,185;18,619;73,714
16,99;272,28;30,047;1,19;18,594;73,614
16,99;272,31;30,166;1,194;18,569;73,513
16,99;272,34;30,285;1,199;18,543;73,412
17;272,38;30,404;1,204;18,517;73,309
17;272,41;30,521;1,208;18,491;73,206
17;272,45;30,64;1,213;18,465;73,102
17;272,48;30,757;1,218;18,438;72,997
17;272,51;30,875;1,222;18,411;72,891
17;272,55;30,992;1,227;18,385;72,785
17;272,58;31,11;1,232;18,357;72,678
17,01;272,61;31,228;1,236;18,33;72,57
17,01;272,65;31,346;1,241;18,303;72,461
17,01;272,68;31,466;1,246;18,275;72,352
17,01;272,71;31,587;1,251;18,247;72,241
17,01;272,75;31,709;1,255;18,219;72,13
17,02;272,78;31,83;1,26;18,191;72,018
17,02;272,81;31,952;1,265;18,162;71,906
17,02;272,85;32,073;1,27;18,134;71,792
17,02;272,88;32,194;1,275;18,105;71,678
17,02;272,92;32,316;1,279;18,076;71,563
17,02;272,95;32,437;1,284;18,047;71,448
17,03;272,98;32,559;1,289;18,017;71,331
17,03;273,02;32,68;1,294;17,988;71,214
17,03;273,05;32,801;1,299;17,958;71,096
17,03;273,08;32,922;1,303;17,928;70,978
17,03;273,12;33,043;1,308;17,898;70,858
17,03;273,15;33,164;1,313;17,868;70,738
17,03;273,19;33,284;1,318;17,837;70,617
17,04;273,22;33,405;1,322;17,806;70,496
17,04;273,25;33,525;1,327;17,775;70,373
17,04;273,29;33,645;1,332;17,744;70,251
17,04;273,32;33,765;1,337;17,713;70,127
17,04;273,35;33,886;1,342;17,682;70,003
17,05;273,39;34,006;1,346;17,65;69,877
17,05;273,42;34,126;1,351;17,618;69,752
17,05;273,46;34,246;1,356;17,587;69,625
17,05;273,49;34,367;1,361;17,554;69,498
17,05;273,52;34,486;1,365;17,522;69,371
17,05;273,56;34,606;1,37;17,49;69,242
17,05;273,59;34,725;1,375;17,457;69,113
17,06;273,63;34,845;1,38;17,424;68,983
17,06;273,66;34,965;1,384;17,391;68,853
17,06;273,69;35,085;1,389;17,358;68,722
17,06;273,73;35,204;1,394;17,325;68,59
17,06;273,76;35,323;1,398;17,292;68,458
17,07;273,8;35,441;1,403;17,258;68,325
17,07;273,83;35,56;1,408;17,224;68,192
17,07;273,86;35,679;1,413;17,191;68,058
17,07;273,9;35,797;1,417;17,157;67,923
17,07;273,93;35,915;1,422;17,122;67,788
17,07;273,97;36,033;1,427;17,088;67,652
17,08;274;36,151;1,431;17,054;67,516
17,08;274,03;36,268;1,436;17,019;67,379
17,08;274,07;36,386;1,441;16,984;67,241
17,08;274,1;36,504;1,445;16,949;67,103
17,08;274,13;36,622;1,45;16,914;66,965
17,08;274,17;36,739;1,455;16,879;66,825
17,08;274,2;36,858;1,459;16,844;66,686
17,09;274,24;36,975;1,464;16,809;66,546
17,09;274,27;37,092;1,468;16,773;66,405
17,09;274,3;37,209;1,473;16,737;66,264
17,09;274,34;37,327;1,478;16,702;66,122
17,09;274,37;37,444;1,482;16,666;65,98
17,09;274,4;37,561;1,487;16,63;65,837
17,1;274,44;37,678;1,492;16,593;65,694
17,1;274,47;37,795;1,496;16,557;65,55
17,1;274,51;37,912;1,501;16,521;65,406
17,1;274,54;38,029;1,506;16,484;65,262
17,1;274,57;38,147;1,51;16,448;65,117
17,11;274,61;38,263;1,515;16,411;64,971
17,11;274,64;38,38;1,519;16,374;64,825
17,11;274,68;38,497;1,524;16,337;64,679
17,11;274,71;38,615;1,529;16,3;64,533
17,11;274,74;38,732;1,533;16,263;64,385
17,11;274,78;38,849;1,538;16,226;64,238
17,12;274,81;38,966;1,543;16,188;64,09
17,12;274,84;39,082;1,547;16,151;63,942
17,12;274,88;39,199;1,552;16,113;63,793
17,12;274,91;39,316;1,557;16,076;63,644
17,12;274,95;39,434;1,561;16,038;63,495
17,12;274,98;39,551;1,566;16;63,346
17,13;275,01;39,668;1,57;15,962;63,196
17,13;275,05;39,785;1,575;15,924;63,045
17,13;275,08;39,902;1,58;15,886;62,895
17,13;275,12;40,018;1,584;15,848;62,744
17,13;275,15;40,135;1,589;15,81;62,593
17,13;275,18;40,252;1,594;15,772;62,442
17,13;275,22;40,369;1,598;15,734;62,29
17,14;275,25;40,486;1,603;15,695;62,138
17,14;275,29;40,603;1,607;15,657;61,986
17,14;275,32;40,719;1,612;15,618;61,834
17,14;275,35;40,835;1,617;15,58;61,681
17,14;275,39;40,95;1,621;15,541;61,528
17,14;275,42;41,067;1,626;15,503;61,375
17,15;275,45;41,183;1,63;15,464;61,222
17,15;275,49;41,299;1,635;15,425;61,069
17,15;275,52;41,415;1,64;15,386;60,915
17,15;275,56;41,531;1,644;15,348;60,762
17,15;275,59;41,646;1,649;15,309;60,608
17,16;275,62;41,762;1,653;15,27;60,454
17,16;275,66;41,877;1,658;15,231;60,3
17,16;275,69;41,993;1,663;15,192;60,146
17,16;275,72;42,108;1,667;15,153;59,992
17,16;275,76;42,223;1,672;15,114;59,838
17,16;275,79;42,338;1,676;15,075;59,684
17,17;275,83;42,453;1,681;15,036;59,529
17,17;275,86;42,567;1,685;14,997;59,375
17,17;275,89;42,682;1,69;14,958;59,221
17,17;275,93;42,797;1,694;14,919;59,066
17,17;275,96;42,912;1,699;14,88;58,912
17,17;275,99;43,026;1,703;14,842;58,758
17,18;276,03;43,14;1,708;14,803;58,604
17,18;276,06;43,255;1,712;14,764;58,45
17,18;276,1;43,369;1,717;14,725;58,296
17,18;276,13;43,483;1,722;14,686;58,142
17,18;276,16;43,597;1,726;14,647;57,988
17,18;276,2;43,711;1,731;14,608;57,834
17,18;276,23;43,824;1,735;14,569;57,681
17,19;276,26;43,938;1,739;14,531;57,528
17,19;276,3;44,052;1,744;14,492;57,374
17,19;276,33;44,165;1,748;14,453;57,221
17,19;276,36;44,278;1,753;14,415;57,069
17,19;276,4;44,391;1,757;14,376;56,916
17,19;276,43;44,505;1,762;14,338;56,764
17,2;276,47;44,618;1,766;14,299;56,612
17,2;276,5;44,731;1,771;14,261;56,46
17,2;276,53;44,844;1,775;14,223;56,309
17,2;276,57;44,957;1,78;14,185;56,158
17,2;276,6;45,07;1,784;14,147;56,007
17,21;276,63;45,183;1,789;14,109;55,856
17,21;276,67;45,295;1,793;14,071;55,706
17,21;276,7;45,408;1,798;14,033;55,556
17,21;276,73;45,521;1,802;13,995;55,407
17,21;276,77;45,634;1,807;13,957;55,258
17,21;276,8;45,746;1,811;13,92;55,109
17,22;276,83;45,858;1,816;13,882;54,961
17,22;276,87;45,971;1,82;13,845;54,813
17,22;276,9;46,084;1,824;13,808;54,665
17,22;276,93;46,197;1,829;13,771;54,518
17,22;276,97;46,309;1,833;13,734;54,372
17,22;277;46,423;1,838;13,697;54,226
17,23;277,03;46,537;1,842;13,66;54,08
17,23;277,07;46,65;1,847;13,623;53,935
17,23;277,1;46,763;1,851;13,587;53,79
17,23;277,14;46,877;1,856;13,55;53,646
17,23;277,17;46,99;1,86;13,514;53,503
17,23;277,2;47,104;1,865;13,478;53,36
17,23;277,24;47,217;1,869;13,442;53,217
17,24;277,27;47,331;1,874;13,406;53,075
17,24;277,3;47,444;1,878;13,371;52,934
17,24;277,34;47,557;1,883;13,335;52,793
17,24;277,37;47,671;1,887;13,3;52,653
17,24;277,4;47,784;1,892;13,264;52,514
17,24;277,44;47,898;1,896;13,229;52,375
17,25;277,47;48,011;1,901;13,194;52,237
17,25;277,5;48,125;1,905;13,16;52,099
17,25;277,54;48,239;1,91;13,125;51,962
17,25;277,57;48,352;1,914;13,091;51,826
17,25;277,6;48,465;1,919;13,056;51,69
17,26;277,64;48,579;1,923;13,022;51,556
17,26;277,67;48,692;1,928;12,988;51,421
17,26;277,7;48,806;1,932;12,955;51,288
17,26;277,74;48,919;1,937;12,921;51,155
17,26;277,77;49,032;1,941;12,888;51,023
17,26;277,8;49,145;1,946;12,855;50,892
17,27;277,84;49,258;1,95;12,822;50,761
17,27;277,87;49,371;1,955;12,789;50,631
17,27;277,9;49,484;1,959;12,756;50,502
17,27;277,94;49,597;1,964;12,724;50,374
17,27;277,97;49,709;1,968;12,692;50,246
17,27;278;49,822;1,972;12,66;50,12
17,28;278,04;49,935;1,977;12,628;49,994
17,28;278,07;50,047;1,981;12,596;49,868
17,28;278,1;50,159;1,986;12,565;49,744
17,28;278,14;50,272;1,99;12,534;49,621
17,28;278,17;50,384;1,995;12,503;49,498
17,28;278,2;50,496;1,999;12,472;49,376
17,28;278,23;50,608;2,004;12,441;49,255
17,29;278,27;50,719;2,008;12,411;49,135
17,29;278,3;50,831;2,012;12,381;49,016
17,29;278,33;50,943;2,017;12,351;48,897
17,29;278,37;51,054;2,021;12,321;48,78
17,29;278,4;51,165;2,026;12,292;48,663
17,29;278,43;51,276;2,03;12,262;48,547
17,3;278,47;51,387;2,034;12,233;48,432
17,3;278,5;51,498;2,039;12,205;48,318
17,3;278,53;51,608;2,043;12,176;48,205
17,3;278,56;51,718;2,048;12,148;48,093
17,3;278,6;51,829;2,052;12,12;47,982
17,31;278,63;51,939;2,056;12,092;47,872
17,31;278,66;52,048;2,061;12,064;47,762
17,31;278,7;52,156;2,065;12,037;47,654
17,31;278,73;52,265;2,069;12,01;47,546
17,31;278,76;52,373;2,073;11,983;47,44
17,31;278,79;52,48;2,078;11,956;47,334
17,32;278,83;52,588;2,082;11,93;47,229
17,32;278,86;52,695;2,086;11,903;47,126
17,32;278,89;52,802;2,09;11,877;47,023
17,32;278,92;52,909;2,095;11,852;46,921
17,32;278,96;53,016;2,099;11,826;46,82
17,32;278,99;53,122;2,103;11,801;46,72
17,33;279,02;53,228;2,107;11,776;46,621
17,33;279,05;53,333;2,111;11,751;46,523
17,33;279,09;53,438;2,116;11,727;46,426
17,33;279,12;53,543;2,12;11,702;46,33
17,33;279,15;53,647;2,124;11,678;46,235
17,33;279,18;53,75;2,128;11,654;46,14
17,33;279,21;53,853;2,132;11,631;46,047
17,34;279,25;53,957;2,136;11,608;45,955
17,34;279,28;54,06;2,14;11,585;45,863
17,34;279,31;54,162;2,144;11,562;45,773
17,34;279,34;54,263;2,148;11,539;45,683
17,34;279,38;54,365;2,152;11,517;45,595
17,34;279,41;54,467;2,156;11,495;45,507
17,35;279,44;54,567;2,16;11,473;45,421
17,35;279,47;54,667;2,164;11,451;45,335
17,35;279,5;54,766;2,168;11,43;45,25
17,35;279,54;54,865;2,172;11,408;45,166
17,35;279,57;54,964;2,176;11,387;45,083
17,36;279,6;55,062;2,18;11,367;45,001
17,36;279,63;55,16;2,184;11,346;44,92
17,36;279,66;55,257;2,188;11,326;44,84
17,36;279,69;55,353;2,191;11,306;44,761
17,36;279,73;55,449;2,195;11,286;44,682
17,36;279,76;55,545;2,199;11,267;44,605
17,37;279,79;55,639;2,203;11,247;44,528
17,37;279,82;55,733;2,206;11,228;44,453
17,37;279,85;55,827;2,21;11,209;44,378
17,37;279,88;55,92;2,214;11,191;44,304
17,37;279,91;56,011;2,218;11,172;44,231
17,37;279,94;56,103;2,221;11,154;44,158
17,38;279,98;56,193;2,225;11,136;44,087
17,38;280,01;56,284;2,228;11,118;44,017
17,38;280,04;56,373;2,232;11,1;43,947
17,38;280,07;56,462;2,235;11,083;43,878
17,38;280,1;56,551;2,239;11,066;43,81
17,38;280,13;56,638;2,242;11,049;43,743
17,38;280,16;56,725;2,246;11,032;43,677
17,39;280,19;56,811;2,249;11,016;43,611
17,39;280,22;56,896;2,253;10,999;43,546
17,39;280,25;56,981;2,256;10,983;43,482
17,39;280,28;57,065;2,259;10,967;43,419
17,39;280,31;57,149;2,263;10,951;43,357
17,39;280,35;57,233;2,266;10,936;43,296
17,4;280,38;57,316;2,269;10,921;43,235
17,4;280,41;57,398;2,272;10,905;43,175
17,4;280,44;57,48;2,276;10,89;43,115
17,4;280,47;57,561;2,279;10,876;43,057
17,4;280,5;57,641;2,282;10,861;42,999
17,41;280,53;57,721;2,285;10,847;42,942
17,41;280,56;57,799;2,288;10,832;42,886
17,41;280,59;57,878;2,291;10,818;42,83
17,41;280,62;57,956;2,294;10,805;42,775
17,41;280,65;58,032;2,298;10,791;42,721
17,41;280,68;58,109;2,301;10,777;42,668
17,42;280,71;58,184;2,304;10,764;42,615
17,42;280,74;58,259;2,306;10,751;42,563
17,42;280,77;58,333;2,309;10,738;42,512
17,42;280,8;58,406;2,312;10,725;42,461
17,42;280,82;58,479;2,315;10,712;42,411
17,42;280,85;58,551;2,318;10,7;42,361
17,43;280,88;58,622;2,321;10,688;42,313
17,43;280,91;58,693;2,324;10,675;42,264
17,43;280,94;58,763;2,326;10,663;42,217
17,43;280,97;58,831;2,329;10,652;42,17
17,43;281;58,9;2,332;10,64;42,124
17,43;281,03;58,968;2,335;10,628;42,078
17,43;281,06;59,035;2,337;10,617;42,033
17,44;281,09;59,101;2,34;10,606;41,989
17,44;281,12;59,167;2,342;10,595;41,945
17,44;281,15;59,232;2,345;10,584;41,901
17,44;281,17;59,296;2,348;10,573;41,859
17,44;281,2;59,36;2,35;10,562;41,816
17,44;281,23;59,422;2,353;10,552;41,775
17,45;281,26;59,484;2,355;10,541;41,734
17,45;281,29;59,546;2,357;10,531;41,693
17,45;281,32;59,607;2,36;10,521;41,653
17,45;281,35;59,666;2,362;10,511;41,614
17,45;281,37;59,726;2,365;10,501;41,575
17,46;281,4;59,785;2,367;10,492;41,536
17,46;281,43;59,842;2,369;10,482;41,498
17,46;281,46;59,899;2,371;10,472;41,461
17,46;281,49;59,956;2,374;10,463;41,424
17,46;281,52;60,012;2,376;10,454;41,387
17,46;281,54;60,068;2,378;10,445;41,351
17,47;281,57;60,122;2,38;10,436;41,316
17,47;281,6;60,176;2,382;10,427;41,281
17,47;281,63;60,228;2,384;10,418;41,246
17,47;281,65;60,281;2,387;10,41;41,212
17,47;281,68;60,333;2,389;10,401;41,178
17,47;281,71;60,384;2,391;10,393;41,145
17,48;281,74;60,434;2,393;10,384;41,112
17,48;281,77;60,484;2,395;10,376;41,079
17,48;281,79;60,532;2,396;10,368;41,047
17,48;281,82;60,58;2,398;10,36;41,015
17,48;281,85;60,627;2,4;10,352;40,984
17,48;281,88;60,675;2,402;10,344;40,953
17,48;281,9;60,723;2,404;10,337;40,923
17,49;281,93;60,773;2,406;10,329;40,893
17,49;281,96;60,823;2,408;10,322;40,863
17,49;281,99;60,876;2,41;10,314;40,834
17,49;282,01;60,929;2,412;10,307;40,805
17,49;282,04;60,982;2,414;10,3;40,776
17,49;282,07;61,035;2,416;10,292;40,748
17,5;282,1;61,089;2,419;10,285;40,72
17,5;282,13;61,142;2,421;10,278;40,692
17,5;282,15;61,195;2,423;10,272;40,665
17,5;282,18;61,241;2,425;10,265;40,638
17,5;282,21;61,28;2,426;10,258;40,612
17,51;282,24;61,314;2,427;10,251;40,586
17,51;282,27;61,342;2,429;10,245;40,56
17,51;282,29;61,366;2,429;10,238;40,534
17,51;282,32;61,389;2,43;10,232;40,509
17,51;282,35;61,413;2,431;10,226;40,484
17,51;282,38;61,436;2,432;10,219;40,459
17,52;282,41;61,457;2,433;10,213;40,435
17,52;282,43;61,479;2,434;10,207;40,411
17,52;282,46;61,499;2,435;10,201;40,387
17,52;282,49;61,519;2,436;10,195;40,363
17,52;282,52;61,537;2,436;10,189;40,34
17,52;282,55;61,554;2,437;10,184;40,317
17,53;282,57;61,57;2,438;10,178;40,294
17,53;282,6;61,584;2,438;10,172;40,272
17,53;282,63;61,599;2,439;10,167;40,25
17,53;282,66;61,613;2,439;10,161;40,228
17,53;282,68;61,627;2,44;10,156;40,206
17,53;282,71;61,64;2,44;10,15;40,184
17,53;282,74;61,653;2,441;10,145;40,163
17,54;282,77;61,665;2,441;10,139;40,142
17,54;282,79;61,677;2,442;10,134;40,122
17,54;282,82;61,691;2,442;10,129;40,101
17,54;282,85;61,703;2,443;10,124;40,081
17,54;282,88;61,715;2,443;10,119;40,061
17,54;282,9;61,727;2,444;10,114;40,041
17,55;282,93;61,739;2,444;10,109;40,021
17,55;282,96;61,75;2,445;10,104;40,002
17,55;282,99;61,761;2,445;10,099;39,983
17,55;283,01;61,772;2,446;10,094;39,964
17,55;283,04;61,781;2,446;10,09;39,945
17,56;283,07;61,791;2,446;10,085;39,926
17,56;283,09;61,8;2,447;10,08;39,908
17,56;283,12;61,809;2,447;10,076;39,89
17,56;283,15;61,818;2,447;10,071;39,872
17,56;283,18;61,826;2,448;10,067;39,854
17,56;283,2;61,834;2,448;10,062;39,836
17,57;283,23;61,841;2,448;10,058;39,819
17,57;283,26;61,848;2,449;10,053;39,802
17,57;283,28;61,852;2,449;10,049;39,785
17,57;283,31;61,853;2,449;10,045;39,768
17,57;283,33;61,852;2,449;10,041;39,751
17,57;283,36;61,849;2,449;10,036;39,734
17,58;283,39;61,843;2,448;10,032;39,718
17,58;283,41;61,838;2,448;10,028;39,702
17,58;283,44;61,83;2,448;10,024;39,686
17,58;283,46;61,821;2,448;10,02;39,67
17,58;283,49;61,811;2,447;10,016;39,654
17,58;283,51;61,802;2,447;10,012;39,639
17,58;283,54;61,797;2,447;10,008;39,623
17,59;283,56;61,799;2,447;10,004;39,608
17,59;283,59;61,804;2,447;10,001;39,593
17,59;283,61;61,815;2,447;9,997;39,578
17,59;283,64;61,827;2,448;9,993;39,563
17,59;283,66;61,84;2,448;9,989;39,548
17,59;283,68;61,851;2,449;9,986;39,534
17,6;283,71;61,861;2,449;9,982;39,519
17,6;283,73;61,872;2,45;9,978;39,505
17,6;283,76;61,882;2,45;9,975;39,491
17,6;283,78;61,892;2,45;9,971;39,477
17,6;283,81;61,902;2,451;9,968;39,463
17,61;283,83;61,912;2,451;9,964;39,449
17,61;283,85;61,922;2,451;9,961;39,436
17,61;283,88;61,931;2,452;9,958;39,422
17,61;283,9;61,941;2,452;9,954;39,409
17,61;283,92;61,95;2,453;9,951;39,396
17,61;283,95;61,959;2,453;9,948;39,382
17,62;283,97;61,967;2,453;9,944;39,369
17,62;284;61,975;2,454;9,941;39,357
17,62;284,02;61,982;2,454;9,938;39,344
17,62;284,04;61,988;2,454;9,935;39,331
17,62;284,07;61,994;2,454;9,931;39,319
17,62;284,09;61,998;2,455;9,928;39,306
17,63;284,11;62,001;2,455;9,925;39,294
17,63;284,14;62,004;2,455;9,922;39,282
17,63;284,16;62,005;2,455;9,919;39,269
17,63;284,18;62,007;2,455;9,916;39,257
17,63;284,2;62,007;2,455;9,913;39,246
17,63;284,23;62,007;2,455;9,91;39,234
17,63;284,25;62,007;2,455;9,907;39,222
17,64;284,27;62,006;2,455;9,904;39,21
17,64;284,3;62,005;2,455;9,901;39,199
17,64;284,32;62,003;2,455;9,898;39,187
17,64;284,34;62;2,455;9,895;39,176
17,64;284,36;61,997;2,454;9,893;39,165
17,64;284,39;61,992;2,454;9,89;39,154
17,65;284,41;61,988;2,454;9,887;39,143
17,65;284,43;61,984;2,454;9,884;39,132
17,65;284,46;61,98;2,454;9,881;39,121
17,65;284,48;61,974;2,454;9,879;39,11
17,65;284,5;61,969;2,453;9,876;39,099
17,66;284,52;61,962;2,453;9,873;39,089
17,66;284,55;61,956;2,453;9,871;39,078
17,66;284,57;61,949;2,453;9,868;39,068
17,66;284,59;61,941;2,452;9,865;39,057
17,66;284,61;61,933;2,452;9,863;39,047
17,66;284,64;61,924;2,452;9,86;39,037
17,67;284,66;61,915;2,451;9,858;39,027
17,67;284,68;61,905;2,451;9,855;39,017
17,67;284,7;61,896;2,45;9,853;39,007
17,67;284,72;61,887;2,45;9,85;38,997
17,67;284,75;61,877;2,45;9,848;38,987
17,67;284,77;61,866;2,449;9,845;38,977
17,68;284,79;61,856;2,449;9,843;38,968
17,68;284,81;61,845;2,448;9,84;38,958
17,68;284,84;61,834;2,448;9,838;38,948
17,68;284,86;61,823;2,448;9,836;38,939
17,68;284,88;61,811;2,447;9,833;38,93
17,68;284,9;61,8;2,447;9,831;38,92
17,68;284,92;61,789;2,446;9,828;38,911
17,69;284,95;61,776;2,446;9,826;38,902
17,69;284,97;61,764;2,445;9,824;38,893
17,69;284,99;61,752;2,445;9,822;38,884
17,69;285,01;61,74;2,444;9,819;38,875
17,69;285,03;61,728;2,444;9,817;38,866
17,69;285,06;61,715;2,443;9,815;38,857
17,7;285,08;61,702;2,443;9,813;38,848
17,7;285,1;61,689;2,442;9,81;38,839
17,7;285,12;61,675;2,442;9,808;38,83
17,7;285,14;61,661;2,441;9,806;38,822
17,7;285,17;61,647;2,441;9,804;38,813
17,71;285,19;61,633;2,44;9,802;38,805
17,71;285,21;61,618;2,439;9,799;38,796
17,71;285,23;61,604;2,439;9,797;38,788
17,71;285,25;61,589;2,438;9,795;38,78
17,71;285,28;61,574;2,438;9,793;38,771
17,71;285,3;61,558;2,437;9,791;38,763
17,72;285,32;61,543;2,437;9,789;38,755
17,72;285,34;61,528;2,436;9,787;38,747
17,72;285,36;61,512;2,435;9,785;38,739
17,72;285,39;61,496;2,435;9,783;38,731
17,72;285,41;61,479;2,434;9,781;38,723
17,72;285,43;61,463;2,433;9,779;38,715
17,73;285,45;61,448;2,433;9,777;38,707
17,73;285,47;61,432;2,432;9,775;38,699
17,73;285,49;61,416;2,431;9,773;38,692
17,73;285,52;61,4;2,431;9,771;38,684
17,73;285,54;61,383;2,43;9,769;38,676
17,73;285,56;61,366;2,429;9,767;38,669
17,73;285,58;61,349;2,429;9,765;38,661
17,74;285,6;61,332;2,428;9,763;38,654
17,74;285,62;61,315;2,427;9,762;38,646
17,74;285,65;61,299;2,427;9,76;38,639
17,74;285,67;61,281;2,426;9,758;38,631
17,74;285,69;61,264;2,425;9,756;38,624
17,74;285,71;61,247;2,425;9,754;38,617
17,75;285,73;61,23;2,424;9,752;38,61
17,75;285,75;61,213;2,423;9,75;38,602
17,75;285,78;61,196;2,423;9,749;38,595
17,75;285,8;61,178;2,422;9,747;38,588
17,75;285,82;61,16;2,421;9,745;38,581
17,76;285,84;61,142;2,421;9,743;38,574
17,76;285,86;61,125;2,42;9,742;38,567
17,76;285,88;61,107;2,419;9,74;38,56
17,76;285,91;61,089;2,419;9,738;38,553
17,76;285,93;61,071;2,418;9,736;38,546
17,76;285,95;61,053;2,417;9,735;38,539
17,77;285,97;61,035;2,416;9,733;38,533
17,77;285,99;61,017;2,416;9,731;38,526
17,77;286,02;60,998;2,415;9,729;38,519
17,77;286,04;60,98;2,414;9,728;38,512
17,77;286,06;60,961;2,413;9,726;38,506
17,77;286,08;60,942;2,413;9,724;38,499
17,78;286,1;60,923;2,412;9,723;38,493
17,78;286,12;60,904;2,411;9,721;38,486
17,78;286,15;60,885;2,41;9,719;38,48
17,78;286,17;60,866;2,41;9,718;38,473
17,78;286,19;60,847;2,409;9,716;38,467
17,78;286,21;60,828;2,408;9,715;38,46
17,78;286,23;60,809;2,407;9,713;38,454
17,79;286,25;60,79;2,407;9,711;38,448
17,79;286,28;60,77;2,406;9,71;38,441
17,79;286,3;60,751;2,405;9,708;38,435
17,79;286,32;60,732;2,404;9,707;38,429
17,79;286,34;60,713;2,404;9,705;38,423
17,79;286,36;60,695;2,403;9,704;38,416
17,8;286,38;60,676;2,402;9,702;38,41
17,8;286,41;60,656;2,401;9,7;38,404
17,8;286,43;60,637;2,401;9,699;38,398
17,8;286,45;60,618;2,4;9,697;38,392
17,8;286,47;60,599;2,399;9,696;38,386
17,81;286,49;60,581;2,398;9,694;38,38
17,81;286,51;60,561;2,398;9,693;38,374
17,81;286,54;60,542;2,397;9,691;38,368
17,81;286,56;60,523;2,396;9,69;38,362
17,81;286,58;60,504;2,395;9,688;38,356
17,81;286,6;60,485;2,395;9,687;38,35
17,82;286,62;60,465;2,394;9,685;38,345
17,82;286,64;60,446;2,393;9,684;38,339
17,82;286,67;60,427;2,392;9,682;38,333
17,82;286,69;60,407;2,392;9,681;38,327
17,82;286,71;60,388;2,391;9,68;38,321
17,82;286,73;60,368;2,39;9,678;38,316
17,83;286,75;60,349;2,389;9,677;38,31
17,83;286,77;60,33;2,388;9,675;38,304
17,83;286,8;60,31;2,388;9,674;38,299
17,83;286,82;60,29;2,387;9,672;38,293
17,83;286,84;60,271;2,386;9,671;38,287
17,83;286,86;60,251;2,385;9,67;38,282
17,83;286,88;60,231;2,385;9,668;38,276
17,84;286,9;60,211;2,384;9,667;38,271
17,84;286,93;60,191;2,383;9,665;38,265
17,84;286,95;60,171;2,382;9,664;38,26
17,84;286,97;60,152;2,381;9,663;38,254
17,84;286,99;60,132;2,381;9,661;38,249
17,84;287,01;60,112;2,38;9,66;38,243
17,85;287,03;60,092;2,379;9,658;38,238
17,85;287,06;60,073;2,378;9,657;38,233
17,85;287,08;60,053;2,378;9,656;38,227
17,85;287,1;60,033;2,377;9,654;38,222
17,85;287,12;60,013;2,376;9,653;38,217
17,86;287,14;59,993;2,375;9,652;38,211
17,86;287,16;59,974;2,374;9,65;38,206
17,86;287,19;59,954;2,374;9,649;38,201
17,86;287,21;59,934;2,373;9,648;38,196
17,86;287,23;59,915;2,372;9,646;38,19
17,86;287,25;59,895;2,371;9,645;38,185
17,87;287,27;59,875;2,37;9,644;38,18
17,87;287,29;59,856;2,37;9,643;38,175
17,87;287,32;59,837;2,369;9,641;38,17
17,87;287,34;59,816;2,368;9,64;38,165
17,87;287,36;59,797;2,367;9,639;38,16
17,87;287,38;59,777;2,367;9,637;38,154
17,88;287,4;59,758;2,366;9,636;38,149
17,88;287,42;59,738;2,365;9,635;38,144
17,88;287,45;59,719;2,364;9,633;38,139
17,88;287,47;59,7;2,364;9,632;38,134
17,88;287,49;59,681;2,363;9,631;38,129
17,88;287,51;59,661;2,362;9,63;38,124
17,88;287,53;59,641;2,361;9,628;38,119
17,89;287,56;59,621;2,36;9,627;38,114
17,89;287,58;59,601;2,36;9,626;38,109
17,89;287,6;59,582;2,359;9,625;38,104
17,89;287,62;59,562;2,358;9,623;38,1
17,89;287,64;59,542;2,357;9,622;38,095
17,89;287,67;59,522;2,356;9,621;38,09
17,9;287,69;59,503;2,356;9,62;38,085
17,9;287,71;59,483;2,355;9,619;38,08
17,9;287,73;59,463;2,354;9,617;38,075
17,9;287,75;59,445;2,353;9,616;38,07
17,9;287,77;59,425;2,353;9,615;38,066
17,91;287,8;59,406;2,352;9,614;38,061
17,91;287,82;59,386;2,351;9,612;38,056
17,91;287,84;59,367;2,35;9,611;38,051
17,91;287,86;59,348;2,35;9,61;38,047
17,91;287,88;59,329;2,349;9,609;38,042
17,91;287,91;59,31;2,348;9,608;38,037
17,92;287,93;59,291;2,347;9,607;38,033
17,92;287,95;59,273;2,347;9,605;38,028
17,92;287,97;59,254;2,346;9,604;38,023
17,92;287,99;59,235;2,345;9,603;38,019
17,92;288,02;59,217;2,344;9,602;38,014
17,92;288,04;59,199;2,344;9,601;38,009
17,93;288,06;59,18;2,343;9,6;38,005
17,93;288,08;59,162;2,342;9,598;38
17,93;288,1;59,144;2,342;9,597;37,996
17,93;288,13;59,126;2,341;9,596;37,991
17,93;288,15;59,107;2,34;9,595;37,986
17,93;288,17;59,09;2,339;9,594;37,982
17,93;288,19;59,072;2,339;9,593;37,977
17,94;288,21;59,055;2,338;9,591;37,973
17,94;288,24;59,038;2,337;9,59;37,968
17,94;288,26;59,021;2,337;9,589;37,964
17,94;288,28;59,003;2,336;9,588;37,959
17,94;288,3;58,986;2,335;9,587;37,955
17,94;288,33;58,969;2,335;9,586;37,95
17,95;288,35;58,952;2,334;9,585;37,946
17,95;288,37;58,935;2,333;9,584;37,942
17,95;288,39;58,918;2,333;9,582;37,937
17,95;288,41;58,902;2,332;9,581;37,933
17,95;288,44;58,886;2,331;9,58;37,928
17,96;288,46;58,87;2,331;9,579;37,924
17,96;288,48;58,853;2,33;9,578;37,92
17,96;288,5;58,836;2,329;9,577;37,915
17,96;288,52;58,82;2,329;9,576;37,911
17,96;288,55;58,803;2,328;9,575;37,907
17,96;288,57;58,787;2,327;9,574;37,902
17,97;288,59;58,771;2,327;9,573;37,898
17,97;288,61;58,755;2,326;9,571;37,894
17,97;288,64;58,74;2,326;9,57;37,889
17,97;288,66;58,725;2,325;9,569;37,885
17,97;288,68;58,709;2,324;9,568;37,881
17,97;288,7;58,694;2,324;9,567;37,876
17,98;288,72;58,679;2,323;9,566;37,872
17,98;288,75;58,664;2,323;9,565;37,868
17,98;288,77;58,649;2,322;9,564;37,864
17,98;288,79;58,634;2,321;9,563;37,86
17,98;288,81;58,62;2,321;9,562;37,855
17,98;288,84;58,605;2,32;9,561;37,851
17,98;288,86;58,59;2,32;9,56;37,847
17,99;288,88;58,575;2,319;9,559;37,843
17,99;288,9;58,561;2,318;9,558;37,839
17,99;288,93;58,547;2,318;9,556;37,834
17,99;288,95;58,534;2,317;9,555;37,83
17,99;288,97;58,521;2,317;9,554;37,826
17,99;288,99;58,507;2,316;9,553;37,822
18;289,02;58,494;2,316;9,552;37,818
18;289,04;58,481;2,315;9,551;37,814
18;289,06;58,468;2,315;9,55;37,809
18;289,08;58,455;2,314;9,549;37,805
18;289,11;58,443;2,314;9,548;37,801
18,01;289,13;58,431;2,313;9,547;37,797
18,01;289,15;58,419;2,313;9,546;37,793
18,01;289,17;58,407;2,312;9,545;37,789
18,01;289,2;58,395;2,312;9,544;37,785
18,01;289,22;58,383;2,311;9,543;37,781
18,01;289,24;58,372;2,311;9,542;37,777
18,02;289,26;58,361;2,311;9,541;37,773
18,02;289,29;58,35;2,31;9,54;37,769
18,02;289,31;58,339;2,31;9,539;37,765
18,02;289,33;58,328;2,309;9,538;37,761
18,02;289,35;58,317;2,309;9,537;37,757
18,02;289,38;58,306;2,308;9,536;37,753
18,03;289,4;58,296;2,308;9,535;37,749
18,03;289,42;58,286;2,308;9,534;37,745
18,03;289,45;58,276;2,307;9,533;37,741
18,03;289,47;58,266;2,307;9,532;37,737
18,03;289,49;58,256;2,306;9,531;37,733
18,03;289,51;58,246;2,306;9,53;37,729
18,03;289,54;58,235;2,306;9,529;37,725
18,04;289,56;58,225;2,305;9,528;37,721
18,04;289,58;58,215;2,305;9,527;37,717
18,04;289,6;58,206;2,304;9,526;37,713
18,04;289,63;58,197;2,304;9,525;37,709
18,04;289,65;58,188;2,304;9,524;37,705
18,04;289,67;58,178;2,303;9,523;37,701
18,05;289,7;58,17;2,303;9,522;37,697
18,05;289,72;58,161;2,303;9,521;37,693
18,05;289,74;58,152;2,302;9,52;37,689
18,05;289,76;58,143;2,302;9,519;37,685
18,05;289,79;58,135;2,302;9,518;37,682
18,06;289,81;58,127;2,301;9,517;37,678
18,06;289,83;58,119;2,301;9,516;37,674
18,06;289,86;58,111;2,301;9,515;37,67
18,06;289,88;58,103;2,3;9,514;37,666
18,06;289,9;58,095;2,3;9,513;37,662
18,06;289,93;58,088;2,3;9,512;37,658
18,07;289,95;58,081;2,299;9,511;37,654
18,07;289,97;58,073;2,299;9,51;37,651
18,07;289,99;58,066;2,299;9,509;37,647
18,07;290,02;58,059;2,299;9,508;37,643
18,07;290,04;58,052;2,298;9,507;37,639
18,07;290,06;58,045;2,298;9,506;37,635
18,08;290,09;58,038;2,298;9,505;37,632
18,08;290,11;58,03;2,297;9,504;37,628
18,08;290,13;58,023;2,297;9,503;37,624
18,08;290,16;58,017;2,297;9,502;37,62
18,08;290,18;58,009;2,297;9,501;37,616
18,08;290,2;58,003;2,296;9,5;37,613
18,08;290,23;57,996;2,296;9,499;37,609
18,09;290,25;57,989;2,296;9,499;37,605
18,09;290,27;57,983;2,296;9,498;37,601
18,09;290,29;57,977;2,295;9,497;37,597
18,09;290,32;57,97;2,295;9,496;37,594
18,09;290,34;57,963;2,295;9,495;37,59
18,09;290,36;57,957;2,295;9,494;37,586
18,1;290,39;57,951;2,294;9,493;37,582
18,1;290,41;57,945;2,294;9,492;37,579
18,1;290,43;57,938;2,294;9,491;37,575
18,1;290,46;57,932;2,294;9,49;37,571
18,1;290,48;57,925;2,293;9,489;37,568
18,11;290,5;57,919;2,293;9,488;37,564
18,11;290,53;57,913;2,293;9,487;37,56
18,11;290,55;57,907;2,293;9,486;37,556
18,11;290,57;57,9;2,292;9,485;37,553
18,11;290,6;57,894;2,292;9,484;37,549
18,11;290,62;57,888;2,292;9,483;37,545
18,12;290,64;57,883;2,292;9,483;37,542
18,12;290,67;57,877;2,291;9,482;37,538
18,12;290,69;57,871;2,291;9,481;37,534
18,12;290,71;57,866;2,291;9,48;37,531
18,12;290,74;57,86;2,291;9,479;37,527
18,12;290,76;57,854;2,29;9,478;37,523
18,13;290,78;57,849;2,29;9,477;37,52
18,13;290,81;57,844;2,29;9,476;37,516
18,13;290,83;57,839;2,29;9,475;37,512
18,13;290,85;57,834;2,29;9,474;37,509
18,13;290,88;57,829;2,289;9,473;37,505
18,13;290,9;57,824;2,289;9,472;37,501
18,13;290,92;57,82;2,289;9,471;37,498
18,14;290,95;57,815;2,289;9,471;37,494
18,14;290,97;57,81;2,289;9,47;37,491
18,14;290,99;57,806;2,289;9,469;37,487
18,14;291,02;57,802;2,288;9,468;37,483
18,14;291,04;57,797;2,288;9,467;37,48
18,14;291,06;57,793;2,288;9,466;37,476
18,15;291,09;57,789;2,288;9,465;37,472
18,15;291,11;57,784;2,288;9,464;37,469
18,15;291,14;57,78;2,288;9,463;37,465
18,15;291,16;57,777;2,287;9,462;37,462
18,15;291,18;57,772;2,287;9,461;37,458
18,16;291,21;57,768;2,287;9,461;37,455
18,16;291,23;57,765;2,287;9,46;37,451
18,16;291,25;57,762;2,287;9,459;37,447
18,16;291,28;57,758;2,287;9,458;37,444
18,16;291,3;57,755;2,287;9,457;37,44
18,16;291,32;57,752;2,286;9,456;37,437
18,17;291,35;57,749;2,286;9,455;37,433
18,17;291,37;57,746;2,286;9,454;37,43
18,17;291,39;57,743;2,286;9,453;37,426
18,17;291,42;57,74;2,286;9,452;37,422
18,17;291,44;57,737;2,286;9,452;37,419
18,17;291,47;57,734;2,286;9,451;37,415
18,18;291,49;57,731;2,286;9,45;37,412
18,18;291,51;57,728;2,285;9,449;37,408
18,18;291,54;57,726;2,285;9,448;37,405
18,18;291,56;57,723;2,285;9,447;37,401
18,18;291,58;57,721;2,285;9,446;37,398
18,18;291,61;57,719;2,285;9,445;37,394
18,18;291,63;57,717;2,285;9,444;37,39
18,19;291,66;57,715;2,285;9,443;37,387
18,19;291,68;57,714;2,285;9,443;37,383
18,19;291,7;57,712;2,285;9,442;37,38
18,19;291,73;57,711;2,285;9,441;37,376
18,19;291,75;57,71;2,285;9,44;37,373
18,19;291,77;57,708;2,285;9,439;37,369
18,2;291,8;57,707;2,285;9,438;37,366
18,2;291,82;57,706;2,285;9,437;37,362
18,2;291,85;57,705;2,285;9,436;37,359
18,2;291,87;57,705;2,285;9,435;37,355
18,2;291,89;57,704;2,285;9,435;37,352
18,21;291,92;57,704;2,285;9,434;37,348
18,21;291,94;57,704;2,285;9,433;37,345
18,21;291,97;57,703;2,284;9,432;37,341
18,21;291,99;57,704;2,284;9,431;37,338
18,21;292,01;57,704;2,285;9,43;37,334
18,21;292,04;57,705;2,285;9,429;37,331
18,22;292,06;57,705;2,285;9,428;37,327
18,22;292,09;57,706;2,285;9,428;37,324
18,22;292,11;57,706;2,285;9,427;37,32
18,22;292,13;57,707;2,285;9,426;37,317
18,22;292,16;57,708;2,285;9,425;37,313
18,22;292,18;57,709;2,285;9,424;37,31
18,23;292,21;57,71;2,285;9,423;37,306
18,23;292,23;57,711;2,285;9,422;37,303
18,23;292,25;57,712;2,285;9,421;37,299
18,23;292,28;57,714;2,285;9,421;37,296
18,23;292,3;57,715;2,285;9,42;37,293
18,23;292,33;57,717;2,285;9,419;37,289
18,23;292,35;57,718;2,285;9,418;37,286
18,24;292,37;57,721;2,285;9,417;37,282
18,24;292,4;57,723;2,285;9,416;37,279
18,24;292,42;57,725;2,285;9,415;37,275
18,24;292,45;57,727;2,285;9,414;37,272
18,24;292,47;57,729;2,286;9,414;37,268
18,24;292,5;57,731;2,286;9,413;37,265
18,25;292,52;57,734;2,286;9,412;37,262
18,25;292,54;57,736;2,286;9,411;37,258
18,25;292,57;57,738;2,286;9,41;37,255
18,25;292,59;57,741;2,286;9,409;37,251
18,25;292,62;57,744;2,286;9,408;37,248
18,26;292,64;57,747;2,286;9,407;37,244
18,26;292,66;57,75;2,286;9,407;37,241
18,26;292,69;57,753;2,286;9,406;37,238
18,26;292,71;57,756;2,287;9,405;37,234
18,26;292,74;57,76;2,287;9,404;37,231
18,26;292,76;57,763;2,287;9,403;37,227
18,27;292,79;57,766;2,287;9,402;37,224
18,27;292,81;57,77;2,287;9,401;37,221
18,27;292,84;57,773;2,287;9,401;37,217
18,27;292,86;57,777;2,287;9,4;37,214
18,27;292,88;57,781;2,288;9,399;37,211
18,27;292,91;57,785;2,288;9,398;37,207
18,28;292,93;57,789;2,288;9,397;37,204
18,28;292,96;57,793;2,288;9,396;37,2
18,28;292,98;57,797;2,288;9,395;37,197
18,28;293,01;57,802;2,288;9,395;37,194
18,28;293,03;57,806;2,289;9,394;37,19
18,28;293,06;57,811;2,289;9,393;37,187
18,28;293,08;57,816;2,289;9,392;37,183
18,29;293,1;57,821;2,289;9,391;37,18
18,29;293,13;57,826;2,289;9,39;37,177
18,29;293,15;57,832;2,29;9,39;37,173
18,29;293,18;57,837;2,29;9,389;37,17
18,29;293,2;57,843;2,29;9,388;37,167
18,29;293,23;57,849;2,29;9,387;37,163
18,3;293,25;57,855;2,29;9,386;37,16
18,3;293,28;57,86;2,291;9,385;37,157
18,3;293,3;57,866;2,291;9,384;37,153
18,3;293,33;57,872;2,291;9,384;37,15
18,3;293,35;57,879;2,291;9,383;37,146
18,31;293,37;57,885;2,292;9,382;37,143
18,31;293,4;57,891;2,292;9,381;37,14
18,31;293,42;57,897;2,292;9,38;37,136
18,31;293,45;57,903;2,292;9,379;37,133
18,31;293,47;57,91;2,293;9,379;37,13
18,31;293,5;57,917;2,293;9,378;37,126
18,32;293,52;57,924;2,293;9,377;37,123
18,32;293,55;57,931;2,293;9,376;37,12
18,32;293,57;57,938;2,294;9,375;37,116
18,32;293,6;57,945;2,294;9,374;37,113
18,32;293,62;57,952;2,294;9,373;37,11
18,32;293,65;57,959;2,295;9,373;37,106
18,33;293,67;57,966;2,295;9,372;37,103
18,33;293,7;57,974;2,295;9,371;37,1
18,33;293,72;57,981;2,295;9,37;37,096
18,33;293,75;57,989;2,296;9,369;37,093
18,33;293,77;57,997;2,296;9,368;37,09
18,33;293,8;58,005;2,296;9,368;37,086
18,33;293,82;58,014;2,297;9,367;37,083
18,34;293,85;58,022;2,297;9,366;37,08
18,34;293,87;58,03;2,297;9,365;37,076
18,34;293,9;58,039;2,298;9,364;37,073
18,34;293,92;58,047;2,298;9,363;37,07
18,34;293,95;58,056;2,298;9,362;37,066
18,34;293,97;58,065;2,299;9,362;37,063
18,35;293,99;58,074;2,299;9,361;37,06
18,35;294,02;58,084;2,3;9,36;37,056
18,35;294,04;58,092;2,3;9,359;37,053
18,35;294,07;58,102;2,3;9,358;37,05
18,35;294,09;58,112;2,301;9,357;37,046
18,36;294,12;58,121;2,301;9,357;37,043
18,36;294,14;58,131;2,301;9,356;37,04
18,36;294,17;58,141;2,302;9,355;37,036
18,36;294,2;58,152;2,302;9,354;37,033
18,36;294,22;58,162;2,303;9,353;37,03
18,36;294,25;58,172;2,303;9,352;37,026
18,37;294,27;58,183;2,303;9,352;37,023
18,37;294,3;58,195;2,304;9,351;37,02
18,37;294,32;58,206;2,304;9,35;37,016
18,37;294,35;58,217;2,305;9,349;37,013
18,37;294,37;58,229;2,305;9,348;37,01
18,37;294,4;58,24;2,306;9,347;37,006
18,38;294,42;58,251;2,306;9,347;37,003
18,38;294,45;58,262;2,307;9,346;37
18,38;294,47;58,274;2,307;9,345;36,997
18,38;294,5;58,285;2,308;9,344;36,993
18,38;294,52;58,298;2,308;9,343;36,99
18,38;294,55;58,31;2,309;9,342;36,987
18,38;294,57;58,322;2,309;9,342;36,983
18,39;294,6;58,334;2,309;9,341;36,98
18,39;294,62;58,347;2,31;9,34;36,977
18,39;294,65;58,361;2,311;9,339;36,973
18,39;294,68;58,374;2,311;9,338;36,97
18,39;294,7;58,387;2,312;9,337;36,967
18,39;294,73;58,401;2,312;9,337;36,963
18,4;294,75;58,414;2,313;9,336;36,96
18,4;294,78;58,428;2,313;9,335;36,957
18,4;294,8;58,442;2,314;9,334;36,954
18,4;294,83;58,456;2,314;9,333;36,95
18,4;294,85;58,471;2,315;9,332;36,947
18,41;294,88;58,486;2,315;9,331;36,944
18,41;294,9;58,5;2,316;9,331;36,94
18,41;294,93;58,515;2,317;9,33;36,937
18,41;294,96;58,53;2,317;9,329;36,934
18,41;294,98;58,545;2,318;9,328;36,93
18,41;295,01;58,56;2,318;9,327;36,927
18,42;295,03;58,574;2,319;9,326;36,924
18,42;295,06;58,588;2,32;9,326;36,92
18,42;295,08;58,603;2,32;9,325;36,917
18,42;295,11;58,618;2,321;9,324;36,914
18,42;295,13;58,632;2,321;9,323;36,911
18,42;295,16;58,647;2,322;9,322;36,907
18,43;295,19;58,662;2,322;9,321;36,904
18,43;295,21;58,677;2,323;9,321;36,901
18,43;295,24;58,691;2,324;9,32;36,897
18,43;295,26;58,706;2,324;9,319;36,894
18,43;295,29;58,72;2,325;9,318;36,891
18,43;295,31;58,736;2,325;9,317;36,887
18,43;295,34;58,751;2,326;9,316;36,884
18,44;295,36;58,766;2,327;9,316;36,881
18,44;295,39;58,781;2,327;9,315;36,878
18,44;295,42;58,797;2,328;9,314;36,874
18,44;295,44;58,812;2,328;9,313;36,871
18,44;295,47;58,827;2,329;9,312;36,868
18,44;295,49;58,843;2,33;9,311;36,864
18,45;295,52;58,858;2,33;9,311;36,861
18,45;295,54;58,874;2,331;9,31;36,858
18,45;295,57;58,889;2,331;9,309;36,854
18,45;295,6;58,904;2,332;9,308;36,851
18,45;295,62;58,919;2,333;9,307;36,848
18,46;295,65;58,934;2,333;9,306;36,845
18,46;295,67;58,95;2,334;9,306;36,841
18,46;295,7;58,965;2,334;9,305;36,838
18,46;295,72;58,981;2,335;9,304;36,835
18,46;295,75;58,996;2,336;9,303;36,831
18,46;295,78;59,011;2,336;9,302;36,828
18,47;295,8;59,027;2,337;9,301;36,825
18,47;295,83;59,043;2,338;9,301;36,822
18,47;295,85;59,059;2,338;9,3;36,818
18,47;295,88;59,074;2,339;9,299;36,815
18,47;295,9;59,089;2,339;9,298;36,812
18,47;295,93;59,104;2,34;9,297;36,808
18,48;295,96;59,12;2,341;9,296;36,805
18,48;295,98;59,135;2,341;9,296;36,802
18,48;296,01;59,151;2,342;9,295;36,798
18,48;296,03;59,166;2,342;9,294;36,795
18,48;296,06;59,182;2,343;9,293;36,792
18,48;296,09;59,198;2,344;9,292;36,789
18,48;296,11;59,213;2,344;9,292;36,785
18,49;296,14;59,229;2,345;9,291;36,782
18,49;296,16;59,244;2,345;9,29;36,779
18,49;296,19;59,26;2,346;9,289;36,775
18,49;296,21;59,276;2,347;9,288;36,772
18,49;296,24;59,292;2,347;9,287;36,769
18,49;296,27;59,308;2,348;9,287;36,766
18,5;296,29;59,325;2,349;9,286;36,762
18,5;296,32;59,342;2,349;9,285;36,759
18,5;296,34;59,359;2,35;9,284;36,756
18,5;296,37;59,375;2,351;9,283;36,752
18,5;296,4;59,392;2,351;9,282;36,749
18,51;296,42;59,41;2,352;9,282;36,746
18,51;296,45;59,427;2,353;9,281;36,743
18,51;296,47;59,444;2,353;9,28;36,739
18,51;296,5;59,462;2,354;9,279;36,736
18,51;296,53;59,48;2,355;9,278;36,733
18,51;296,55;59,497;2,356;9,277;36,729
18,52;296,58;59,516;2,356;9,277;36,726
18,52;296,6;59,534;2,357;9,276;36,723
18,52;296,63;59,552;2,358;9,275;36,72
18,52;296,66;59,57;2,358;9,274;36,716
18,52;296,68;59,588;2,359;9,273;36,713
18,52;296,71;59,606;2,36;9,272;36,71
18,53;296,73;59,624;2,361;9,272;36,706
18,53;296,76;59,643;2,361;9,271;36,703
18,53;296,79;59,661;2,362;9,27;36,7
18,53;296,81;59,68;2,363;9,269;36,697
18,53;296,84;59,698;2,363;9,268;36,693
18,53;296,86;59,716;2,364;9,267;36,69
18,53;296,89;59,735;2,365;9,267;36,687
18,54;296,92;59,754;2,366;9,266;36,683
18,54;296,94;59,773;2,366;9,265;36,68
18,54;296,97;59,791;2,367;9,264;36,677
18,54;296,99;59,81;2,368;9,263;36,673
18,54;297,02;59,829;2,369;9,262;36,67
18,54;297,05;59,848;2,369;9,262;36,667
18,55;297,07;59,867;2,37;9,261;36,664
18,55;297,1;59,886;2,371;9,26;36,66
18,55;297,13;59,905;2,372;9,259;36,657
18,55;297,15;59,924;2,372;9,258;36,654
18,55;297,18;59,943;2,373;9,257;36,651
18,56;297,2;59,963;2,374;9,257;36,647
18,56;297,23;59,982;2,375;9,256;36,644
18,56;297,26;60,001;2,375;9,255;36,641
18,56;297,28;60,021;2,376;9,254;36,637
18,56;297,31;60,04;2,377;9,253;36,634
18,56;297,34;60,059;2,378;9,253;36,631
18,57;297,36;60,079;2,379;9,252;36,628
18,57;297,39;60,099;2,379;9,251;36,624
18,57;297,41;60,119;2,38;9,25;36,621
18,57;297,44;60,139;2,381;9,249;36,618
18,57;297,47;60,16;2,382;9,248;36,614
18,57;297,49;60,18;2,383;9,248;36,611
18,58;297,52;60,2;2,383;9,247;36,608
18,58;297,55;60,22;2,384;9,246;36,605
18,58;297,57;60,241;2,385;9,245;36,601
18,58;297,6;60,261;2,386;9,244;36,598
18,58;297,62;60,281;2,387;9,243;36,595
18,58;297,65;60,302;2,387;9,243;36,591
18,58;297,68;60,323;2,388;9,242;36,588
18,59;297,7;60,344;2,389;9,241;36,585
18,59;297,73;60,364;2,39;9,24;36,581
18,59;297,76;60,385;2,391;9,239;36,578
18,59;297,78;60,406;2,391;9,238;36,575
18,59;297,81;60,427;2,392;9,237;36,571
18,59;297,84;60,449;2,393;9,237;36,568
18,6;297,86;60,47;2,394;9,236;36,565
18,6;297,89;60,491;2,395;9,235;36,562
18,6;297,92;60,512;2,396;9,234;36,558
18,6;297,94;60,533;2,397;9,233;36,555
18,6;297,97;60,554;2,397;9,232;36,552
18,61;298;60,575;2,398;9,232;36,548
18,61;298,02;60,597;2,399;9,231;36,545
18,61;298,05;60,62;2,4;9,23;36,542
18,61;298,07;60,641;2,401;9,229;36,538
18,61;298,1;60,663;2,402;9,228;36,535
18,61;298,13;60,685;2,403;9,227;36,532
18,62;298,15;60,707;2,403;9,227;36,528
18,62;298,18;60,73;2,404;9,226;36,525
18,62;298,21;60,752;2,405;9,225;36,522
18,62;298,23;60,774;2,406;9,224;36,519
18,62;298,26;60,797;2,407;9,223;36,515
18,62;298,29;60,819;2,408;9,222;36,512
18,63;298,31;60,842;2,409;9,222;36,509
18,63;298,34;60,865;2,41;9,221;36,505
18,63;298,37;60,887;2,411;9,22;36,502
18,63;298,39;60,909;2,411;9,219;36,499
18,63;298,42;60,931;2,412;9,218;36,495
18,63;298,45;60,953;2,413;9,217;36,492
18,63;298,47;60,976;2,414;9,217;36,489
18,64;298,5;60,999;2,415;9,216;36,485
18,64;298,53;61,022;2,416;9,215;36,482
18,64;298,55;61,045;2,417;9,214;36,479
18,64;298,58;61,068;2,418;9,213;36,475
18,64;298,61;61,092;2,419;9,212;36,472
18,64;298,64;61,116;2,42;9,211;36,469
18,65;298,66;61,139;2,421;9,211;36,465
18,65;298,69;61,162;2,421;9,21;36,462
18,65;298,72;61,186;2,422;9,209;36,459
18,65;298,74;61,21;2,423;9,208;36,455
18,65;298,77;61,234;2,424;9,207;36,452
18,66;298,8;61,258;2,425;9,206;36,448
18,66;298,82;61,282;2,426;9,206;36,445
18,66;298,85;61,306;2,427;9,205;36,442
18,66;298,88;61,331;2,428;9,204;36,438
18,66;298,9;61,355;2,429;9,203;36,435
18,66;298,93;61,38;2,43;9,202;36,432
18,67;298,96;61,405;2,431;9,201;36,428
18,67;298,98;61,429;2,432;9,201;36,425
18,67;299,01;61,454;2,433;9,2;36,422
18,67;299,04;61,479;2,434;9,199;36,419
18,67;299,06;61,504;2,435;9,198;36,415
18,67;299,09;61,529;2,436;9,197;36,412
18,68;299,12;61,554;2,437;9,196;36,409
18,68;299,15;61,579;2,438;9,196;36,405
18,68;299,17;61,604;2,439;9,195;36,402
18,68;299,2;61,629;2,44;9,194;36,399
18,68;299,23;61,654;2,441;9,193;36,395
18,68;299,25;61,68;2,442;9,192;36,392
18,68;299,28;61,706;2,443;9,191;36,389
18,69;299,31;61,731;2,444;9,19;36,385
18,69;299,33;61,755;2,445;9,19;36,382
18,69;299,36;61,78;2,446;9,189;36,379
18,69;299,39;61,804;2,447;9,188;36,375
18,69;299,42;61,83;2,448;9,187;36,372
18,69;299,44;61,855;2,449;9,186;36,369
18,7;299,47;61,879;2,45;9,185;36,365
18,7;299,5;61,905;2,451;9,185;36,362
18,7;299,52;61,93;2,452;9,184;36,359
18,7;299,55;61,955;2,453;9,183;36,355
18,7;299,58;61,981;2,454;9,182;36,352
18,71;299,6;62,007;2,455;9,181;36,349
18,71;299,63;62,033;2,456;9,18;36,345
18,71;299,66;62,058;2,457;9,18;36,342
18,71;299,69;62,084;2,458;9,179;36,339
18,71;299,71;62,11;2,459;9,178;36,335
18,71;299,74;62,137;2,46;9,177;36,332
18,72;299,77;62,164;2,461;9,176;36,329
18,72;299,79;62,191;2,462;9,175;36,325
18,72;299,82;62,218;2,463;9,174;36,322
18,72;299,85;62,245;2,464;9,174;36,318
18,72;299,88;62,272;2,465;9,173;36,315
18,72;299,9;62,3;2,466;9,172;36,312
18,73;299,93;62,326;2,468;9,171;36,308
18,73;299,96;62,354;2,469;9,17;36,305
18,73;299,98;62,381;2,47;9,169;36,302
18,73;300,01;62,409;2,471;9,169;36,298
18,73;300,04;62,437;2,472;9,168;36,295
18,73;300,07;62,464;2,473;9,167;36,292
18,73;300,09;62,492;2,474;9,166;36,288
18,74;300,12;62,52;2,475;9,165;36,285
18,74;300,15;62,548;2,476;9,164;36,282
18,74;300,17;62,576;2,477;9,163;36,278
18,74;300,2;62,603;2,478;9,163;36,275
18,74;300,23;62,631;2,48;9,162;36,272
18,74;300,26;62,659;2,481;9,161;36,268
18,75;300,28;62,687;2,482;9,16;36,265
18,75;300,31;62,716;2,483;9,159;36,262
18,75;300,34;62,744;2,484;9,158;36,258
18,75;300,37;62,772;2,485;9,158;36,255
18,75;300,39;62,8;2,486;9,157;36,251
18,76;300,42;62,83;2,487;9,156;36,248
18,76;300,45;62,859;2,489;9,155;36,245
18,76;300,47;62,888;2,49;9,154;36,241
18,76;300,5;62,918;2,491;9,153;36,238
18,76;300,53;62,947;2,492;9,152;36,235
18,76;300,56;62,977;2,493;9,152;36,231
18,77;300,58;63,007;2,494;9,151;36,228
18,77;300,61;63,037;2,496;9,15;36,224
18,77;300,64;63,067;2,497;9,149;36,221
18,77;300,66;63,098;2,498;9,148;36,218
18,77;300,69;63,129;2,499;9,147;36,214
18,77;300,72;63,16;2,501;9,146;36,211
18,78;300,75;63,191;2,502;9,146;36,208
18,78;300,77;63,223;2,503;9,145;36,204
18,78;300,8;63,255;2,504;9,144;36,201
18,78;300,83;63,286;2,506;9,143;36,198
18,78;300,86;63,318;2,507;9,142;36,194
18,78;300,88;63,349;2,508;9,141;36,191
18,78;300,91;63,381;2,509;9,14;36,187
18,79;300,94;63,413;2,511;9,14;36,184
18,79;300,97;63,444;2,512;9,139;36,181
18,79;300,99;63,476;2,513;9,138;36,177
18,79;301,02;63,509;2,514;9,137;36,174
18,79;301,05;63,542;2,516;9,136;36,171
18,79;301,08;63,574;2,517;9,135;36,167
18,8;301,1;63,607;2,518;9,135;36,164
18,8;301,13;63,64;2,52;9,134;36,16
18,8;301,16;63,672;2,521;9,133;36,157
18,8;301,19;63,705;2,522;9,132;36,154
18,8;301,21;63,738;2,523;9,131;36,15
18,81;301,24;63,77;2,525;9,13;36,147
18,81;301,27;63,803;2,526;9,129;36,144
18,81;301,3;63,837;2,527;9,129;36,14
18,81;301,32;63,869;2,529;9,128;36,137
18,81;301,35;63,903;2,53;9,127;36,133
18,81;301,38;63,935;2,531;9,126;36,13
18,82;301,41;63,969;2,533;9,125;36,127
18,82;301,43;64,002;2,534;9,124;36,123
18,82;301,46;64,035;2,535;9,123;36,12
18,82;301,49;64,068;2,536;9,123;36,116
18,82;301,52;64,102;2,538;9,122;36,113
18,82;301,54;64,136;2,539;9,121;36,11
18,83;301,57;64,169;2,54;9,12;36,106
18,83;301,6;64,202;2,542;9,119;36,103
18,83;301,63;64,236;2,543;9,118;36,1
18,83;301,65;64,269;2,544;9,117;36,096
18,83;301,68;64,303;2,546;9,117;36,093
18,83;301,71;64,337;2,547;9,116;36,089
18,83;301,74;64,372;2,548;9,115;36,086
18,84;301,77;64,405;2,55;9,114;36,083
18,84;301,79;64,438;2,551;9,113;36,079
18,84;301,82;64,472;2,552;9,112;36,076
18,84;301,85;64,506;2,554;9,111;36,073
18,84;301,88;64,54;2,555;9,111;36,069
18,84;301,9;64,574;2,556;9,11;36,066
18,85;301,93;64,608;2,558;9,109;36,062
18,85;301,96;64,642;2,559;9,108;36,059
18,85;301,99;64,677;2,561;9,107;36,056
18,85;302,02;64,711;2,562;9,106;36,052
18,85;302,04;64,745;2,563;9,105;36,049
18,86;302,07;64,779;2,565;9,105;36,045
18,86;302,1;64,814;2,566;9,104;36,042
18,86;302,13;64,848;2,567;9,103;36,039
18,86;302,15;64,883;2,569;9,102;36,035
18,86;302,18;64,917;2,57;9,101;36,032
18,86;302,21;64,952;2,571;9,1;36,028
18,87;302,24;64,987;2,573;9,099;36,025
18,87;302,27;65,022;2,574;9,099;36,022
18,87;302,29;65,057;2,576;9,098;36,018
18,87;302,32;65,092;2,577;9,097;36,015
18,87;302,35;65,127;2,578;9,096;36,011
18,87;302,38;65,162;2,58;9,095;36,008
18,88;302,4;65,198;2,581;9,094;36,005
18,88;302,43;65,232;2,583;9,093;36,001
18,88;302,46;65,268;2,584;9,093;35,998
18,88;302,49;65,303;2,585;9,092;35,994
18,88;302,52;65,338;2,587;9,091;35,991
18,88;302,54;65,373;2,588;9,09;35,988
18,88;302,57;65,409;2,59;9,089;35,984
18,89;302,6;65,445;2,591;9,088;35,981
18,89;302,63;65,481;2,592;9,087;35,977
18,89;302,65;65,517;2,594;9,087;35,974
18,89;302,68;65,553;2,595;9,086;35,971
18,89;302,71;65,589;2,597;9,085;35,967
18,89;302,74;65,625;2,598;9,084;35,964
18,9;302,77;65,661;2,6;9,083;35,96
18,9;302,79;65,697;2,601;9,082;35,957
18,9;302,82;65,734;2,602;9,081;35,954
18,9;302,85;65,77;2,604;9,081;35,95
18,9;302,88;65,807;2,605;9,08;35,947
18,91;302,91;65,844;2,607;9,079;35,943
18,91;302,93;65,88;2,608;9,078;35,94
18,91;302,96;65,918;2,61;9,077;35,936
18,91;302,99;65,955;2,611;9,076;35,933
18,91;303,02;65,992;2,613;9,075;35,93
18,91;303,05;66,029;2,614;9,075;35,926
18,92;303,07;66,066;2,616;9,074;35,923
18,92;303,1;66,103;2,617;9,073;35,919
18,92;303,13;66,139;2,618;9,072;35,916
18,92;303,16;66,176;2,62;9,071;35,912
18,92;303,19;66,214;2,621;9,07;35,909
18,92;303,21;66,251;2,623;9,069;35,906
18,93;303,24;66,289;2,624;9,068;35,902
18,93;303,27;66,327;2,626;9,068;35,899
18,93;303,3;66,364;2,627;9,067;35,895
18,93;303,33;66,401;2,629;9,066;35,892
18,93;303,35;66,439;2,63;9,065;35,888
18,93;303,38;66,477;2,632;9,064;35,885
18,93;303,41;66,516;2,633;9,063;35,882
18,94;303,44;66,554;2,635;9,062;35,878
18,94;303,47;66,593;2,636;9,061;35,875
18,94;303,49;66,631;2,638;9,061;35,871
18,94;303,52;66,67;2,639;9,06;35,868
18,94;303,55;66,708;2,641;9,059;35,864
18,94;303,58;66,747;2,643;9,058;35,861
18,95;303,61;66,785;2,644;9,057;35,858
18,95;303,63;66,824;2,646;9,056;35,854
18,95;303,66;66,862;2,647;9,055;35,851
18,95;303,69;66,901;2,649;9,055;35,847
18,95;303,72;66,94;2,65;9,054;35,844
18,96;303,75;66,979;2,652;9,053;35,84
18,96;303,77;67,018;2,653;9,052;35,837
18,96;303,8;67,057;2,655;9,051;35,833
18,96;303,83;67,096;2,656;9,05;35,83
18,96;303,86;67,134;2,658;9,049;35,827
18,96;303,89;67,174;2,659;9,048;35,823
18,97;303,91;67,213;2,661;9,048;35,82
18,97;303,94;67,253;2,663;9,047;35,816
18,97;303,97;67,292;2,664;9,046;35,813
18,97;304;67,331;2,666;9,045;35,809
18,97;304,03;67,37;2,667;9,044;35,806
18,97;304,06;67,409;2,669;9,043;35,802
18,98;304,08;67,449;2,67;9,042;35,799
18,98;304,11;67,488;2,672;9,041;35,796
18,98;304,14;67,528;2,673;9,041;35,792
18,98;304,17;67,567;2,675;9,04;35,789
18,98;304,2;67,607;2,677;9,039;35,785
18,98;304,22;67,646;2,678;9,038;35,782
18,98;304,25;67,685;2,68;9,037;35,778
18,99;304,28;67,725;2,681;9,036;35,775
18,99;304,31;67,765;2,683;9,035;35,771
18,99;304,34;67,805;2,684;9,035;35,768
18,99;304,37;67,845;2,686;9,034;35,764
18,99;304,39;67,885;2,688;9,033;35,761
18,99;304,42;67,926;2,689;9,032;35,758
19;304,45;67,966;2,691;9,031;35,754
19;304,48;68,007;2,692;9,03;35,751
19;304,51;68,048;2,694;9,029;35,747
19;304,54;68,089;2,696;9,028;35,744
19;304,56;68,13;2,697;9,028;35,74
19,01;304,59;68,171;2,699;9,027;35,737
19,01;304,62;68,214;2,701;9,026;35,733
19,01;304,65;68,254;2,702;9,025;35,73
19,01;304,68;68,295;2,704;9,024;35,726
19,01;304,7;68,336;2,705;9,023;35,723
19,01;304,73;68,378;2,707;9,022;35,719
19,02;304,76;68,418;2,709;9,021;35,716
19,02;304,79;68,459;2,71;9,021;35,712
19,02;304,82;68,499;2,712;9,02;35,709
19,02;304,85;68,541;2,714;9,019;35,706
19,02;304,87;68,582;2,715;9,018;35,702
19,02;304,9;68,624;2,717;9,017;35,699
19,03;304,93;68,666;2,719;9,016;35,695
19,03;304,96;68,707;2,72;9,015;35,692
19,03;304,99;68,748;2,722;9,014;35,688
19,03;305,02;68,79;2,723;9,013;35,685
19,03;305,04;68,832;2,725;9,013;35,681
19,03;305,07;68,874;2,727;9,012;35,678
19,03;305,1;68,916;2,728;9,011;35,674
19,04;305,13;68,958;2,73;9,01;35,671
19,04;305,16;69;2,732;9,009;35,667
19,04;305,19;69,041;2,733;9,008;35,664
19,04;305,21;69,083;2,735;9,007;35,66
19,04;305,24;69,125;2,737;9,006;35,657
19,04;305,27;69,168;2,738;9,006;35,653
19,05;305,3;69,211;2,74;9,005;35,65
19,05;305,33;69,253;2,742;9,004;35,646
19,05;305,36;69,296;2,743;9,003;35,643
19,05;305,38;69,338;2,745;9,002;35,639
19,05;305,41;69,381;2,747;9,001;35,636
19,06;305,44;69,425;2,749;9;35,632
19,06;305,47;69,468;2,75;8,999;35,629
19,06;305,5;69,511;2,752;8,999;35,625
19,06;305,53;69,554;2,754;8,998;35,622
19,06;305,56;69,597;2,755;8,997;35,618
19,06;305,58;69,641;2,757;8,996;35,615
19,07;305,61;69,684;2,759;8,995;35,611
19,07;305,64;69,727;2,761;8,994;35,608
19,07;305,67;69,771;2,762;8,993;35,604
19,07;305,7;69,814;2,764;8,992;35,601
19,07;305,73;69,858;2,766;8,991;35,597
19,07;305,75;69,901;2,767;8,991;35,594
19,08;305,78;69,944;2,769;8,99;35,59
19,08;305,81;69,987;2,771;8,989;35,587
19,08;305,84;70,031;2,773;8,988;35,583
19,08;305,87;70,074;2,774;8,987;35,58
19,08;305,9;70,117;2,776;8,986;35,576
19,08;305,92;70,16;2,778;8,985;35,573
19,08;305,95;70,204;2,779;8,984;35,569
19,09;305,98;70,247;2,781;8,983;35,566
19,09;306,01;70,29;2,783;8,983;35,562
19,09;306,04;70,333;2,785;8,982;35,559
19,09;306,07;70,377;2,786;8,981;35,555
19,09;306,1;70,421;2,788;8,98;35,552
19,09;306,12;70,464;2,79;8,979;35,548
19,1;306,15;70,507;2,791;8,978;35,545
19,1;306,18;70,551;2,793;8,977;35,541
19,1;306,21;70,596;2,795;8,976;35,538
19,1;306,24;70,64;2,797;8,976;35,534
19,1;306,27;70,684;2,798;8,975;35,531
19,11;306,3;70,728;2,8;8,974;35,527
19,11;306,32;70,771;2,802;8,973;35,524
19,11;306,35;70,815;2,804;8,972;35,52
19,11;306,38;70,859;2,805;8,971;35,517
19,11;306,41;70,903;2,807;8,97;35,513
19,11;306,44;70,947;2,809;8,969;35,51
19,12;306,47;70,991;2,811;8,968;35,506
19,12;306,49;71,035;2,812;8,968;35,503
19,12;306,52;71,08;2,814;8,967;35,499
19,12;306,55;71,123;2,816;8,966;35,496
19,12;306,58;71,168;2,818;8,965;35,492
19,12;306,61;71,212;2,819;8,964;35,489
19,13;306,64;71,256;2,821;8,963;35,485
19,13;306,67;71,301;2,823;8,962;35,482
19,13;306,69;71,344;2,825;8,961;35,478
19,13;306,72;71,389;2,826;8,96;35,475
19,13;306,75;71,433;2,828;8,96;35,471
19,13;306,78;71,477;2,83;8,959;35,468
19,13;306,81;71,521;2,832;8,958;35,464
19,14;306,84;71,566;2,833;8,957;35,461
19,14;306,87;71,609;2,835;8,956;35,457
19,14;306,89;71,653;2,837;8,955;35,454
19,14;306,92;71,697;2,839;8,954;35,45
19,14;306,95;71,742;2,84;8,953;35,447
19,14;306,98;71,786;2,842;8,952;35,443
19,15;307,01;71,831;2,844;8,952;35,44
19,15;307,04;71,875;2,846;8,951;35,436
19,15;307,07;71,92;2,847;8,95;35,433
19,15;307,09;71,964;2,849;8,949;35,429
19,15;307,12;72,009;2,851;8,948;35,426
19,16;307,15;72,054;2,853;8,947;35,422
19,16;307,18;72,098;2,854;8,946;35,418
19,16;307,21;72,142;2,856;8,945;35,415
19,16;307,24;72,186;2,858;8,944;35,411
19,16;307,27;72,231;2,86;8,944;35,408
19,16;307,29;72,276;2,861;8,943;35,404
19,17;307,32;72,321;2,863;8,942;35,401
19,17;307,35;72,366;2,865;8,941;35,397
19,17;307,38;72,411;2,867;8,94;35,394
19,17;307,41;72,455;2,869;8,939;35,39
19,17;307,44;72,5;2,87;8,938;35,387
19,17;307,47;72,546;2,872;8,937;35,383
19,18;307,49;72,591;2,874;8,936;35,38
19,18;307,52;72,635;2,876;8,936;35,376
19,18;307,55;72,681;2,877;8,935;35,373
19,18;307,58;72,726;2,879;8,934;35,369
19,18;307,61;72,771;2,881;8,933;35,366
19,18;307,64;72,816;2,883;8,932;35,362
19,18;307,67;72,861;2,885;8,931;35,358
19,19;307,69;72,907;2,886;8,93;35,355
19,19;307,72;72,952;2,888;8,929;35,351
19,19;307,75;72,998;2,89;8,928;35,348
19,19;307,78;73,044;2,892;8,928;35,344
19,19;307,81;73,089;2,894;8,927;35,341
19,19;307,84;73,134;2,895;8,926;35,337
19,2;307,87;73,18;2,897;8,925;35,334
19,2;307,89;73,226;2,899;8,924;35,33
19,2;307,92;73,27;2,901;8,923;35,327
19,2;307,95;73,316;2,903;8,922;35,323
19,2;307,98;73,362;2,904;8,921;35,32
19,21;308,01;73,408;2,906;8,92;35,316
19,21;308,04;73,454;2,908;8,92;35,313
19,21;308,07;73,5;2,91;8,919;35,309
19,21;308,09;73,546;2,912;8,918;35,305
19,21;308,12;73,592;2,914;8,917;35,302
19,21;308,15;73,638;2,915;8,916;35,298
19,22;308,18;73,684;2,917;8,915;35,295
19,22;308,21;73,731;2,919;8,914;35,291
19,22;308,24;73,777;2,921;8,913;35,288
19,22;308,27;73,823;2,923;8,912;35,284
19,22;308,29;73,869;2,925;8,911;35,281
19,22;308,32;73,915;2,926;8,911;35,277
19,23;308,35;73,962;2,928;8,91;35,273
19,23;308,38;74,007;2,93;8,909;35,27
19,23;308,41;74,054;2,932;8,908;35,266
19,23;308,44;74,101;2,934;8,907;35,263
19,23;308,47;74,147;2,935;8,906;35,259
19,23;308,5;74,193;2,937;8,905;35,256
19,23;308,52;74,24;2,939;8,904;35,252
19,24;308,55;74,285;2,941;8,903;35,249
19,24;308,58;74,332;2,943;8,902;35,245
19,24;308,61;74,379;2,945;8,902;35,241
19,24;308,64;74,426;2,947;8,901;35,238
19,24;308,67;74,472;2,948;8,9;35,234
19,24;308,7;74,518;2,95;8,899;35,231
19,25;308,72;74,565;2,952;8,898;35,227
19,25;308,75;74,611;2,954;8,897;35,224
19,25;308,78;74,658;2,956;8,896;35,22
19,25;308,81;74,705;2,958;8,895;35,217
19,25;308,84;74,751;2,959;8,894;35,213
19,26;308,87;74,797;2,961;8,893;35,209
19,26;308,9;74,844;2,963;8,893;35,206
19,26;308,93;74,891;2,965;8,892;35,202
19,26;308,95;74,937;2,967;8,891;35,199
19,26;308,98;74,984;2,969;8,89;35,195
19,26;309,01;75,031;2,97;8,889;35,192
19,27;309,04;75,078;2,972;8,888;35,188
19,27;309,07;75,125;2,974;8,887;35,185
19,27;309,1;75,172;2,976;8,886;35,181
19,27;309,13;75,218;2,978;8,885;35,177
19,27;309,16;75,265;2,98;8,884;35,174
19,27;309,18;75,312;2,982;8,884;35,17
19,28;309,21;75,358;2,983;8,883;35,167
19,28;309,24;75,405;2,985;8,882;35,163
19,28;309,27;75,452;2,987;8,881;35,16
19,28;309,3;75,499;2,989;8,88;35,156
19,28;309,33;75,546;2,991;8,879;35,152
19,28;309,36;75,593;2,993;8,878;35,149
19,28;309,38;75,64;2,995;8,877;35,145
19,29;309,41;75,687;2,996;8,876;35,142
19,29;309,44;75,734;2,998;8,875;35,138
19,29;309,47;75,781;3;8,875;35,135
19,29;309,5;75,828;3,002;8,874;35,131
19,29;309,53;75,874;3,004;8,873;35,127
19,29;309,56;75,921;3,006;8,872;35,124
19,3;309,59;75,967;3,008;8,871;35,12
19,3;309,61;76,014;3,009;8,87;35,117
19,3;309,64;76,061;3,011;8,869;35,113
19,3;309,67;76,107;3,013;8,868;35,11
19,3;309,7;76,154;3,015;8,867;35,106
19,31;309,73;76,201;3,017;8,866;35,102
19,31;309,76;76,248;3,019;8,866;35,099
19,31;309,79;76,295;3,021;8,865;35,095
19,31;309,82;76,342;3,022;8,864;35,092
19,31;309,84;76,389;3,024;8,863;35,088
19,31;309,87;76,436;3,026;8,862;35,085
19,32;309,9;76,483;3,028;8,861;35,081
19,32;309,93;76,53;3,03;8,86;35,077
19,32;309,96;76,578;3,032;8,859;35,074
19,32;309,99;76,625;3,034;8,858;35,07
19,32;310,02;76,672;3,035;8,857;35,067
19,32;310,04;76,719;3,037;8,857;35,063
19,33;310,07;76,766;3,039;8,856;35,06
19,33;310,1;76,813;3,041;8,855;35,056
19,33;310,13;76,86;3,043;8,854;35,052
19,33;310,16;76,908;3,045;8,853;35,049
19,33;310,19;76,956;3,047;8,852;35,045
19,33;310,22;77,003;3,049;8,851;35,042
19,33;310,25;77,05;3,05;8,85;35,038
19,34;310,27;77,098;3,052;8,849;35,035
19,34;310,3;77,145;3,054;8,848;35,031
19,34;310,33;77,192;3,056;8,848;35,027
19,34;310,36;77,239;3,058;8,847;35,024
19,34;310,39;77,287;3,06;8,846;35,02
19,34;310,42;77,335;3,062;8,845;35,017
19,35;310,45;77,382;3,064;8,844;35,013
19,35;310,48;77,429;3,065;8,843;35,01
19,35;310,5;77,476;3,067;8,842;35,006
19,35;310,53;77,524;3,069;8,841;35,003
19,35;310,56;77,571;3,071;8,84;34,999
19,36;310,59;77,618;3,073;8,839;34,995
19,36;310,62;77,666;3,075;8,839;34,992
19,36;310,65;77,713;3,077;8,838;34,988
19,36;310,68;77,76;3,079;8,837;34,985
19,36;310,7;77,808;3,08;8,836;34,981
19,36;310,73;77,855;3,082;8,835;34,978
19,37;310,76;77,904;3,084;8,834;34,974
19,37;310,79;77,951;3,086;8,833;34,97
19,37;310,82;77,999;3,088;8,832;34,967
19,37;310,85;78,046;3,09;8,831;34,963
19,37;310,88;78,094;3,092;8,83;34,96
19,37;310,91;78,141;3,094;8,83;34,956
19,38;310,93;78,189;3,096;8,829;34,953
19,38;310,96;78,237;3,097;8,828;34,949
19,38;310,99;78,285;3,099;8,827;34,946
19,38;311,02;78,333;3,101;8,826;34,942
19,38;311,05;78,381;3,103;8,825;34,938
19,38;311,08;78,429;3,105;8,824;34,935
19,38;311,11;78,477;3,107;8,823;34,931
19,39;311,14;78,525;3,109;8,822;34,928
19,39;311,16;78,573;3,111;8,821;34,924
19,39;311,19;78,621;3,113;8,821;34,921
19,39;311,22;78,669;3,115;8,82;34,917
19,39;311,25;78,716;3,116;8,819;34,913
19,39;311,28;78,764;3,118;8,818;34,91
19,4;311,31;78,811;3,12;8,817;34,906
19,4;311,34;78,86;3,122;8,816;34,903
19,4;311,36;78,907;3,124;8,815;34,899
19,4;311,39;78,955;3,126;8,814;34,896
19,4;311,42;79,003;3,128;8,813;34,892
19,41;311,45;79,05;3,13;8,812;34,889
19,41;311,48;79,098;3,132;8,812;34,885
19,41;311,51;79,146;3,133;8,811;34,881
19,41;311,54;79,194;3,135;8,81;34,878
19,41;311,57;79,242;3,137;8,809;34,874
19,41;311,59;79,29;3,139;8,808;34,871
19,42;311,62;79,337;3,141;8,807;34,867
19,42;311,65;79,385;3,143;8,806;34,864
19,42;311,68;79,433;3,145;8,805;34,86
19,42;311,71;79,481;3,147;8,804;34,856
19,42;311,74;79,529;3,149;8,803;34,853
19,42;311,77;79,578;3,151;8,802;34,849
19,43;311,8;79,625;3,152;8,802;34,846
19,43;311,82;79,673;3,154;8,801;34,842
19,43;311,85;79,72;3,156;8,8;34,839
19,43;311,88;79,768;3,158;8,799;34,835
19,43;311,91;79,816;3,16;8,798;34,831
19,43;311,94;79,863;3,162;8,797;34,828
19,43;311,97;79,911;3,164;8,796;34,824
19,44;312;79,959;3,166;8,795;34,821
19,44;312,02;80,006;3,167;8,794;34,817
19,44;312,05;80,054;3,169;8,793;34,813
19,44;312,08;80,102;3,171;8,793;34,81
19,44;312,11;80,15;3,173;8,792;34,806
19,44;312,14;80,198;3,175;8,791;34,803
19,45;312,17;80,246;3,177;8,79;34,799
19,45;312,2;80,293;3,179;8,789;34,796
19,45;312,22;80,341;3,181;8,788;34,792
19,45;312,25;80,389;3,183;8,787;34,789
19,45;312,28;80,436;3,184;8,786;34,785
19,46;312,31;80,484;3,186;8,785;34,781
19,46;312,34;80,532;3,188;8,784;34,778
19,46;312,37;80,58;3,19;8,784;34,774
19,46;312,4;80,628;3,192;8,783;34,771
19,46;312,43;80,675;3,194;8,782;34,767
19,46;312,45;80,723;3,196;8,781;34,764
19,47;312,48;80,77;3,198;8,78;34,76
19,47;312,51;80,818;3,2;8,779;34,756
19,47;312,54;80,866;3,202;8,778;34,753
19,47;312,57;80,914;3,203;8,777;34,749
19,47;312,6;80,961;3,205;8,776;34,746
19,47;312,63;81,009;3,207;8,775;34,742
19,48;312,65;81,057;3,209;8,775;34,739
19,48;312,68;81,104;3,211;8,774;34,735
19,48;312,71;81,152;3,213;8,773;34,731
19,48;312,74;81,199;3,215;8,772;34,728
19,48;312,77;81,247;3,217;8,771;34,724
19,48;312,8;81,293;3,218;8,77;34,721
19,48;312,83;81,341;3,22;8,769;34,717
19,49;312,85;81,388;3,222;8,768;34,714
19,49;312,88;81,436;3,224;8,767;34,71
19,49;312,91;81,484;3,226;8,766;34,707
19,49;312,94;81,532;3,228;8,766;34,703
19,49;312,97;81,579;3,23;8,765;34,699
19,49;313;81,626;3,232;8,764;34,696
19,5;313,03;81,674;3,233;8,763;34,692
19,5;313,05;81,721;3,235;8,762;34,689
19,5;313,08;81,769;3,237;8,761;34,685
19,5;313,11;81,816;3,239;8,76;34,682
19,5;313,14;81,864;3,241;8,759;34,678
19,51;313,17;81,911;3,243;8,758;34,674
19,51;313,2;81,957;3,245;8,757;34,671
19,51;313,23;82,005;3,247;8,757;34,667
19,51;313,25;82,052;3,248;8,756;34,664
19,51;313,28;82,101;3,25;8,755;34,66
19,51;313,31;82,148;3,252;8,754;34,657
19,52;313,34;82,195;3,254;8,753;34,653
19,52;313,37;82,243;3,256;8,752;34,65
19,52;313,4;82,291;3,258;8,751;34,646
19,52;313,43;82,338;3,26;8,75;34,642
19,52;313,45;82,386;3,262;8,749;34,639
19,52;313,48;82,433;3,264;8,748;34,635
19,53;313,51;82,48;3,265;8,748;34,632
19,53;313,54;82,528;3,267;8,747;34,628
19,53;313,57;82,575;3,269;8,746;34,625
19,53;313,6;82,622;3,271;8,745;34,621
19,53;313,63;82,671;3,273;8,744;34,618
19,53;313,65;82,718;3,275;8,743;34,614
19,53;313,68;82,765;3,277;8,742;34,61
19,54;313,71;82,812;3,279;8,741;34,607
19,54;313,74;82,86;3,28;8,74;34,603
19,54;313,77;82,908;3,282;8,739;34,6
19,54;313,8;82,955;3,284;8,739;34,596
19,54;313,83;83,002;3,286;8,738;34,593
19,54;313,85;83,05;3,288;8,737;34,589
19,55;313,88;83,097;3,29;8,736;34,585
19,55;313,91;83,144;3,292;8,735;34,582
19,55;313,94;83,191;3,294;8,734;34,578
19,55;313,97;83,238;3,295;8,733;34,575
19,55;314;83,285;3,297;8,732;34,571
19,56;314,03;83,332;3,299;8,731;34,568
19,56;314,05;83,379;3,301;8,73;34,564
19,56;314,08;83,426;3,303;8,73;34,561
19,56;314,11;83,473;3,305;8,729;34,557
19,56;314,14;83,52;3,307;8,728;34,553
19,56;314,17;83,567;3,308;8,727;34,55
19,57;314,2;83,615;3,31;8,726;34,546
19,57;314,23;83,663;3,312;8,725;34,543
19,57;314,25;83,71;3,314;8,724;34,539
19,57;314,28;83,757;3,316;8,723;34,536
19,57;314,31;83,804;3,318;8,722;34,532
19,57;314,34;83,851;3,32;8,721;34,529
19,58;314,37;83,898;3,322;8,721;34,525
19,58;314,4;83,945;3,323;8,72;34,521
19,58;314,43;83,992;3,325;8,719;34,518
19,58;314,45;84,039;3,327;8,718;34,514
19,58;314,48;84,086;3,329;8,717;34,511
19,58;314,51;84,134;3,331;8,716;34,507
19,58;314,54;84,181;3,333;8,715;34,504
19,59;314,57;84,227;3,335;8,714;34,5
19,59;314,6;84,274;3,336;8,713;34,497
19,59;314,63;84,322;3,338;8,713;34,493
19,59;314,65;84,369;3,34;8,712;34,49
19,59;314,68;84,416;3,342;8,711;34,486
19,59;314,71;84,462;3,344;8,71;34,482
19,6;314,74;84,509;3,346;8,709;34,479
19,6;314,77;84,556;3,348;8,708;34,475
19,6;314,8;84,602;3,349;8,707;34,472
19,6;314,82;84,649;3,351;8,706;34,468
19,6;314,85;84,696;3,353;8,705;34,465
19,61;314,88;84,742;3,355;8,704;34,461
19,61;314,91;84,789;3,357;8,704;34,458
19,61;314,94;84,836;3,359;8,703;34,454
19,61;314,97;84,882;3,36;8,702;34,451
19,61;314,99;84,928;3,362;8,701;34,447
19,61;315,02;84,974;3,364;8,7;34,444
19,62;315,05;85,019;3,366;8,699;34,44
19,62;315,08;85,065;3,368;8,698;34,437
19,62;315,11;85,111;3,37;8,697;34,433
19,62;315,14;85,157;3,371;8,696;34,43
19,62;315,16;85,202;3,373;8,696;34,426
19,62;315,19;85,248;3,375;8,695;34,422
19,63;315,22;85,293;3,377;8,694;34,419
19,63;315,25;85,338;3,379;8,693;34,415
19,63;315,28;85,385;3,38;8,692;34,412
19,63;315,31;85,431;3,382;8,691;34,408
19,63;315,33;85,476;3,384;8,69;34,405
19,63;315,36;85,522;3,386;8,689;34,401
19,63;315,39;85,567;3,388;8,688;34,398
19,64;315,42;85,613;3,389;8,688;34,394
19,64;315,45;85,659;3,391;8,687;34,391
19,64;315,48;85,705;3,393;8,686;34,387
19,64;315,5;85,75;3,395;8,685;34,384
19,64;315,53;85,797;3,397;8,684;34,38
19,64;315,56;85,842;3,398;8,683;34,377
19,65;315,59;85,888;3,4;8,682;34,373
19,65;315,62;85,933;3,402;8,681;34,37
19,65;315,65;85,979;3,404;8,68;34,366
19,65;315,67;86,025;3,406;8,68;34,363
19,65;315,7;86,071;3,408;8,679;34,359
19,66;315,73;86,116;3,409;8,678;34,356
19,66;315,76;86,161;3,411;8,677;34,352
19,66;315,79;86,206;3,413;8,676;34,349
19,66;315,82;86,252;3,415;8,675;34,345
19,66;315,84;86,297;3,417;8,674;34,341
19,66;315,87;86,342;3,418;8,673;34,338
19,67;315,9;86,388;3,42;8,672;34,334
19,67;315,93;86,433;3,422;8,672;34,331
19,67;315,96;86,478;3,424;8,671;34,327
19,67;315,99;86,523;3,425;8,67;34,324
19,67;316,01;86,568;3,427;8,669;34,32
19,67;316,04;86,613;3,429;8,668;34,317
19,68;316,07;86,657;3,431;8,667;34,313
19,68;316,1;86,702;3,433;8,666;34,31
19,68;316,13;86,747;3,434;8,665;34,306
19,68;316,15;86,792;3,436;8,664;34,303
19,68;316,18;86,836;3,438;8,664;34,299
19,68;316,21;86,881;3,44;8,663;34,296
19,68;316,24;86,926;3,441;8,662;34,292
19,69;316,27;86,97;3,443;8,661;34,289
19,69;316,3;87,014;3,445;8,66;34,285
19,69;316,32;87,059;3,447;8,659;34,282
19,69;316,35;87,103;3,448;8,658;34,278
19,69;316,38;87,148;3,45;8,657;34,275
19,69;316,41;87,193;3,452;8,656;34,271
19,7;316,44;87,238;3,454;8,656;34,268
19,7;316,47;87,284;3,456;8,655;34,264
19,7;316,49;87,329;3,457;8,654;34,261
19,7;316,52;87,373;3,459;8,653;34,257
19,7;316,55;87,418;3,461;8,652;34,254
19,71;316,58;87,462;3,463;8,651;34,25
19,71;316,61;87,506;3,464;8,65;34,247
19,71;316,63;87,551;3,466;8,649;34,243
19,71;316,66;87,595;3,468;8,648;34,24
19,71;316,69;87,639;3,47;8,648;34,236
19,71;316,72;87,684;3,471;8,647;34,232
19,72;316,75;87,729;3,473;8,646;34,229
19,72;316,78;87,773;3,475;8,645;34,225
19,72;316,8;87,817;3,477;8,644;34,222
19,72;316,83;87,861;3,478;8,643;34,218
19,72;316,86;87,905;3,48;8,642;34,215
19,72;316,89;87,948;3,482;8,641;34,211
19,73;316,92;87,993;3,484;8,64;34,208
19,73;316,94;88,037;3,485;8,64;34,204
19,73;316,97;88,08;3,487;8,639;34,201
19,73;317;88,124;3,489;8,638;34,197
19,73;317,03;88,168;3,491;8,637;34,194
19,73;317,06;88,212;3,492;8,636;34,19
19,73;317,08;88,255;3,494;8,635;34,187
19,74;317,11;88,297;3,496;8,634;34,183
19,74;317,14;88,341;3,497;8,633;34,18
19,74;317,17;88,385;3,499;8,633;34,177
19,74;317,2;88,428;3,501;8,632;34,173
19,74;317,23;88,471;3,503;8,631;34,17
19,74;317,25;88,515;3,504;8,63;34,166
19,75;317,28;88,558;3,506;8,629;34,163
19,75;317,31;88,601;3,508;8,628;34,159
19,75;317,34;88,644;3,509;8,627;34,156
19,75;317,37;88,687;3,511;8,626;34,152
19,75;317,39;88,73;3,513;8,626;34,149
19,76;317,42;88,774;3,515;8,625;34,145
19,76;317,45;88,817;3,516;8,624;34,142
19,76;317,48;88,86;3,518;8,623;34,138
19,76;317,51;88,903;3,52;8,622;34,135
19,76;317,53;88,946;3,521;8,621;34,131
19,76;317,56;88,989;3,523;8,62;34,128
19,77;317,59;89,033;3,525;8,619;34,124
19,77;317,62;89,076;3,527;8,618;34,121
19,77;317,65;89,119;3,528;8,618;34,117
19,77;317,67;89,162;3,53;8,617;34,114
19,77;317,7;89,205;3,532;8,616;34,11
19,77;317,73;89,247;3,533;8,615;34,107
19,78;317,76;89,291;3,535;8,614;34,103
19,78;317,79;89,333;3,537;8,613;34,1
19,78;317,81;89,375;3,538;8,612;34,097
19,78;317,84;89,417;3,54;8,611;34,093
19,78;317,87;89,459;3,542;8,611;34,09
19,78;317,9;89,502;3,543;8,61;34,086
19,78;317,93;89,545;3,545;8,609;34,083
19,79;317,95;89,587;3,547;8,608;34,079
19,79;317,98;89,631;3,549;8,607;34,076
19,79;318,01;89,674;3,55;8,606;34,072
19,79;318,04;89,717;3,552;8,605;34,069
19,79;318,07;89,759;3,554;8,604;34,065
19,79;318,09;89,802;3,555;8,604;34,062
19,8;318,12;89,844;3,557;8,603;34,058
19,8;318,15;89,886;3,559;8,602;34,055
19,8;318,18;89,928;3,56;8,601;34,052
19,8;318,21;89,971;3,562;8,6;34,048
19,8;318,23;90,013;3,564;8,599;34,045
19,81;318,26;90,055;3,565;8,598;34,041
19,81;318,29;90,098;3,567;8,597;34,038
19,81;318,32;90,14;3,569;8,597;34,034
19,81;318,34;90,182;3,57;8,596;34,031
19,81;318,37;90,224;3,572;8,595;34,027
19,81;318,4;90,265;3,574;8,594;34,024
19,82;318,43;90,307;3,575;8,593;34,02
19,82;318,46;90,348;3,577;8,592;34,017
19,82;318,48;90,39;3,579;8,591;34,014
19,82;318,51;90,432;3,58;8,591;34,01
19,82;318,54;90,474;3,582;8,59;34,007
19,82;318,57;90,516;3,584;8,589;34,003
19,83;318,6;90,557;3,585;8,588;34
19,83;318,62;90,599;3,587;8,587;33,996
19,83;318,65;90,64;3,588;8,586;33,993
19,83;318,68;90,681;3,59;8,585;33,989
19,83;318,71;90,723;3,592;8,584;33,986
19,83;318,73;90,765;3,593;8,584;33,982
19,83;318,76;90,806;3,595;8,583;33,979
19,84;318,79;90,848;3,597;8,582;33,976
19,84;318,82;90,888;3,598;8,581;33,972
19,84;318,85;90,929;3,6;8,58;33,969
19,84;318,87;90,971;3,602;8,579;33,965
19,84;318,9;91,012;3,603;8,578;33,962
19,84;318,93;91,053;3,605;8,577;33,958
19,85;318,96;91,093;3,606;8,577;33,955
19,85;318,98;91,134;3,608;8,576;33,952
19,85;319,01;91,175;3,61;8,575;33,948
19,85;319,04;91,216;3,611;8,574;33,945
19,85;319,07;91,257;3,613;8,573;33,941
19,86;319,09;91,297;3,614;8,572;33,938
19,86;319,12;91,338;3,616;8,571;33,934
19,86;319,15;91,378;3,618;8,571;33,931
19,86;319,18;91,418;3,619;8,57;33,928
19,86;319,21;91,458;3,621;8,569;33,924
19,86;319,23;91,499;3,622;8,568;33,921
19,87;319,26;91,539;3,624;8,567;33,917
19,87;319,29;91,579;3,626;8,566;33,914
19,87;319,32;91,618;3,627;8,565;33,91
19,87;319,34;91,658;3,629;8,564;33,907
19,87;319,37;91,697;3,63;8,564;33,904
19,87;319,4;91,737;3,632;8,563;33,9
19,88;319,43;91,776;3,633;8,562;33,897
19,88;319,45;91,816;3,635;8,561;33,893
19,88;319,48;91,856;3,637;8,56;33,89
19,88;319,51;91,895;3,638;8,559;33,886
19,88;319,54;91,935;3,64;8,558;33,883
19,88;319,57;91,974;3,641;8,558;33,88
19,88;319,59;92,014;3,643;8,557;33,876
19,89;319,62;92,053;3,644;8,556;33,873
19,89;319,65;92,092;3,646;8,555;33,869
19,89;319,68;92,131;3,647;8,554;33,866
19,89;319,7;92,17;3,649;8,553;33,863
19,89;319,73;92,209;3,651;8,552;33,859
19,89;319,76;92,248;3,652;8,552;33,856
19,9;319,79;92,288;3,654;8,551;33,852
19,9;319,81;92,327;3,655;8,55;33,849
19,9;319,84;92,365;3,657;8,549;33,846
19,9;319,87;92,404;3,658;8,548;33,842
19,9;319,9;92,444;3,66;8,547;33,839
19,91;319,92;92,483;3,661;8,546;33,835
19,91;319,95;92,521;3,663;8,546;33,832
19,91;319,98;92,56;3,664;8,545;33,829
19,91;320,01;92,599;3,666;8,544;33,825
19,91;320,03;92,638;3,668;8,543;33,822
19,91;320,06;92,677;3,669;8,542;33,818
19,92;320,09;92,715;3,671;8,541;33,815
19,92;320,12;92,754;3,672;8,54;33,812
19,92;320,14;92,793;3,674;8,54;33,808
19,92;320,17;92,831;3,675;8,539;33,805
19,92;320,2;92,87;3,677;8,538;33,801
19,92;320,23;92,908;3,678;8,537;33,798
19,93;320,26;92,946;3,68;8,536;33,795
19,93;320,28;92,984;3,681;8,535;33,791
19,93;320,31;93,023;3,683;8,534;33,788
19,93;320,34;93,061;3,684;8,534;33,785
19,93;320,37;93,099;3,686;8,533;33,781
19,93;320,39;93,137;3,687;8,532;33,778
19,93;320,42;93,174;3,689;8,531;33,774
19,94;320,45;93,212;3,69;8,53;33,771
19,94;320,47;93,25;3,692;8,529;33,768
19,94;320,5;93,288;3,693;8,528;33,764
19,94;320,53;93,326;3,695;8,528;33,761
19,94;320,56;93,365;3,696;8,527;33,758
19,94;320,58;93,402;3,698;8,526;33,754
19,95;320,61;93,44;3,699;8,525;33,751
19,95;320,64;93,478;3,701;8,524;33,747
19,95;320,67;93,515;3,702;8,523;33,744
19,95;320,69;93,553;3,704;8,522;33,741
19,95;320,72;93,591;3,705;8,522;33,737
19,96;320,75;93,629;3,707;8,521;33,734
19,96;320,78;93,666;3,708;8,52;33,731
19,96;320,8;93,703;3,71;8,519;33,727
19,96;320,83;93,741;3,711;8,518;33,724
19,96;320,86;93,778;3,713;8,517;33,721
19,96;320,89;93,815;3,714;8,517;33,717
19,97;320,91;93,852;3,716;8,516;33,714
19,97;320,94;93,888;3,717;8,515;33,711
19,97;320,97;93,925;3,719;8,514;33,707
19,97;321;93,963;3,72;8,513;33,704
19,97;321,02;94;3,721;8,512;33,7
19,97;321,05;94,037;3,723;8,511;33,697
19,98;321,08;94,074;3,724;8,511;33,694
19,98;321,11;94,111;3,726;8,51;33,69
19,98;321,13;94,148;3,727;8,509;33,687
19,98;321,16;94,185;3,729;8,508;33,684
19,98;321,19;94,221;3,73;8,507;33,68
19,98;321,21;94,258;3,732;8,506;33,677
19,98;321,24;94,295;3,733;8,506;33,674
19,99;321,27;94,331;3,735;8,505;33,67
19,99;321,3;94,367;3,736;8,504;33,667
19,99;321,32;94,404;3,737;8,503;33,664
19,99;321,35;94,439;3,739;8,502;33,66
19,99;321,38;94,476;3,74;8,501;33,657
19,99;321,41;94,513;3,742;8,501;33,654
20;321,43;94,549;3,743;8,5;33,65
20;321,46;94,585;3,745;8,499;33,647
20;321,49;94,621;3,746;8,498;33,644
20;321,51;94,656;3,747;8,497;33,641
20;321,54;94,692;3,749;8,496;33,637
20,01;321,57;94,728;3,75;8,496;33,634
20,01;321,6;94,764;3,752;8,495;33,631
20,01;321,62;94,8;3,753;8,494;33,627
20,01;321,65;94,836;3,755;8,493;33,624
20,01;321,68;94,872;3,756;8,492;33,621
20,01;321,71;94,908;3,757;8,491;33,617
20,02;321,73;94,944;3,759;8,49;33,614
20,02;321,76;94,98;3,76;8,49;33,611
20,02;321,79;95,016;3,762;8,489;33,607
20,02;321,81;95,051;3,763;8,488;33,604
20,02;321,84;95,086;3,764;8,487;33,601
20,02;321,87;95,121;3,766;8,486;33,597
20,03;321,9;95,156;3,767;8,485;33,594
20,03;321,92;95,191;3,769;8,485;33,591
20,03;321,95;95,227;3,77;8,484;33,588
20,03;321,98;95,261;3,771;8,483;33,584
20,03;322;95,297;3,773;8,482;33,581
20,03;322,03;95,332;3,774;8,481;33,578
20,03;322,06;95,367;3,776;8,48;33,574
20,04;322,09;95,402;3,777;8,48;33,571
20,04;322,11;95,437;3,778;8,479;33,568
20,04;322,14;95,472;3,78;8,478;33,564
20,04;322,17;95,507;3,781;8,477;33,561
20,04;322,19;95,541;3,782;8,476;33,558
20,04;322,22;95,575;3,784;8,475;33,555
20,05;322,25;95,61;3,785;8,475;33,551
20,05;322,28;95,644;3,787;8,474;33,548
20,05;322,3;95,678;3,788;8,473;33,545
20,05;322,33;95,713;3,789;8,472;33,541
20,05;322,36;95,747;3,791;8,471;33,538
20,06;322,38;95,781;3,792;8,47;33,535
20,06;322,41;95,816;3,793;8,47;33,531
20,06;322,44;95,85;3,795;8,469;33,528
20,06;322,47;95,884;3,796;8,468;33,525
20,06;322,49;95,918;3,797;8,467;33,521
20,06;322,52;95,952;3,799;8,466;33,518
20,07;322,55;95,986;3,8;8,465;33,515
20,07;322,57;96,02;3,801;8,465;33,512
20,07;322,6;96,054;3,803;8,464;33,508
20,07;322,63;96,088;3,804;8,463;33,505
20,07;322,65;96,121;3,805;8,462;33,502
20,07;322,68;96,155;3,807;8,461;33,498
20,08;322,71;96,189;3,808;8,46;33,495
20,08;322,74;96,222;3,809;8,46;33,492
20,08;322,76;96,255;3,811;8,459;33,488
20,08;322,79;96,287;3,812;8,458;33,485
20,08;322,82;96,321;3,813;8,457;33,482
20,08;322,84;96,354;3,815;8,456;33,479
20,08;322,87;96,387;3,816;8,455;33,475
20,09;322,9;96,419;3,817;8,455;33,472
20,09;322,92;96,452;3,819;8,454;33,469
20,09;322,95;96,485;3,82;8,453;33,466
20,09;322,98;96,517;3,821;8,452;33,462
20,09;323;96,55;3,822;8,451;33,459
20,09;323,03;96,582;3,824;8,45;33,456
20,1;323,06;96,615;3,825;8,45;33,452
20,1;323,09;96,647;3,826;8,449;33,449
20,1;323,11;96,679;3,828;8,448;33,446
20,1;323,14;96,711;3,829;8,447;33,443
20,1;323,17;96,744;3,83;8,446;33,439
20,11;323,19;96,776;3,831;8,446;33,436
20,11;323,22;96,808;3,833;8,445;33,433
20,11;323,25;96,84;3,834;8,444;33,43
20,11;323,27;96,872;3,835;8,443;33,426
20,11;323,3;96,903;3,836;8,442;33,423
20,11;323,33;96,935;3,838;8,441;33,42
20,12;323,35;96,967;3,839;8,441;33,416
20,12;323,38;96,999;3,84;8,44;33,413
20,12;323,41;97,031;3,841;8,439;33,41
20,12;323,43;97,062;3,843;8,438;33,407
20,12;323,46;97,094;3,844;8,437;33,403
20,12;323,49;97,124;3,845;8,436;33,4
20,13;323,52;97,156;3,846;8,436;33,397
20,13;323,54;97,188;3,848;8,435;33,394
20,13;323,57;97,219;3,849;8,434;33,39
20,13;323,6;97,25;3,85;8,433;33,387
20,13;323,62;97,281;3,851;8,432;33,384
20,13;323,65;97,312;3,853;8,432;33,381
20,13;323,68;97,342;3,854;8,431;33,377
20,14;323,7;97,373;3,855;8,43;33,374
20,14;323,73;97,404;3,856;8,429;33,371
20,14;323,76;97,435;3,857;8,428;33,368
20,14;323,78;97,465;3,859;8,427;33,364
20,14;323,81;97,496;3,86;8,427;33,361
20,14;323,84;97,526;3,861;8,426;33,358
20,15;323,86;97,557;3,862;8,425;33,355
20,15;323,89;97,587;3,863;8,424;33,352
20,15;323,92;97,617;3,865;8,423;33,348
20,15;323,94;97,648;3,866;8,423;33,345
20,15;323,97;97,679;3,867;8,422;33,342
20,16;324;97,709;3,868;8,421;33,339
20,16;324,02;97,74;3,87;8,42;33,335
20,16;324,05;97,77;3,871;8,419;33,332
20,16;324,08;97,8;3,872;8,418;33,329
20,16;324,1;97,83;3,873;8,418;33,326
20,16;324,13;97,86;3,874;8,417;33,322
20,17;324,16;97,89;3,875;8,416;33,319
20,17;324,18;97,919;3,877;8,415;33,316
20,17;324,21;97,949;3,878;8,414;33,313
20,17;324,24;97,979;3,879;8,414;33,31
20,17;324,26;98,009;3,88;8,413;33,306
20,17;324,29;98,038;3,881;8,412;33,303
20,18;324,32;98,068;3,883;8,411;33,3
20,18;324,34;98,097;3,884;8,41;33,297
20,18;324,37;98,126;3,885;8,41;33,293
20,18;324,4;98,156;3,886;8,409;33,29
20,18;324,42;98,184;3,887;8,408;33,287
20,18;324,45;98,213;3,888;8,407;33,284
20,18;324,48;98,242;3,889;8,406;33,281
20,19;324,5;98,272;3,891;8,405;33,277
20,19;324,53;98,3;3,892;8,405;33,274
20,19;324,56;98,329;3,893;8,404;33,271
20,19;324,58;98,358;3,894;8,403;33,268
20,19;324,61;98,387;3,895;8,402;33,265
20,19;324,64;98,416;3,896;8,401;33,261
20,2;324,66;98,445;3,897;8,401;33,258
20,2;324,69;98,474;3,899;8,4;33,255
20,2;324,71;98,502;3,9;8,399;33,252
20,2;324,74;98,53;3,901;8,398;33,249
20,2;324,77;98,559;3,902;8,397;33,246
20,21;324,79;98,588;3,903;8,397;33,242
20,21;324,82;98,617;3,904;8,396;33,239
20,21;324,85;98,645;3,905;8,395;33,236
20,21;324,87;98,673;3,907;8,394;33,233
20,21;324,9;98,702;3,908;8,393;33,23
20,21;324,93;98,73;3,909;8,393;33,226
20,22;324,95;98,758;3,91;8,392;33,223
20,22;324,98;98,786;3,911;8,391;33,22
20,22;325,01;98,815;3,912;8,39;33,217
20,22;325,03;98,843;3,913;8,389;33,214
20,22;325,06;98,87;3,914;8,389;33,211
20,22;325,09;98,897;3,915;8,388;33,207
20,23;325,11;98,925;3,916;8,387;33,204
20,23;325,14;98,952;3,918;8,386;33,201
20,23;325,17;98,98;3,919;8,385;33,198
20,23;325,19;99,008;3,92;8,385;33,195
20,23;325,22;99,035;3,921;8,384;33,192
20,23;325,24;99,062;3,922;8,383;33,188
20,23;325,27;99,09;3,923;8,382;33,185
20,24;325,3;99,116;3,924;8,381;33,182
20,24;325,32;99,143;3,925;8,381;33,179
20,24;325,35;99,17;3,926;8,38;33,176
20,24;325,38;99,197;3,927;8,379;33,172
20,24;325,4;99,224;3,928;8,378;33,169
20,24;325,43;99,25;3,929;8,377;33,166
20,25;325,46;99,277;3,93;8,377;33,163
20,25;325,48;99,304;3,931;8,376;33,16
20,25;325,51;99,33;3,933;8,375;33,157
20,25;325,54;99,357;3,934;8,374;33,154
20,25;325,56;99,384;3,935;8,373;33,15
20,26;325,59;99,411;3,936;8,373;33,147
20,26;325,61;99,437;3,937;8,372;33,144
20,26;325,64;99,464;3,938;8,371;33,141
20,26;325,67;99,49;3,939;8,37;33,138
20,26;325,69;99,516;3,94;8,369;33,135
20,26;325,72;99,542;3,941;8,369;33,131
20,27;325,75;99,57;3,942;8,368;33,128
20,27;325,77;99,596;3,943;8,367;33,125
20,27;325,8;99,621;3,944;8,366;33,122
20,27;325,83;99,647;3,945;8,365;33,119
20,27;325,85;99,673;3,946;8,365;33,116
20,27;325,88;99,699;3,947;8,364;33,113
20,28;325,9;99,725;3,948;8,363;33,109
20,28;325,93;99,751;3,949;8,362;33,106
20,28;325,96;99,776;3,95;8,361;33,103
20,28;325,98;99,802;3,951;8,361;33,1
20,28;326,01;99,827;3,952;8,36;33,097
20,28;326,04;99,852;3,953;8,359;33,094
20,28;326,06;99,877;3,954;8,358;33,091
20,29;326,09;99,903;3,955;8,357;33,087
20,29;326,11;99,928;3,956;8,357;33,084
20,29;326,14;99,953;3,957;8,356;33,081
20,29;326,17;99,978;3,958;8,355;33,078
20,29;326,19;100,003;3,959;8,354;33,075
20,29;326,22;100,028;3,96;8,354;33,072
20,3;326,25;100,053;3,961;8,353;33,069
20,3;326,27;100,078;3,962;8,352;33,065
20,3;326,3;100,103;3,963;8,351;33,062
20,3;326,33;100,128;3,964;8,35;33,059
20,3;326,35;100,152;3,965;8,35;33,056
20,31;326,38;100,177;3,966;8,349;33,053
20,31;326,4;100,202;3,967;8,348;33,05
20,31;326,43;100,227;3,968;8,347;33,047
20,31;326,46;100,251;3,969;8,346;33,044
20,31;326,48;100,276;3,97;8,346;33,04
20,31;326,51;100,3;3,971;8,345;33,037
20,32;326,54;100,325;3,972;8,344;33,034
20,32;326,56;100,348;3,973;8,343;33,031
20,32;326,59;100,372;3,974;8,342;33,028
20,32;326,61;100,397;3,975;8,342;33,025
20,32;326,64;100,421;3,976;8,341;33,022
20,32;326,67;100,444;3,977;8,34;33,019
20,33;326,69;100,468;3,978;8,339;33,016
20,33;326,72;100,492;3,979;8,339;33,013
20,33;326,74;100,516;3,979;8,338;33,009
20,33;326,77;100,54;3,98;8,337;33,006
20,33;326,8;100,563;3,981;8,336;33,003
20,33;326,82;100,588;3,982;8,335;33
20,33;326,85;100,611;3,983;8,335;32,997
20,34;326,87;100,634;3,984;8,334;32,994
20,34;326,9;100,659;3,985;8,333;32,991
20,34;326,93;100,682;3,986;8,332;32,988
20,34;326,95;100,704;3,987;8,332;32,985
20,34;326,98;100,727;3,988;8,331;32,982
20,34;327;100,751;3,989;8,33;32,979
20,35;327,03;100,774;3,99;8,329;32,976
20,35;327,06;100,797;3,991;8,328;32,972
20,35;327,08;100,82;3,991;8,328;32,969
20,35;327,11;100,844;3,992;8,327;32,966
20,35;327,14;100,867;3,993;8,326;32,963
20,36;327,16;100,89;3,994;8,325;32,96
20,36;327,19;100,912;3,995;8,325;32,957
20,36;327,21;100,935;3,996;8,324;32,954
20,36;327,24;100,958;3,997;8,323;32,951
20,36;327,27;100,98;3,998;8,322;32,948
20,36;327,29;101,003;3,999;8,321;32,945
20,37;327,32;101,025;4;8,321;32,942
20,37;327,34;101,048;4,001;8,32;32,939
20,37;327,37;101,071;4,001;8,319;32,936
20,37;327,4;101,093;4,002;8,318;32,932
20,37;327,42;101,115;4,003;8,318;32,929
20,37;327,45;101,138;4,004;8,317;32,926
20,38;327,47;101,16;4,005;8,316;32,923
20,38;327,5;101,183;4,006;8,315;32,92
20,38;327,53;101,205;4,007;8,314;32,917
20,38;327,55;101,227;4,008;8,314;32,914
20,38;327,58;101,249;4,008;8,313;32,911
20,38;327,6;101,271;4,009;8,312;32,908
20,38;327,63;101,293;4,01;8,311;32,905
20,39;327,65;101,314;4,011;8,311;32,902
20,39;327,68;101,336;4,012;8,31;32,899
20,39;327,71;101,357;4,013;8,309;32,896
20,39;327,73;101,379;4,014;8,308;32,893
20,39;327,76;101,402;4,015;8,308;32,89
20,39;327,78;101,423;4,015;8,307;32,887
20,4;327,81;101,445;4,016;8,306;32,884
20,4;327,84;101,466;4,017;8,305;32,88
20,4;327,86;101,487;4,018;8,304;32,877
20,4;327,89;101,508;4,019;8,304;32,874
20,4;327,91;101,53;4,02;8,303;32,871
20,41;327,94;101,552;4,02;8,302;32,868
20,41;327,97;101,573;4,021;8,301;32,865
20,41;327,99;101,595;4,022;8,301;32,862
20,41;328,02;101,616;4,023;8,3;32,859
20,41;328,04;101,637;4,024;8,299;32,856
20,41;328,07;101,658;4,025;8,298;32,853
20,42;328,1;101,679;4,026;8,298;32,85
20,42;328,12;101,7;4,026;8,297;32,847
20,42;328,15;101,72;4,027;8,296;32,844
20,42;328,17;101,741;4,028;8,295;32,841
20,42;328,2;101,761;4,029;8,294;32,838
20,42;328,22;101,781;4,03;8,294;32,835
20,43;328,25;101,803;4,03;8,293;32,832
20,43;328,28;101,823;4,031;8,292;32,829
20,43;328,3;101,844;4,032;8,291;32,826
20,43;328,33;101,866;4,033;8,291;32,823
20,43;328,35;101,886;4,034;8,29;32,82
20,43;328,38;101,906;4,034;8,289;32,817
20,43;328,41;101,926;4,035;8,288;32,814
20,44;328,43;101,946;4,036;8,288;32,811
20,44;328,46;101,967;4,037;8,287;32,807
20,44;328,48;101,986;4,038;8,286;32,804
20,44;328,51;102,007;4,038;8,285;32,801
20,44;328,53;102,027;4,039;8,284;32,798
20,44;328,56;102,047;4,04;8,284;32,795
20,45;328,59;102,066;4,041;8,283;32,792
20,45;328,61;102,086;4,042;8,282;32,789
20,45;328,64;102,106;4,042;8,281;32,786
20,45;328,66;102,125;4,043;8,281;32,783
20,45;328,69;102,145;4,044;8,28;32,78
20,46;328,71;102,164;4,045;8,279;32,777
20,46;328,74;102,183;4,045;8,278;32,774
20,46;328,77;102,202;4,046;8,278;32,771
20,46;328,79;102,221;4,047;8,277;32,768
20,46;328,82;102,241;4,048;8,276;32,765
20,46;328,84;102,26;4,048;8,275;32,762
20,47;328,87;102,278;4,049;8,275;32,759
20,47;328,89;102,297;4,05;8,274;32,756
20,47;328,92;102,316;4,051;8,273;32,753
20,47;328,95;102,335;4,051;8,272;32,75
20,47;328,97;102,354;4,052;8,272;32,747
20,47;329;102,372;4,053;8,271;32,744
20,48;329,02;102,39;4,054;8,27;32,741
20,48;329,05;102,409;4,054;8,269;32,738
20,48;329,07;102,426;4,055;8,269;32,735
20,48;329,1;102,445;4,056;8,268;32,732
20,48;329,13;102,463;4,057;8,267;32,729
20,48;329,15;102,482;4,057;8,266;32,726
20,48;329,18;102,5;4,058;8,265;32,723
20,49;329,2;102,517;4,059;8,265;32,72
20,49;329,23;102,534;4,059;8,264;32,717
20,49;329,25;102,552;4,06;8,263;32,714
20,49;329,28;102,57;4,061;8,262;32,711
20,49;329,31;102,588;4,061;8,262;32,708
20,49;329,33;102,606;4,062;8,261;32,705
20,5;329,36;102,623;4,063;8,26;32,702
20,5;329,38;102,64;4,064;8,259;32,699
20,5;329,41;102,658;4,064;8,259;32,696
20,5;329,43;102,675;4,065;8,258;32,693
20,5;329,46;102,692;4,066;8,257;32,69
20,51;329,48;102,709;4,066;8,256;32,688
20,51;329,51;102,727;4,067;8,256;32,685
20,51;329,54;102,744;4,068;8,255;32,682
20,51;329,56;102,76;4,068;8,254;32,679
20,51;329,59;102,777;4,069;8,253;32,676
20,51;329,61;102,793;4,07;8,253;32,673
20,52;329,64;102,81;4,07;8,252;32,67
20,52;329,66;102,827;4,071;8,251;32,667
20,52;329,69;102,843;4,072;8,25;32,664
20,52;329,71;102,86;4,072;8,25;32,661
20,52;329,74;102,876;4,073;8,249;32,658
20,52;329,77;102,893;4,074;8,248;32,655
20,53;329,79;102,909;4,074;8,247;32,652
20,53;329,82;102,925;4,075;8,247;32,649
20,53;329,84;102,942;4,075;8,246;32,646
20,53;329,87;102,959;4,076;8,245;32,643
20,53;329,89;102,975;4,077;8,244;32,64
20,53;329,92;102,991;4,077;8,244;32,637
20,53;329,94;103,008;4,078;8,243;32,634
20,54;329,97;103,024;4,079;8,242;32,631
20,54;330;103,039;4,079;8,242;32,628
20,54;330,02;103,056;4,08;8,241;32,625
20,54;330,05;103,072;4,081;8,24;32,622
20,54;330,07;103,088;4,081;8,239;32,62
20,54;330,1;103,103;4,082;8,239;32,617
20,55;330,12;103,12;4,083;8,238;32,614
20,55;330,15;103,136;4,083;8,237;32,611
20,55;330,17;103,153;4,084;8,236;32,608
20,55;330,2;103,168;4,084;8,236;32,605
20,55;330,23;103,184;4,085;8,235;32,602
20,56;330,25;103,2;4,086;8,234;32,599
20,56;330,28;103,215;4,086;8,233;32,596
20,56;330,3;103,231;4,087;8,233;32,593
20,56;330,33;103,246;4,088;8,232;32,59
20,56;330,35;103,261;4,088;8,231;32,587
20,56;330,38;103,277;4,089;8,23;32,584
20,57;330,4;103,292;4,089;8,23;32,581
20,57;330,43;103,307;4,09;8,229;32,578
20,57;330,45;103,322;4,091;8,228;32,575
20,57;330,48;103,338;4,091;8,227;32,572
20,57;330,5;103,353;4,092;8,227;32,569
20,57;330,53;103,368;4,092;8,226;32,567
20,58;330,56;103,383;4,093;8,225;32,564
20,58;330,58;103,397;4,094;8,224;32,561
20,58;330,61;103,412;4,094;8,224;32,558
20,58;330,63;103,427;4,095;8,223;32,555
20,58;330,66;103,442;4,095;8,222;32,552
20,58;330,68;103,457;4,096;8,221;32,549
20,58;330,71;103,472;4,096;8,221;32,546
20,59;330,73;103,487;4,097;8,22;32,543
20,59;330,76;103,501;4,098;8,219;32,54
20,59;330,78;103,516;4,098;8,218;32,537
20,59;330,81;103,53;4,099;8,218;32,534
20,59;330,84;103,544;4,099;8,217;32,531
20,59;330,86;103,559;4,1;8,216;32,528
20,6;330,89;103,573;4,1;8,216;32,525
20,6;330,91;103,587;4,101;8,215;32,523
20,6;330,94;103,601;4,102;8,214;32,52
20,6;330,96;103,615;4,102;8,213;32,517
20,6;330,99;103,629;4,103;8,213;32,514
20,61;331,01;103,643;4,103;8,212;32,511
20,61;331,04;103,657;4,104;8,211;32,508
20,61;331,06;103,671;4,104;8,21;32,505
20,61;331,09;103,685;4,105;8,21;32,502
20,61;331,11;103,698;4,105;8,209;32,499
20,61;331,14;103,711;4,106;8,208;32,496
20,62;331,16;103,724;4,106;8,207;32,493
20,62;331,19;103,738;4,107;8,207;32,491
20,62;331,21;103,752;4,108;8,206;32,488
20,62;331,24;103,765;4,108;8,205;32,485
20,62;331,27;103,779;4,109;8,205;32,482
20,62;331,29;103,791;4,109;8,204;32,479
20,63;331,32;103,805;4,11;8,203;32,476
20,63;331,34;103,819;4,11;8,202;32,473
20,63;331,37;103,832;4,111;8,202;32,47
20,63;331,39;103,845;4,111;8,201;32,467
20,63;331,42;103,858;4,112;8,2;32,464
20,63;331,44;103,871;4,112;8,199;32,462
20,63;331,47;103,883;4,113;8,199;32,459
20,64;331,49;103,895;4,113;8,198;32,456
20,64;331,52;103,909;4,114;8,197;32,453
20,64;331,54;103,923;4,114;8,196;32,45
20,64;331,57;103,935;4,115;8,196;32,447
20,64;331,59;103,949;4,115;8,195;32,444
20,64;331,62;103,961;4,116;8,194;32,441
20,65;331,64;103,974;4,116;8,194;32,439
20,65;331,67;103,987;4,117;8,193;32,436
20,65;331,69;104;4,117;8,192;32,433
20,65;331,72;104,013;4,118;8,191;32,43
20,65;331,74;104,025;4,118;8,191;32,427
20,66;331,77;104,037;4,119;8,19;32,424
20,66;331,8;104,05;4,119;8,189;32,421
20,66;331,82;104,063;4,12;8,188;32,418
20,66;331,85;104,076;4,12;8,188;32,416
20,66;331,87;104,088;4,121;8,187;32,413
20,66;331,9;104,101;4,121;8,186;32,41
20,67;331,92;104,113;4,122;8,186;32,407
20,67;331,95;104,125;4,122;8,185;32,404
20,67;331,97;104,137;4,123;8,184;32,401
20,67;332;104,15;4,123;8,183;32,398
20,67;332,02;104,162;4,124;8,183;32,395
20,67;332,05;104,174;4,124;8,182;32,393
20,68;332,07;104,186;4,125;8,181;32,39
20,68;332,1;104,198;4,125;8,181;32,387
20,68;332,12;104,209;4,126;8,18;32,384
20,68;332,15;104,22;4,126;8,179;32,381
20,68;332,17;104,232;4,127;8,178;32,378
20,68;332,2;104,245;4,127;8,178;32,375
20,68;332,22;104,256;4,128;8,177;32,373
20,69;332,25;104,267;4,128;8,176;32,37
20,69;332,27;104,279;4,128;8,175;32,367
20,69;332,3;104,29;4,129;8,175;32,364
20,69;332,32;104,301;4,129;8,174;32,361
20,69;332,35;104,313;4,13;8,173;32,358
20,69;332,37;104,324;4,13;8,173;32,355
20,7;332,4;104,336;4,131;8,172;32,353
20,7;332,42;104,348;4,131;8,171;32,35
20,7;332,45;104,36;4,132;8,17;32,347
20,7;332,47;104,37;4,132;8,17;32,344
20,7;332,5;104,381;4,132;8,169;32,341
20,71;332,52;104,392;4,133;8,168;32,338
20,71;332,55;104,403;4,133;8,168;32,336
20,71;332,57;104,414;4,134;8,167;32,333
20,71;332,6;104,425;4,134;8,166;32,33
20,71;332,63;104,436;4,135;8,165;32,327
20,71;332,65;104,446;4,135;8,165;32,324
20,72;332,68;104,457;4,135;8,164;32,321
20,72;332,7;104,468;4,136;8,163;32,318
20,72;332,73;104,479;4,136;8,163;32,316
20,72;332,75;104,491;4,137;8,162;32,313
20,72;332,78;104,502;4,137;8,161;32,31
20,72;332,8;104,512;4,138;8,16;32,307
20,73;332,83;104,523;4,138;8,16;32,304
20,73;332,85;104,533;4,139;8,159;32,301
20,73;332,88;104,545;4,139;8,158;32,299
20,73;332,9;104,556;4,139;8,158;32,296
20,73;332,93;104,567;4,14;8,157;32,293
20,73;332,95;104,577;4,14;8,156;32,29
20,73;332,98;104,588;4,141;8,155;32,287
20,74;333;104,599;4,141;8,155;32,284
20,74;333,03;104,609;4,142;8,154;32,282
20,74;333,05;104,619;4,142;8,153;32,279
20,74;333,08;104,629;4,142;8,153;32,276
20,74;333,1;104,639;4,143;8,152;32,273
20,74;333,13;104,649;4,143;8,151;32,27
20,75;333,15;104,659;4,143;8,15;32,267
20,75;333,18;104,669;4,144;8,15;32,265
20,75;333,2;104,679;4,144;8,149;32,262
20,75;333,23;104,69;4,145;8,148;32,259
20,75;333,25;104,699;4,145;8,148;32,256
20,76;333,28;104,71;4,145;8,147;32,253
20,76;333,3;104,72;4,146;8,146;32,251
20,76;333,33;104,73;4,146;8,145;32,248
20,76;333,35;104,74;4,147;8,145;32,245
20,76;333,38;104,751;4,147;8,144;32,242
20,76;333,4;104,761;4,148;8,143;32,239
20,77;333,43;104,771;4,148;8,143;32,236
20,77;333,45;104,781;4,148;8,142;32,234
20,77;333,48;104,791;4,149;8,141;32,231
20,77;333,5;104,801;4,149;8,14;32,228
20,77;333,53;104,811;4,149;8,14;32,225
20,77;333,55;104,821;4,15;8,139;32,222
20,78;333,58;104,832;4,15;8,138;32,219
20,78;333,6;104,841;4,151;8,138;32,217
20,78;333,63;104,851;4,151;8,137;32,214
20,78;333,65;104,86;4,151;8,136;32,211
20,78;333,68;104,87;4,152;8,135;32,208
20,78;333,7;104,879;4,152;8,135;32,205
20,78;333,73;104,889;4,153;8,134;32,203
20,79;333,75;104,898;4,153;8,133;32,2
20,79;333,78;104,907;4,153;8,133;32,197
20,79;333,8;104,916;4,154;8,132;32,194
20,79;333,83;104,926;4,154;8,131;32,191
20,79;333,85;104,934;4,154;8,13;32,189
20,79;333,88;104,943;4,155;8,13;32,186
20,8;333,9;104,952;4,155;8,129;32,183
20,8;333,93;104,96;4,155;8,128;32,18
20,8;333,95;104,968;4,156;8,128;32,177
20,8;333,98;104,976;4,156;8,127;32,175
20,8;334;104,984;4,156;8,126;32,172
20,81;334,03;104,992;4,157;8,125;32,169
20,81;334,05;105,001;4,157;8,125;32,166
20,81;334,08;105,009;4,157;8,124;32,163
20,81;334,1;105,018;4,158;8,123;32,161
20,81;334,13;105,025;4,158;8,123;32,158
20,81;334,15;105,033;4,158;8,122;32,155
20,82;334,18;105,041;4,159;8,121;32,152
20,82;334,2;105,049;4,159;8,121;32,149
20,82;334,23;105,056;4,159;8,12;32,147
20,82;334,25;105,064;4,16;8,119;32,144
20,82;334,28;105,072;4,16;8,118;32,141
20,82;334,3;105,079;4,16;8,118;32,138
20,83;334,33;105,087;4,16;8,117;32,136
20,83;334,35;105,095;4,161;8,116;32,133
20,83;334,38;105,102;4,161;8,116;32,13
20,83;334,4;105,109;4,161;8,115;32,127
20,83;334,43;105,117;4,162;8,114;32,124
20,83;334,45;105,124;4,162;8,114;32,122
20,83;334,48;105,131;4,162;8,113;32,119
20,84;334,5;105,138;4,162;8,112;32,116
20,84;334,52;105,145;4,163;8,111;32,113
20,84;334,55;105,152;4,163;8,111;32,111
20,84;334,57;105,159;4,163;8,11;32,108
20,84;334,6;105,166;4,164;8,109;32,105
20,84;334,62;105,172;4,164;8,109;32,102
20,85;334,65;105,179;4,164;8,108;32,1
20,85;334,67;105,186;4,164;8,107;32,097
20,85;334,7;105,192;4,165;8,107;32,094
20,85;334,72;105,199;4,165;8,106;32,091
20,85;334,75;105,206;4,165;8,105;32,089
20,86;334,77;105,213;4,165;8,104;32,086
20,86;334,8;105,219;4,166;8,104;32,083
20,86;334,82;105,226;4,166;8,103;32,08
20,86;334,85;105,232;4,166;8,102;32,077
20,86;334,87;105,239;4,166;8,102;32,075
20,86;334,9;105,245;4,167;8,101;32,072
20,87;334,92;105,252;4,167;8,1;32,069
20,87;334,95;105,258;4,167;8,1;32,067
20,87;334,97;105,264;4,167;8,099;32,064
20,87;335;105,271;4,168;8,098;32,061
20,87;335,02;105,277;4,168;8,098;32,058
20,87;335,05;105,283;4,168;8,097;32,056
20,88;335,07;105,289;4,168;8,096;32,053
20,88;335,09;105,295;4,169;8,095;32,05
20,88;335,12;105,301;4,169;8,095;32,047
20,88;335,14;105,308;4,169;8,094;32,045
20,88;335,17;105,314;4,169;8,093;32,042
20,88;335,19;105,321;4,17;8,093;32,039
20,88;335,22;105,327;4,17;8,092;32,036
20,89;335,24;105,333;4,17;8,091;32,034
20,89;335,27;105,339;4,17;8,091;32,031
20,89;335,29;105,345;4,171;8,09;32,028
20,89;335,32;105,351;4,171;8,089;32,025
20,89;335,34;105,356;4,171;8,088;32,023
20,89;335,37;105,362;4,171;8,088;32,02
20,9;335,39;105,368;4,172;8,087;32,017
20,9;335,42;105,373;4,172;8,086;32,014
20,9;335,44;105,379;4,172;8,086;32,012
20,9;335,47;105,385;4,172;8,085;32,009
20,9;335,49;105,391;4,172;8,084;32,006
20,91;335,52;105,396;4,173;8,084;32,003
20,91;335,54;105,402;4,173;8,083;32,001
20,91;335,56;105,408;4,173;8,082;31,998
20,91;335,59;105,414;4,173;8,082;31,995
20,91;335,61;105,419;4,174;8,081;31,993
20,91;335,64;105,425;4,174;8,08;31,99
20,92;335,66;105,431;4,174;8,08;31,987
20,92;335,69;105,437;4,174;8,079;31,984
20,92;335,71;105,443;4,174;8,078;31,982
20,92;335,74;105,448;4,175;8,077;31,979
20,92;335,76;105,454;4,175;8,077;31,976
20,92;335,79;105,459;4,175;8,076;31,973
20,93;335,81;105,465;4,175;8,075;31,971
20,93;335,84;105,47;4,176;8,075;31,968
20,93;335,86;105,476;4,176;8,074;31,965
20,93;335,89;105,481;4,176;8,073;31,963
20,93;335,91;105,487;4,176;8,073;31,96
20,93;335,94;105,492;4,176;8,072;31,957
20,93;335,96;105,497;4,177;8,071;31,954
20,94;335,99;105,502;4,177;8,071;31,952
20,94;336,01;105,508;4,177;8,07;31,949
20,94;336,03;105,513;4,177;8,069;31,946
20,94;336,06;105,518;4,177;8,069;31,944
20,94;336,08;105,523;4,178;8,068;31,941
20,94;336,11;105,528;4,178;8,067;31,938
20,95;336,13;105,533;4,178;8,066;31,935
20,95;336,16;105,538;4,178;8,066;31,933
20,95;336,18;105,543;4,178;8,065;31,93
20,95;336,21;105,548;4,179;8,064;31,927
20,95;336,23;105,553;4,179;8,064;31,924
20,96;336,26;105,558;4,179;8,063;31,922
20,96;336,28;105,563;4,179;8,062;31,919
20,96;336,31;105,568;4,179;8,062;31,916
20,96;336,33;105,573;4,18;8,061;31,914
20,96;336,36;105,578;4,18;8,06;31,911
20,96;336,38;105,583;4,18;8,06;31,908
20,97;336,41;105,588;4,18;8,059;31,906
20,97;336,43;105,593;4,18;8,058;31,903
20,97;336,45;105,598;4,181;8,058;31,9
20,97;336,48;105,603;4,181;8,057;31,897
20,97;336,5;105,607;4,181;8,056;31,895
20,97;336,53;105,612;4,181;8,056;31,892
20,98;336,55;105,617;4,181;8,055;31,889
20,98;336,58;105,621;4,182;8,054;31,887
20,98;336,6;105,626;4,182;8,053;31,884
20,98;336,63;105,63;4,182;8,053;31,881
20,98;336,65;105,635;4,182;8,052;31,878
20,98;336,68;105,64;4,182;8,051;31,876
20,98;336,7;105,644;4,182;8,051;31,873
20,99;336,73;105,649;4,183;8,05;31,87
20,99;336,75;105,653;4,183;8,049;31,868
20,99;336,78;105,657;4,183;8,049;31,865
20,99;336,8;105,662;4,183;8,048;31,862
20,99;336,82;105,666;4,183;8,047;31,86
20,99;336,85;105,67;4,184;8,047;31,857
21;336,87;105,675;4,184;8,046;31,854
21;336,9;105,679;4,184;8,045;31,851
21;336,92;105,683;4,184;8,045;31,849
21;336,95;105,687;4,184;8,044;31,846
21;336,97;105,691;4,184;8,043;31,843
21,01;337;105,695;4,185;8,043;31,841
21,01;337,02;105,699;4,185;8,042;31,838
21,01;337,05;105,703;4,185;8,041;31,835
21,01;337,07;105,707;4,185;8,041;31,833
21,01;337,1;105,711;4,185;8,04;31,83
21,01;337,12;105,715;4,185;8,039;31,827
21,02;337,14;105,718;4,185;8,039;31,825
21,02;337,17;105,722;4,186;8,038;31,822
21,02;337,19;105,726;4,186;8,037;31,819
21,02;337,22;105,729;4,186;8,036;31,817
21,02;337,24;105,733;4,186;8,036;31,814
21,02;337,27;105,736;4,186;8,035;31,811
21,03;337,29;105,74;4,186;8,034;31,809
21,03;337,32;105,743;4,186;8,034;31,806
21,03;337,34;105,746;4,187;8,033;31,803
21,03;337,37;105,749;4,187;8,032;31,801
21,03;337,39;105,752;4,187;8,032;31,798
21,03;337,41;105,756;4,187;8,031;31,795
21,03;337,44;105,759;4,187;8,03;31,793
21,04;337,46;105,762;4,187;8,03;31,79
21,04;337,49;105,765;4,187;8,029;31,787
21,04;337,51;105,768;4,187;8,028;31,785
21,04;337,54;105,771;4,187;8,028;31,782
21,04;337,56;105,774;4,188;8,027;31,779
21,04;337,59;105,776;4,188;8,026;31,777
21,05;337,61;105,779;4,188;8,026;31,774
21,05;337,64;105,782;4,188;8,025;31,771
21,05;337,66;105,785;4,188;8,024;31,769
21,05;337,68;105,787;4,188;8,024;31,766
21,05;337,71;105,79;4,188;8,023;31,763
21,06;337,73;105,792;4,188;8,022;31,761
21,06;337,76;105,795;4,188;8,022;31,758
21,06;337,78;105,797;4,189;8,021;31,755
21,06;337,81;105,8;4,189;8,02;31,753
21,06;337,83;105,802;4,189;8,02;31,75
21,06;337,86;105,804;4,189;8,019;31,748
21,07;337,88;105,807;4,189;8,018;31,745
21,07;337,91;105,809;4,189;8,018;31,742
21,07;337,93;105,811;4,189;8,017;31,74
21,07;337,96;105,813;4,189;8,016;31,737
21,07;337,98;105,815;4,189;8,016;31,734
21,07;338;105,817;4,189;8,015;31,732
21,08;338,03;105,818;4,189;8,014;31,729
21,08;338,05;105,82;4,189;8,014;31,727
21,08;338,08;105,822;4,19;8,013;31,724
21,08;338,1;105,824;4,19;8,012;31,721
21,08;338,13;105,825;4,19;8,012;31,719
21,08;338,15;105,827;4,19;8,011;31,716
21,08;338,18;105,829;4,19;8,01;31,713
21,09;338,2;105,83;4,19;8,01;31,711
21,09;338,23;105,832;4,19;8,009;31,708
21,09;338,25;105,834;4,19;8,008;31,706
21,09;338,27;105,835;4,19;8,008;31,703
21,09;338,3;105,837;4,19;8,007;31,7
21,09;338,32;105,838;4,19;8,006;31,698
21,1;338,35;105,84;4,19;8,006;31,695
21,1;338,37;105,841;4,19;8,005;31,692
21,1;338,4;105,843;4,19;8,004;31,69
21,1;338,42;105,844;4,19;8,004;31,687
21,1;338,45;105,846;4,19;8,003;31,685
21,11;338,47;105,847;4,191;8,002;31,682
21,11;338,5;105,849;4,191;8,002;31,679
21,11;338,52;105,85;4,191;8,001;31,677
21,11;338,55;105,851;4,191;8;31,674
21,11;338,57;105,852;4,191;8;31,671
21,11;338,59;105,854;4,191;7,999;31,669
21,12;338,62;105,855;4,191;7,998;31,666
21,12;338,64;105,856;4,191;7,998;31,664
21,12;338,67;105,857;4,191;7,997;31,661
21,12;338,69;105,859;4,191;7,996;31,658
21,12;338,72;105,86;4,191;7,996;31,656
21,12;338,74;105,861;4,191;7,995;31,653
21,13;338,77;105,862;4,191;7,994;31,65
21,13;338,79;105,863;4,191;7,994;31,648
21,13;338,82;105,864;4,191;7,993;31,645
21,13;338,84;105,865;4,191;7,993;31,643
21,13;338,86;105,866;4,191;7,992;31,64
21,13;338,89;105,866;4,191;7,991;31,637
21,13;338,91;105,868;4,191;7,991;31,635
21,14;338,94;105,868;4,191;7,99;31,632
21,14;338,96;105,869;4,191;7,989;31,629
21,14;338,99;105,87;4,191;7,989;31,627
21,14;339,01;105,871;4,191;7,988;31,624
21,14;339,04;105,872;4,192;7,987;31,622
21,14;339,06;105,873;4,192;7,987;31,619
21,15;339,09;105,874;4,192;7,986;31,616
21,15;339,11;105,875;4,192;7,985;31,614
21,15;339,13;105,876;4,192;7,985;31,611
21,15;339,16;105,877;4,192;7,984;31,608
21,15;339,18;105,878;4,192;7,983;31,606
21,16;339,21;105,879;4,192;7,983;31,603
21,16;339,23;105,88;4,192;7,982;31,601
21,16;339,26;105,881;4,192;7,981;31,598
21,16;339,28;105,882;4,192;7,981;31,595
21,16;339,31;105,883;4,192;7,98;31,593
21,16;339,33;105,884;4,192;7,979;31,59
21,17;339,35;105,885;4,192;7,979;31,587
21,17;339,38;105,885;4,192;7,978;31,585
21,17;339,4;105,886;4,192;7,977;31,582
21,17;339,43;105,886;4,192;7,977;31,58
21,17;339,45;105,887;4,192;7,976;31,577
21,17;339,48;105,887;4,192;7,975;31,574
21,18;339,5;105,888;4,192;7,975;31,572
21,18;339,53;105,888;4,192;7,974;31,569
21,18;339,55;105,889;4,192;7,973;31,566
21,18;339,57;105,889;4,192;7,973;31,564
21,18;339,6;105,89;4,192;7,972;31,561
21,18;339,62;105,89;4,192;7,971;31,559
21,18;339,65;105,891;4,192;7,971;31,556
21,19;339,67;105,891;4,192;7,97;31,553
21,19;339,7;105,892;4,192;7,969;31,551
21,19;339,72;105,892;4,192;7,969;31,548
21,19;339,75;105,893;4,192;7,968;31,546
21,19;339,77;105,892;4,192;7,967;31,543
21,19;339,8;105,892;4,192;7,967;31,541
21,2;339,82;105,892;4,192;7,966;31,538
21,2;339,84;105,892;4,192;7,965;31,535
21,2;339,87;105,893;4,192;7,965;31,533
21,2;339,89;105,893;4,192;7,964;31,53
21,2;339,92;105,893;4,192;7,963;31,528
21,21;339,94;105,893;4,192;7,963;31,525
21,21;339,97;105,894;4,192;7,962;31,523
21,21;339,99;105,894;4,192;7,962;31,52
21,21;340,02;105,894;4,192;7,961;31,517
21,21;340,04;105,894;4,192;7,96;31,515
21,21;340,06;105,895;4,192;7,96;31,512
21,22;340,09;105,895;4,192;7,959;31,51
21,22;340,11;105,895;4,192;7,958;31,507
21,22;340,14;105,895;4,192;7,958;31,504
21,22;340,16;105,895;4,192;7,957;31,502
21,22;340,19;105,895;4,192;7,956;31,499
21,22;340,21;105,895;4,192;7,956;31,497
21,23;340,24;105,895;4,192;7,955;31,494
21,23;340,26;105,895;4,192;7,954;31,492
21,23;340,28;105,894;4,192;7,954;31,489
21,23;340,31;105,894;4,192;7,953;31,486
21,23;340,33;105,894;4,192;7,952;31,484
21,23;340,36;105,893;4,192;7,952;31,481
21,23;340,38;105,892;4,192;7,951;31,479
21,24;340,41;105,892;4,192;7,95;31,476
21,24;340,43;105,891;4,192;7,95;31,474
21,24;340,45;105,89;4,192;7,949;31,471
21,24;340,48;105,889;4,192;7,949;31,468
21,24;340,5;105,887;4,192;7,948;31,466
21,24;340,53;105,886;4,192;7,947;31,463
21,25;340,55;105,885;4,192;7,947;31,461
21,25;340,58;105,885;4,192;7,946;31,458
21,25;340,6;105,884;4,192;7,945;31,456
21,25;340,63;105,883;4,192;7,945;31,453
21,25;340,65;105,882;4,192;7,944;31,45
21,26;340,67;105,881;4,192;7,943;31,448
21,26;340,7;105,88;4,192;7,943;31,445
21,26;340,72;105,879;4,192;7,942;31,443
21,26;340,75;105,878;4,192;7,941;31,44
21,26;340,77;105,877;4,192;7,941;31,438
21,26;340,8;105,876;4,192;7,94;31,435
21,27;340,82;105,875;4,192;7,939;31,432
21,27;340,85;105,874;4,192;7,939;31,43
21,27;340,87;105,873;4,192;7,938;31,427
21,27;340,89;105,872;4,191;7,937;31,425
21,27;340,92;105,871;4,191;7,937;31,422
21,27;340,94;105,87;4,191;7,936;31,42
21,28;340,97;105,869;4,191;7,936;31,417
21,28;340,99;105,868;4,191;7,935;31,414
21,28;341,02;105,867;4,191;7,934;31,412
21,28;341,04;105,866;4,191;7,934;31,409
21,28;341,07;105,865;4,191;7,933;31,407
21,28;341,09;105,863;4,191;7,932;31,404
21,28;341,11;105,862;4,191;7,932;31,402
21,29;341,14;105,86;4,191;7,931;31,399
21,29;341,16;105,858;4,191;7,93;31,396
21,29;341,19;105,856;4,191;7,93;31,394
21,29;341,21;105,854;4,191;7,929;31,391
21,29;341,24;105,852;4,191;7,928;31,389
21,29;341,26;105,85;4,191;7,928;31,386
21,3;341,28;105,849;4,191;7,927;31,384
21,3;341,31;105,847;4,191;7,926;31,381
21,3;341,33;105,846;4,19;7,926;31,379
21,3;341,36;105,844;4,19;7,925;31,376
21,3;341,38;105,842;4,19;7,925;31,373
21,31;341,41;105,84;4,19;7,924;31,371
21,31;341,43;105,839;4,19;7,923;31,368
21,31;341,46;105,837;4,19;7,923;31,366
21,31;341,48;105,835;4,19;7,922;31,363
21,31;341,5;105,834;4,19;7,921;31,361
21,31;341,53;105,832;4,19;7,921;31,358
21,32;341,55;105,83;4,19;7,92;31,356
21,32;341,58;105,828;4,19;7,919;31,353
21,32;341,6;105,826;4,19;7,919;31,351
21,32;341,63;105,824;4,19;7,918;31,348
21,32;341,65;105,823;4,19;7,917;31,345
21,32;341,67;105,822;4,19;7,917;31,343
21,33;341,7;105,82;4,189;7,916;31,34
21,33;341,72;105,819;4,189;7,916;31,338
21,33;341,75;105,818;4,189;7,915;31,335
21,33;341,77;105,816;4,189;7,914;31,333
21,33;341,8;105,814;4,189;7,914;31,33
21,33;341,82;105,812;4,189;7,913;31,328
21,33;341,85;105,81;4,189;7,912;31,325
21,34;341,87;105,807;4,189;7,912;31,323
21,34;341,89;105,805;4,189;7,911;31,32
21,34;341,92;105,803;4,189;7,91;31,318
21,34;341,94;105,801;4,189;7,91;31,315
21,34;341,97;105,799;4,189;7,909;31,312
21,34;341,99;105,797;4,189;7,909;31,31
21,35;342,02;105,795;4,188;7,908;31,307
21,35;342,04;105,792;4,188;7,907;31,305
21,35;342,06;105,79;4,188;7,907;31,302
21,35;342,09;105,787;4,188;7,906;31,3
21,35;342,11;105,784;4,188;7,905;31,297
21,36;342,14;105,782;4,188;7,905;31,295
21,36;342,16;105,779;4,188;7,904;31,292
21,36;342,19;105,777;4,188;7,903;31,29
21,36;342,21;105,773;4,188;7,903;31,287
21,36;342,23;105,771;4,187;7,902;31,285
21,36;342,26;105,769;4,187;7,901;31,282
21,37;342,28;105,766;4,187;7,901;31,28
21,37;342,31;105,764;4,187;7,9;31,277
21,37;342,33;105,761;4,187;7,9;31,275
21,37;342,36;105,759;4,187;7,899;31,272
21,37;342,38;105,756;4,187;7,898;31,27
21,37;342,41;105,754;4,187;7,898;31,267
21,38;342,43;105,751;4,187;7,897;31,265
21,38;342,45;105,749;4,187;7,896;31,262
21,38;342,48;105,746;4,187;7,896;31,26
21,38;342,5;105,743;4,186;7,895;31,257
21,38;342,53;105,74;4,186;7,895;31,255
21,38;342,55;105,737;4,186;7,894;31,252
21,38;342,58;105,734;4,186;7,893;31,25
21,39;342,6;105,732;4,186;7,893;31,247
21,39;342,62;105,729;4,186;7,892;31,245
21,39;342,65;105,726;4,186;7,891;31,242
21,39;342,67;105,723;4,186;7,891;31,24
21,39;342,7;105,72;4,185;7,89;31,237
21,39;342,72;105,718;4,185;7,89;31,235
21,4;342,75;105,715;4,185;7,889;31,232
21,4;342,77;105,712;4,185;7,888;31,23
21,4;342,79;105,709;4,185;7,888;31,228
21,4;342,82;105,706;4,185;7,887;31,225
21,4;342,84;105,703;4,185;7,886;31,223
21,41;342,87;105,7;4,185;7,886;31,22
21,41;342,89;105,696;4,185;7,885;31,218
21,41;342,92;105,694;4,184;7,885;31,215
21,41;342,94;105,691;4,184;7,884;31,213
21,41;342,96;105,687;4,184;7,883;31,211
21,41;342,99;105,684;4,184;7,883;31,208
21,42;343,01;105,681;4,184;7,882;31,206
21,42;343,04;105,678;4,184;7,882;31,203
21,42;343,06;105,675;4,184;7,881;31,201
21,42;343,09;105,672;4,184;7,88;31,198
21,42;343,11;105,67;4,183;7,88;31,196
21,42;343,14;105,667;4,183;7,879;31,194
21,43;343,16;105,663;4,183;7,878;31,191
21,43;343,18;105,66;4,183;7,878;31,189
21,43;343,21;105,656;4,183;7,877;31,186
21,43;343,23;105,653;4,183;7,877;31,184
21,43;343,26;105,65;4,183;7,876;31,181
21,43;343,28;105,646;4,183;7,875;31,179
21,43;343,31;105,643;4,182;7,875;31,177
21,44;343,33;105,64;4,182;7,874;31,174
21,44;343,35;105,636;4,182;7,874;31,172
21,44;343,38;105,633;4,182;7,873;31,169
21,44;343,4;105,63;4,182;7,872;31,167
21,44;343,43;105,627;4,182;7,872;31,164
21,44;343,45;105,623;4,182;7,871;31,162
21,45;343,48;105,62;4,182;7,871;31,16
21,45;343,5;105,617;4,181;7,87;31,157
21,45;343,52;105,613;4,181;7,869;31,155
21,45;343,55;105,611;4,181;7,869;31,152
21,45;343,57;105,608;4,181;7,868;31,15
21,46;343,6;105,605;4,181;7,867;31,147
21,46;343,62;105,602;4,181;7,867;31,145
21,46;343,65;105,599;4,181;7,866;31,143
21,46;343,67;105,596;4,181;7,866;31,14
21,46;343,69;105,592;4,18;7,865;31,138
21,46;343,72;105,59;4,18;7,864;31,135
21,47;343,74;105,587;4,18;7,864;31,133
21,47;343,77;105,584;4,18;7,863;31,13
21,47;343,79;105,58;4,18;7,863;31,128
21,47;343,82;105,576;4,18;7,862;31,125
21,47;343,84;105,572;4,18;7,861;31,123
21,47;343,87;105,57;4,18;7,861;31,12
21,48;343,89;105,567;4,179;7,86;31,118
21,48;343,91;105,563;4,179;7,859;31,116
21,48;343,94;105,559;4,179;7,859;31,113
21,48;343,96;105,555;4,179;7,858;31,111
21,48;343,99;105,552;4,179;7,858;31,108
21,48;344,01;105,548;4,179;7,857;31,106
21,48;344,04;105,545;4,179;7,856;31,103
21,49;344,06;105,542;4,178;7,856;31,101
21,49;344,09;105,539;4,178;7,855;31,098
21,49;344,11;105,535;4,178;7,854;31,096
21,49;344,13;105,532;4,178;7,854;31,093
21,49;344,16;105,528;4,178;7,853;31,091
21,49;344,18;105,525;4,178;7,852;31,088
21,5;344,21;105,522;4,178;7,852;31,086
21,5;344,23;105,518;4,178;7,851;31,083
21,5;344,26;105,515;4,177;7,851;31,081
21,5;344,28;105,512;4,177;7,85;31,078
21,5;344,3;105,509;4,177;7,849;31,076
21,51;344,33;105,505;4,177;7,849;31,073
21,51;344,35;105,501;4,177;7,848;31,071
21,51;344,38;105,499;4,177;7,847;31,068
21,51;344,4;105,496;4,177;7,847;31,066
21,51;344,43;105,491;4,176;7,846;31,063
21,51;344,45;105,488;4,176;7,846;31,061
21,52;344,48;105,485;4,176;7,845;31,058
21,52;344,5;105,482;4,176;7,844;31,056
21,52;344,52;105,479;4,176;7,844;31,053
21,52;344,55;105,476;4,176;7,843;31,051
21,52;344,57;105,473;4,176;7,842;31,048
21,52;344,6;105,47;4,176;7,842;31,046
21,53;344,62;105,467;4,175;7,841;31,044
21,53;344,65;105,464;4,175;7,841;31,041
21,53;344,67;105,46;4,175;7,84;31,039
21,53;344,69;105,456;4,175;7,839;31,036
21,53;344,72;105,453;4,175;7,839;31,034
21,53;344,74;105,449;4,175;7,838;31,031
21,53;344,77;105,445;4,175;7,837;31,029
21,54;344,79;105,441;4,174;7,837;31,026
21,54;344,82;105,437;4,174;7,836;31,024
21,54;344,84;105,433;4,174;7,836;31,021
21,54;344,86;105,43;4,174;7,835;31,019
21,54;344,89;105,426;4,174;7,834;31,016
21,54;344,91;105,423;4,174;7,834;31,014
21,55;344,94;105,419;4,174;7,833;31,012
21,55;344,96;105,415;4,173;7,832;31,009
21,55;344,99;105,412;4,173;7,832;31,007
21,55;345,01;105,409;4,173;7,831;31,004
21,55;345,04;105,405;4,173;7,831;31,002
21,56;345,06;105,402;4,173;7,83;30,999
21,56;345,08;105,398;4,173;7,829;30,997
21,56;345,11;105,395;4,173;7,829;30,994
21,56;345,13;105,391;4,172;7,828;30,992
21,56;345,16;105,388;4,172;7,828;30,989
21,56;345,18;105,385;4,172;7,827;30,987
21,57;345,21;105,382;4,172;7,826;30,985
21,57;345,23;105,378;4,172;7,826;30,982
21,57;345,25;105,374;4,172;7,825;30,98
21,57;345,28;105,371;4,172;7,824;30,977
21,57;345,3;105,367;4,172;7,824;30,975
21,57;345,33;105,363;4,171;7,823;30,972
21,58;345,35;105,36;4,171;7,823;30,97
21,58;345,38;105,357;4,171;7,822;30,968
21,58;345,4;105,353;4,171;7,821;30,965
21,58;345,42;105,349;4,171;7,821;30,963
21,58;345,45;105,345;4,171;7,82;30,96
21,58;345,47;105,342;4,171;7,82;30,958
21,58;345,5;105,338;4,17;7,819;30,955
21,59;345,52;105,334;4,17;7,818;30,953
21,59;345,55;105,331;4,17;7,818;30,951
21,59;345,57;105,327;4,17;7,817;30,948
21,59;345,6;105,323;4,17;7,816;30,946
21,59;345,62;105,319;4,17;7,816;30,943
21,59;345,64;105,316;4,169;7,815;30,941
21,6;345,67;105,312;4,169;7,815;30,938
21,6;345,69;105,308;4,169;7,814;30,936
21,6;345,72;105,304;4,169;7,813;30,933
21,6;345,74;105,301;4,169;7,813;30,931
21,6;345,77;105,296;4,169;7,812;30,929
21,61;345,79;105,293;4,169;7,812;30,926
21,61;345,81;105,289;4,168;7,811;30,924
21,61;345,84;105,285;4,168;7,81;30,921
21,61;345,86;105,281;4,168;7,81;30,919
21,61;345,89;105,278;4,168;7,809;30,916
21,61;345,91;105,274;4,168;7,808;30,914
21,62;345,94;105,271;4,168;7,808;30,912
21,62;345,96;105,267;4,168;7,807;30,909
21,62;345,99;105,264;4,167;7,807;30,907
21,62;346,01;105,261;4,167;7,806;30,904
21,62;346,03;105,257;4,167;7,805;30,902
21,62;346,06;105,253;4,167;7,805;30,899
21,63;346,08;105,249;4,167;7,804;30,897
21,63;346,11;105,245;4,167;7,804;30,895
21,63;346,13;105,241;4,167;7,803;30,892
21,63;346,16;105,237;4,166;7,802;30,89
21,63;346,18;105,233;4,166;7,802;30,887
21,63;346,2;105,229;4,166;7,801;30,885
21,63;346,23;105,225;4,166;7,801;30,882
21,64;346,25;105,22;4,166;7,8;30,88
21,64;346,28;105,216;4,166;7,799;30,878
21,64;346,3;105,212;4,165;7,799;30,875
21,64;346,33;105,209;4,165;7,798;30,873
21,64;346,35;105,205;4,165;7,797;30,87
21,64;346,38;105,201;4,165;7,797;30,868
21,65;346,4;105,196;4,165;7,796;30,866
21,65;346,42;105,192;4,165;7,796;30,863
21,65;346,45;105,188;4,164;7,795;30,861
21,65;346,47;105,184;4,164;7,794;30,858
21,65;346,5;105,18;4,164;7,794;30,856
21,66;346,52;105,175;4,164;7,793;30,853
21,66;346,55;105,171;4,164;7,793;30,851
21,66;346,57;105,167;4,164;7,792;30,849
21,66;346,59;105,162;4,163;7,791;30,846
21,66;346,62;105,158;4,163;7,791;30,844
21,66;346,64;105,153;4,163;7,79;30,841
21,67;346,67;105,149;4,163;7,79;30,839
21,67;346,69;105,145;4,163;7,789;30,836
21,67;346,72;105,14;4,163;7,788;30,834
21,67;346,74;105,135;4,162;7,788;30,832
21,67;346,77;105,131;4,162;7,787;30,829
21,67;346,79;105,127;4,162;7,786;30,827
21,68;346,81;105,122;4,162;7,786;30,824
21,68;346,84;105,118;4,162;7,785;30,822
21,68;346,86;105,114;4,161;7,785;30,82
21,68;346,89;105,11;4,161;7,784;30,817
21,68;346,91;105,105;4,161;7,783;30,815
21,68;346,94;105,101;4,161;7,783;30,812
21,68;346,96;105,097;4,161;7,782;30,81
21,69;346,98;105,092;4,161;7,782;30,808
21,69;347,01;105,088;4,16;7,781;30,805
21,69;347,03;105,084;4,16;7,78;30,803
21,69;347,06;105,079;4,16;7,78;30,8
21,69;347,08;105,074;4,16;7,779;30,798
21,69;347,11;105,068;4,16;7,779;30,795
21,7;347,13;105,064;4,16;7,778;30,793
21,7;347,15;105,059;4,159;7,777;30,791
21,7;347,18;105,054;4,159;7,777;30,788
21,7;347,2;105,05;4,159;7,776;30,786
21,7;347,23;105,044;4,159;7,776;30,783
21,71;347,25;105,04;4,159;7,775;30,781
21,71;347,28;105,036;4,158;7,774;30,779
21,71;347,3;105,031;4,158;7,774;30,776
21,71;347,33;105,026;4,158;7,773;30,774
21,71;347,35;105,022;4,158;7,772;30,771
21,71;347,37;105,017;4,158;7,772;30,769
21,72;347,4;105,012;4,157;7,771;30,767
21,72;347,42;105,007;4,157;7,771;30,764
21,72;347,45;105,002;4,157;7,77;30,762
21,72;347,47;104,997;4,157;7,769;30,759
21,72;347,5;104,993;4,157;7,769;30,757
21,72;347,52;104,988;4,156;7,768;30,755
21,73;347,54;104,982;4,156;7,768;30,752
21,73;347,57;104,978;4,156;7,767;30,75
21,73;347,59;104,974;4,156;7,766;30,747
21,73;347,62;104,968;4,156;7,766;30,745
21,73;347,64;104,963;4,156;7,765;30,743
21,73;347,67;104,959;4,155;7,765;30,74
21,73;347,69;104,953;4,155;7,764;30,738
21,74;347,71;104,948;4,155;7,763;30,735
21,74;347,74;104,945;4,155;7,763;30,733
21,74;347,76;104,94;4,155;7,762;30,731
21,74;347,79;104,935;4,154;7,762;30,728
21,74;347,81;104,931;4,154;7,761;30,726
21,74;347,84;104,926;4,154;7,76;30,723
21,75;347,86;104,921;4,154;7,76;30,721
21,75;347,89;104,916;4,154;7,759;30,718
21,75;347,91;104,911;4,153;7,758;30,716
21,75;347,93;104,906;4,153;7,758;30,714
21,75;347,96;104,902;4,153;7,757;30,711
21,76;347,98;104,896;4,153;7,757;30,709
21,76;348,01;104,891;4,153;7,756;30,706
21,76;348,03;104,886;4,152;7,755;30,704
21,76;348,06;104,881;4,152;7,755;30,702
21,76;348,08;104,876;4,152;7,754;30,699
21,76;348,1;104,87;4,152;7,754;30,697
21,77;348,13;104,864;4,152;7,753;30,694
21,77;348,15;104,859;4,151;7,752;30,692
21,77;348,18;104,853;4,151;7,752;30,69
21,77;348,2;104,849;4,151;7,751;30,687
21,77;348,23;104,843;4,151;7,751;30,685
21,77;348,25;104,838;4,151;7,75;30,682
21,78;348,27;104,833;4,15;7,749;30,68
21,78;348,3;104,827;4,15;7,749;30,678
21,78;348,32;104,823;4,15;7,748;30,675
21,78;348,35;104,817;4,15;7,748;30,673
21,78;348,37;104,812;4,15;7,747;30,67
21,78;348,4;104,807;4,149;7,746;30,668
21,78;348,42;104,802;4,149;7,746;30,665
21,79;348,45;104,797;4,149;7,745;30,663
21,79;348,47;104,791;4,149;7,744;30,661
21,79;348,49;104,786;4,148;7,744;30,658
21,79;348,52;104,781;4,148;7,743;30,656
21,79;348,54;104,776;4,148;7,743;30,653
21,79;348,57;104,771;4,148;7,742;30,651
21,8;348,59;104,766;4,148;7,741;30,649
21,8;348,62;104,761;4,148;7,741;30,646
21,8;348,64;104,757;4,147;7,74;30,644
21,8;348,67;104,752;4,147;7,74;30,641
21,8;348,69;104,746;4,147;7,739;30,639
21,81;348,71;104,741;4,147;7,738;30,637
21,81;348,74;104,735;4,147;7,738;30,634
21,81;348,76;104,73;4,146;7,737;30,632
21,81;348,79;104,724;4,146;7,737;30,63
21,81;348,81;104,718;4,146;7,736;30,627
21,81;348,84;104,714;4,146;7,735;30,625
21,82;348,86;104,709;4,145;7,735;30,622
21,82;348,88;104,704;4,145;7,734;30,62
21,82;348,91;104,699;4,145;7,734;30,618
21,82;348,93;104,693;4,145;7,733;30,615
21,82;348,96;104,688;4,145;7,732;30,613
21,82;348,98;104,682;4,144;7,732;30,61
21,83;349,01;104,677;4,144;7,731;30,608
21,83;349,03;104,671;4,144;7,731;30,606
21,83;349,06;104,666;4,144;7,73;30,603
21,83;349,08;104,661;4,144;7,729;30,601
21,83;349,1;104,655;4,143;7,729;30,598
21,83;349,13;104,65;4,143;7,728;30,596
21,83;349,15;104,645;4,143;7,728;30,594
21,84;349,18;104,64;4,143;7,727;30,591
21,84;349,2;104,636;4,143;7,726;30,589
21,84;349,23;104,631;4,142;7,726;30,587
21,84;349,25;104,625;4,142;7,725;30,584
21,84;349,27;104,62;4,142;7,725;30,582
21,84;349,3;104,616;4,142;7,724;30,579
21,85;349,32;104,611;4,142;7,723;30,577
21,85;349,35;104,607;4,141;7,723;30,575
21,85;349,37;104,602;4,141;7,722;30,572
21,85;349,4;104,597;4,141;7,722;30,57
21,85;349,42;104,592;4,141;7,721;30,568
21,86;349,45;104,586;4,141;7,72;30,565
21,86;349,47;104,581;4,14;7,72;30,563
21,86;349,49;104,576;4,14;7,719;30,561
21,86;349,52;104,571;4,14;7,719;30,558
21,86;349,54;104,566;4,14;7,718;30,556
21,86;349,57;104,56;4,14;7,717;30,554
21,87;349,59;104,555;4,139;7,717;30,551
21,87;349,62;104,549;4,139;7,716;30,549
21,87;349,64;104,545;4,139;7,716;30,547
21,87;349,67;104,539;4,139;7,715;30,544
21,87;349,69;104,534;4,139;7,714;30,542
21,87;349,71;104,529;4,138;7,714;30,539
21,88;349,74;104,524;4,138;7,713;30,537
21,88;349,76;104,519;4,138;7,713;30,535
21,88;349,79;104,514;4,138;7,712;30,532
21,88;349,81;104,508;4,138;7,711;30,53
21,88;349,84;104,503;4,137;7,711;30,528
21,88;349,86;104,497;4,137;7,71;30,525
21,88;349,88;104,492;4,137;7,71;30,523
21,89;349,91;104,487;4,137;7,709;30,521
21,89;349,93;104,481;4,136;7,709;30,518
21,89;349,96;104,476;4,136;7,708;30,516
21,89;349,98;104,471;4,136;7,707;30,513
21,89;350,01;104,466;4,136;7,707;30,511
21,89;350,03;104,461;4,136;7,706;30,509
21,9;350,06;104,455;4,135;7,706;30,506
21,9;350,08;104,449;4,135;7,705;30,504
21,9;350,1;104,444;4,135;7,704;30,502
21,9;350,13;104,439;4,135;7,704;30,499
21,9;350,15;104,434;4,135;7,703;30,497
21,91;350,18;104,428;4,134;7,703;30,495
21,91;350,2;104,423;4,134;7,702;30,492
21,91;350,23;104,418;4,134;7,701;30,49
21,91;350,25;104,412;4,134;7,701;30,488
21,91;350,27;104,407;4,134;7,7;30,485
21,91;350,3;104,401;4,133;7,7;30,483
21,92;350,32;104,396;4,133;7,699;30,48
21,92;350,35;104,391;4,133;7,698;30,478
21,92;350,37;104,387;4,133;7,698;30,476
21,92;350,4;104,381;4,132;7,697;30,473
21,92;350,42;104,376;4,132;7,697;30,471
21,92;350,45;104,371;4,132;7,696;30,469
21,93;350,47;104,366;4,132;7,695;30,466
21,93;350,49;104,36;4,132;7,695;30,464
21,93;350,52;104,355;4,131;7,694;30,462
21,93;350,54;104,35;4,131;7,694;30,459
21,93;350,57;104,344;4,131;7,693;30,457
21,93;350,59;104,338;4,131;7,692;30,454
21,93;350,62;104,333;4,131;7,692;30,452
21,94;350,64;104,328;4,13;7,691;30,45
21,94;350,66;104,323;4,13;7,691;30,447
21,94;350,69;104,317;4,13;7,69;30,445
21,94;350,71;104,313;4,13;7,689;30,443
21,94;350,74;104,307;4,13;7,689;30,44
21,94;350,76;104,302;4,129;7,688;30,438
21,95;350,79;104,297;4,129;7,688;30,436
21,95;350,81;104,292;4,129;7,687;30,433
21,95;350,84;104,287;4,129;7,686;30,431
21,95;350,86;104,281;4,129;7,686;30,428
21,95;350,88;104,276;4,128;7,685;30,426
21,96;350,91;104,271;4,128;7,685;30,424
21,96;350,93;104,266;4,128;7,684;30,421
21,96;350,96;104,261;4,128;7,683;30,419
21,96;350,98;104,255;4,127;7,683;30,417
21,96;351,01;104,249;4,127;7,682;30,414
21,96;351,03;104,244;4,127;7,682;30,412
21,97;351,06;104,239;4,127;7,681;30,41
21,97;351,08;104,235;4,127;7,68;30,407
21,97;351,1;104,229;4,126;7,68;30,405
21,97;351,13;104,224;4,126;7,679;30,402
21,97;351,15;104,219;4,126;7,679;30,4
21,97;351,18;104,214;4,126;7,678;30,398
21,98;351,2;104,209;4,126;7,677;30,395
21,98;351,23;104,203;4,125;7,677;30,393
21,98;351,25;104,199;4,125;7,676;30,391
21,98;351,28;104,194;4,125;7,676;30,388
21,98;351,3;104,189;4,125;7,675;30,386
21,98;351,32;104,184;4,125;7,675;30,384
21,98;351,35;104,178;4,124;7,674;30,381
21,99;351,37;104,172;4,124;7,673;30,379
21,99;351,4;104,167;4,124;7,673;30,377
21,99;351,42;104,162;4,124;7,672;30,374
21,99;351,45;104,157;4,124;7,672;30,372
21,99;351,47;104,152;4,123;7,671;30,369
21,99;351,49;104,146;4,123;7,67;30,367
22;351,52;104,142;4,123;7,67;30,365
22;351,54;104,137;4,123;7,669;30,362
22;351,57;104,131;4,123;7,669;30,36
22;351,59;104,126;4,122;7,668;30,358
22;351,62;104,121;4,122;7,667;30,355
22,01;351,64;104,116;4,122;7,667;30,353
22,01;351,67;104,109;4,122;7,666;30,351
22,01;351,69;104,104;4,121;7,666;30,348
22,01;351,71;104,099;4,121;7,665;30,346
22,01;351,74;104,093;4,121;7,664;30,343
22,01;351,76;104,088;4,121;7,664;30,341
22,02;351,79;104,083;4,121;7,663;30,339
22,02;351,81;104,078;4,12;7,663;30,336
22,02;351,84;104,073;4,12;7,662;30,334
22,02;351,86;104,067;4,12;7,661;30,332
22,02;351,89;104,062;4,12;7,661;30,329
22,02;351,91;104,056;4,12;7,66;30,327
22,03;351,93;104,051;4,119;7,66;30,325
22,03;351,96;104,047;4,119;7,659;30,322
22,03;351,98;104,042;4,119;7,658;30,32
22,03;352,01;104,036;4,119;7,658;30,318
22,03;352,03;104,031;4,119;7,657;30,315
22,03;352,06;104,026;4,118;7,657;30,313
22,03;352,08;104,02;4,118;7,656;30,31
22,04;352,11;104,015;4,118;7,655;30,308
22,04;352,13;104,01;4,118;7,655;30,306
22,04;352,15;104,005;4,118;7,654;30,303
22,04;352,18;104;4,117;7,654;30,301
22,04;352,2;103,995;4,117;7,653;30,299
22,04;352,23;103,989;4,117;7,652;30,296
22,05;352,25;103,984;4,117;7,652;30,294
22,05;352,28;103,978;4,117;7,651;30,292
22,05;352,3;103,973;4,116;7,651;30,289
22,05;352,33;103,968;4,116;7,65;30,287
22,05;352,35;103,963;4,116;7,649;30,285
22,06;352,37;103,958;4,116;7,649;30,282
22,06;352,4;103,953;4,116;7,648;30,28
22,06;352,42;103,948;4,115;7,648;30,277
22,06;352,45;103,943;4,115;7,647;30,275
22,06;352,47;103,938;4,115;7,647;30,273
22,06;352,5;103,933;4,115;7,646;30,27
22,07;352,52;103,928;4,115;7,645;30,268
22,07;352,54;103,922;4,114;7,645;30,266
22,07;352,57;103,917;4,114;7,644;30,263
22,07;352,59;103,913;4,114;7,644;30,261
22,07;352,62;103,909;4,114;7,643;30,259
22,07;352,64;103,904;4,114;7,642;30,256
22,08;352,67;103,898;4,113;7,642;30,254
22,08;352,69;103,892;4,113;7,641;30,252
22,08;352,72;103,888;4,113;7,641;30,249
22,08;352,74;103,882;4,113;7,64;30,247
22,08;352,76;103,877;4,113;7,639;30,245
22,08;352,79;103,872;4,112;7,639;30,242
22,08;352,81;103,867;4,112;7,638;30,24
22,09;352,84;103,862;4,112;7,638;30,238
22,09;352,86;103,857;4,112;7,637;30,235
22,09;352,89;103,853;4,112;7,636;30,233
22,09;352,91;103,848;4,111;7,636;30,23
22,09;352,94;103,844;4,111;7,635;30,228
22,09;352,96;103,839;4,111;7,635;30,226
22,1;352,99;103,834;4,111;7,634;30,223
22,1;353,01;103,829;4,111;7,633;30,221
22,1;353,03;103,824;4,11;7,633;30,219
22,1;353,06;103,819;4,11;7,632;30,216
22,1;353,08;103,815;4,11;7,632;30,214
22,11;353,11;103,81;4,11;7,631;30,212
22,11;353,13;103,806;4,11;7,63;30,209
22,11;353,16;103,8;4,109;7,63;30,207
22,11;353,18;103,796;4,109;7,629;30,205
22,11;353,21;103,791;4,109;7,629;30,202
22,11;353,23;103,786;4,109;7,628;30,2
22,12;353,25;103,782;4,109;7,628;30,198
22,12;353,28;103,777;4,109;7,627;30,195
22,12;353,3;103,773;4,108;7,626;30,193
22,12;353,33;103,768;4,108;7,626;30,19
22,12;353,35;103,763;4,108;7,625;30,188
22,12;353,38;103,759;4,108;7,625;30,186
22,13;353,4;103,755;4,108;7,624;30,183
22,13;353,43;103,751;4,108;7,623;30,181
22,13;353,45;103,746;4,107;7,623;30,179
22,13;353,48;103,742;4,107;7,622;30,176
22,13;353,5;103,737;4,107;7,622;30,174
22,13;353,52;103,733;4,107;7,621;30,172
22,13;353,55;103,728;4,107;7,62;30,169
22,14;353,57;103,724;4,106;7,62;30,167
22,14;353,6;103,719;4,106;7,619;30,165
22,14;353,62;103,715;4,106;7,619;30,162
22,14;353,65;103,71;4,106;7,618;30,16
22,14;353,67;103,705;4,106;7,617;30,158
22,14;353,7;103,701;4,106;7,617;30,155
22,15;353,72;103,696;4,105;7,616;30,153
22,15;353,75;103,692;4,105;7,616;30,151
22,15;353,77;103,688;4,105;7,615;30,148
22,15;353,79;103,683;4,105;7,614;30,146
22,15;353,82;103,679;4,105;7,614;30,143
22,16;353,84;103,674;4,104;7,613;30,141
22,16;353,87;103,67;4,104;7,613;30,139
22,16;353,89;103,667;4,104;7,612;30,136
22,16;353,92;103,662;4,104;7,612;30,134
22,16;353,94;103,658;4,104;7,611;30,132
22,16;353,97;103,653;4,104;7,61;30,129
22,17;353,99;103,65;4,104;7,61;30,127
22,17;354,02;103,645;4,103;7,609;30,125
22,17;354,04;103,64;4,103;7,609;30,122
22,17;354,06;103,635;4,103;7,608;30,12
22,17;354,09;103,631;4,103;7,607;30,118
22,17;354,11;103,627;4,103;7,607;30,115
22,18;354,14;103,622;4,102;7,606;30,113
22,18;354,16;103,618;4,102;7,606;30,111
22,18;354,19;103,613;4,102;7,605;30,109
22,18;354,21;103,609;4,102;7,604;30,106
22,18;354,24;103,604;4,102;7,604;30,104
22,18;354,26;103,599;4,102;7,603;30,102
22,18;354,28;103,595;4,101;7,603;30,099
22,19;354,31;103,59;4,101;7,602;30,097
22,19;354,33;103,585;4,101;7,602;30,095
22,19;354,36;103,581;4,101;7,601;30,092
22,19;354,38;103,576;4,101;7,6;30,09
22,19;354,41;103,571;4,1;7,6;30,088
22,19;354,43;103,566;4,1;7,599;30,085
22,2;354,46;103,562;4,1;7,599;30,083
22,2;354,48;103,557;4,1;7,598;30,081
22,2;354,51;103,552;4,1;7,597;30,078
22,2;354,53;103,548;4,099;7,597;30,076
22,2;354,55;103,544;4,099;7,596;30,074
22,21;354,58;103,539;4,099;7,596;30,071
22,21;354,6;103,534;4,099;7,595;30,069
22,21;354,63;103,53;4,099;7,594;30,066
22,21;354,65;103,525;4,099;7,594;30,064
22,21;354,68;103,52;4,098;7,593;30,062
22,21;354,7;103,516;4,098;7,593;30,059
22,22;354,73;103,512;4,098;7,592;30,057
22,22;354,75;103,507;4,098;7,591;30,055
22,22;354,77;103,503;4,098;7,591;30,052
22,22;354,8;103,498;4,098;7,59;30,05
22,22;354,82;103,494;4,097;7,59;30,048
22,22;354,85;103,489;4,097;7,589;30,045
22,23;354,87;103,486;4,097;7,588;30,043
22,23;354,9;103,481;4,097;7,588;30,041
22,23;354,92;103,476;4,097;7,587;30,038
22,23;354,95;103,472;4,096;7,587;30,036
22,23;354,97;103,467;4,096;7,586;30,034
22,23;355;103,462;4,096;7,586;30,031
22,23;355,02;103,458;4,096;7,585;30,029
22,24;355,04;103,453;4,096;7,584;30,027
22,24;355,07;103,448;4,096;7,584;30,024
22,24;355,09;103,444;4,095;7,583;30,022
22,24;355,12;103,439;4,095;7,583;30,019
22,24;355,14;103,434;4,095;7,582;30,017
22,24;355,17;103,429;4,095;7,581;30,015
22,25;355,19;103,425;4,095;7,581;30,012
22,25;355,22;103,421;4,094;7,58;30,01
22,25;355,24;103,416;4,094;7,58;30,008
22,25;355,27;103,412;4,094;7,579;30,005
22,25;355,29;103,407;4,094;7,578;30,003
22,26;355,31;103,403;4,094;7,578;30,001
22,26;355,34;103,398;4,094;7,577;29,998
22,26;355,36;103,394;4,093;7,577;29,996
22,26;355,39;103,39;4,093;7,576;29,994
22,26;355,41;103,385;4,093;7,575;29,991
22,26;355,44;103,381;4,093;7,575;29,989
22,27;355,46;103,376;4,093;7,574;29,987
22,27;355,49;103,372;4,093;7,574;29,984
22,27;355,51;103,368;4,092;7,573;29,982
22,27;355,54;103,364;4,092;7,572;29,98
22,27;355,56;103,36;4,092;7,572;29,977
22,27;355,59;103,356;4,092;7,571;29,975
22,28;355,61;103,352;4,092;7,571;29,973
22,28;355,63;103,348;4,092;7,57;29,97
22,28;355,66;103,344;4,091;7,57;29,968
22,28;355,68;103,34;4,091;7,569;29,966
22,28;355,71;103,336;4,091;7,568;29,963
22,28;355,73;103,332;4,091;7,568;29,961
22,28;355,76;103,327;4,091;7,567;29,959
22,29;355,78;103,324;4,091;7,567;29,956
22,29;355,81;103,319;4,09;7,566;29,954
22,29;355,83;103,315;4,09;7,565;29,952
22,29;355,85;103,311;4,09;7,565;29,949
22,29;355,88;103,306;4,09;7,564;29,947
22,29;355,9;103,303;4,09;7,564;29,945
22,3;355,93;103,299;4,09;7,563;29,942
22,3;355,95;103,295;4,089;7,562;29,94
22,3;355,98;103,29;4,089;7,562;29,938
22,3;356;103,286;4,089;7,561;29,935
22,3;356,03;103,281;4,089;7,561;29,933
22,31;356,05;103,277;4,089;7,56;29,931
22,31;356,08;103,272;4,089;7,56;29,928
22,31;356,1;103,268;4,088;7,559;29,926
22,31;356,13;103,264;4,088;7,558;29,924
22,31;356,15;103,26;4,088;7,558;29,922
22,31;356,17;103,255;4,088;7,557;29,919
22,32;356,2;103,251;4,088;7,557;29,917
22,32;356,22;103,247;4,088;7,556;29,915
22,32;356,25;103,243;4,087;7,555;29,912
22,32;356,27;103,24;4,087;7,555;29,91
22,32;356,3;103,236;4,087;7,554;29,908
22,32;356,32;103,232;4,087;7,554;29,905
22,33;356,35;103,228;4,087;7,553;29,903
22,33;356,37;103,225;4,087;7,553;29,901
22,33;356,4;103,221;4,087;7,552;29,898
22,33;356,42;103,218;4,086;7,551;29,896
22,33;356,44;103,213;4,086;7,551;29,894
22,33;356,47;103,21;4,086;7,55;29,891
22,33;356,49;103,206;4,086;7,55;29,889
22,34;356,52;103,203;4,086;7,549;29,887
22,34;356,54;103,199;4,086;7,548;29,884
22,34;356,57;103,194;4,085;7,548;29,882
22,34;356,59;103,19;4,085;7,547;29,88
22,34;356,62;103,186;4,085;7,547;29,877
22,34;356,64;103,182;4,085;7,546;29,875
22,35;356,67;103,179;4,085;7,545;29,873
22,35;356,69;103,175;4,085;7,545;29,87
22,35;356,72;103,171;4,085;7,544;29,868
22,35;356,74;103,167;4,084;7,544;29,866
22,35;356,76;103,162;4,084;7,543;29,863
22,36;356,79;103,158;4,084;7,543;29,861
22,36;356,81;103,154;4,084;7,542;29,859
22,36;356,84;103,15;4,084;7,541;29,856
22,36;356,86;103,147;4,084;7,541;29,854
22,36;356,89;103,142;4,083;7,54;29,852
22,36;356,91;103,138;4,083;7,54;29,849
22,37;356,94;103,134;4,083;7,539;29,847
22,37;356,96;103,131;4,083;7,538;29,845
22,37;356,99;103,126;4,083;7,538;29,842
22,37;357,01;103,122;4,083;7,537;29,84
22,37;357,03;103,118;4,082;7,537;29,838
22,37;357,06;103,114;4,082;7,536;29,835
22,38;357,08;103,11;4,082;7,535;29,833
22,38;357,11;103,106;4,082;7,535;29,831
22,38;357,13;103,102;4,082;7,534;29,828
22,38;357,16;103,098;4,082;7,534;29,826
22,38;357,18;103,093;4,081;7,533;29,824
22,38;357,21;103,09;4,081;7,533;29,821
22,38;357,23;103,086;4,081;7,532;29,819
22,39;357,26;103,082;4,081;7,531;29,817
22,39;357,28;103,078;4,081;7,531;29,814
22,39;357,3;103,075;4,081;7,53;29,812
22,39;357,33;103,072;4,081;7,53;29,81
22,39;357,35;103,067;4,08;7,529;29,807
22,39;357,38;103,064;4,08;7,528;29,805
22,4;357,4;103,061;4,08;7,528;29,803
22,4;357,43;103,057;4,08;7,527;29,8
22,4;357,45;103,053;4,08;7,527;29,798
22,4;357,48;103,049;4,08;7,526;29,796
22,4;357,5;103,044;4,08;7,525;29,793
22,41;357,53;103,041;4,079;7,525;29,791
22,41;357,55;103,036;4,079;7,524;29,789
22,41;357,58;103,032;4,079;7,524;29,786
22,41;357,6;103,028;4,079;7,523;29,784
22,41;357,62;103,024;4,079;7,523;29,782
22,41;357,65;103,02;4,079;7,522;29,78
22,42;357,67;103,017;4,078;7,521;29,777
22,42;357,7;103,013;4,078;7,521;29,775
22,42;357,72;103,01;4,078;7,52;29,773
22,42;357,75;103,005;4,078;7,52;29,77
22,42;357,77;103,002;4,078;7,519;29,768
22,42;357,8;102,999;4,078;7,518;29,766
22,43;357,82;102,996;4,078;7,518;29,763
22,43;357,85;102,992;4,077;7,517;29,761
22,43;357,87;102,988;4,077;7,517;29,759
22,43;357,9;102,985;4,077;7,516;29,756
22,43;357,92;102,982;4,077;7,515;29,754
22,43;357,94;102,978;4,077;7,515;29,752
22,43;357,97;102,974;4,077;7,514;29,749
22,44;357,99;102,971;4,077;7,514;29,747
22,44;358,02;102,968;4,077;7,513;29,745
22,44;358,04;102,964;4,076;7,513;29,742
22,44;358,07;102,96;4,076;7,512;29,74
22,44;358,09;102,956;4,076;7,511;29,738
22,44;358,12;102,952;4,076;7,511;29,735
22,45;358,14;102,949;4,076;7,51;29,733
22,45;358,17;102,944;4,076;7,51;29,731
22,45;358,19;102,94;4,075;7,509;29,728
22,45;358,21;102,937;4,075;7,508;29,726
22,45;358,24;102,933;4,075;7,508;29,724
22,46;358,26;102,93;4,075;7,507;29,721
22,46;358,29;102,926;4,075;7,507;29,719
22,46;358,31;102,922;4,075;7,506;29,717
22,46;358,34;102,918;4,075;7,506;29,715
22,46;358,36;102,915;4,074;7,505;29,712
22,46;358,39;102,911;4,074;7,504;29,71
22,47;358,41;102,908;4,074;7,504;29,708
22,47;358,44;102,904;4,074;7,503;29,705
22,47;358,46;102,9;4,074;7,503;29,703
22,47;358,49;102,896;4,074;7,502;29,701
22,47;358,51;102,892;4,074;7,501;29,698
22,47;358,53;102,889;4,073;7,501;29,696
22,48;358,56;102,885;4,073;7,5;29,694
22,48;358,58;102,882;4,073;7,5;29,691
22,48;358,61;102,878;4,073;7,499;29,689
22,48;358,63;102,873;4,073;7,499;29,687
22,48;358,66;102,87;4,073;7,498;29,684
22,48;358,68;102,866;4,072;7,497;29,682
22,48;358,71;102,863;4,072;7,497;29,68
22,49;358,73;102,86;4,072;7,496;29,678
22,49;358,76;102,857;4,072;7,496;29,675
22,49;358,78;102,853;4,072;7,495;29,673
22,49;358,8;102,85;4,072;7,494;29,671
22,49;358,83;102,846;4,072;7,494;29,668
22,49;358,85;102,842;4,072;7,493;29,666
22,5;358,88;102,838;4,071;7,493;29,664
22,5;358,9;102,834;4,071;7,492;29,661
22,5;358,93;102,831;4,071;7,491;29,659
22,5;358,95;102,827;4,071;7,491;29,657
22,5;358,98;102,824;4,071;7,49;29,654
22,51;359;102,821;4,071;7,49;29,652
22,51;359,03;102,817;4,071;7,489;29,65
22,51;359,05;102,814;4,07;7,489;29,647
22,51;359,08;102,81;4,07;7,488;29,645
22,51;359,1;102,806;4,07;7,487;29,643
22,51;359,12;102,803;4,07;7,487;29,641
22,52;359,15;102,8;4,07;7,486;29,638
22,52;359,17;102,796;4,07;7,486;29,636
22,52;359,2;102,793;4,07;7,485;29,634
22,52;359,22;102,79;4,069;7,484;29,631
22,52;359,25;102,786;4,069;7,484;29,629
22,52;359,27;102,783;4,069;7,483;29,627
22,53;359,3;102,78;4,069;7,483;29,624
22,53;359,32;102,777;4,069;7,482;29,622
22,53;359,35;102,775;4,069;7,482;29,62
22,53;359,37;102,772;4,069;7,481;29,617
22,53;359,4;102,769;4,069;7,48;29,615
22,53;359,42;102,766;4,069;7,48;29,613
22,53;359,44;102,763;4,068;7,479;29,61
22,54;359,47;102,759;4,068;7,479;29,608
22,54;359,49;102,756;4,068;7,478;29,606
22,54;359,52;102,754;4,068;7,477;29,604
22,54;359,54;102,751;4,068;7,477;29,601
22,54;359,57;102,748;4,068;7,476;29,599
22,54;359,59;102,745;4,068;7,476;29,597
22,55;359,62;102,742;4,068;7,475;29,594
22,55;359,64;102,739;4,067;7,475;29,592
22,55;359,67;102,737;4,067;7,474;29,59
22,55;359,69;102,734;4,067;7,473;29,587
22,55;359,72;102,731;4,067;7,473;29,585
22,56;359,74;102,728;4,067;7,472;29,583
22,56;359,76;102,725;4,067;7,472;29,58
22,56;359,79;102,722;4,067;7,471;29,578
22,56;359,81;102,719;4,067;7,47;29,576
22,56;359,84;102,717;4,067;7,47;29,573
22,56;359,86;102,715;4,067;7,469;29,571
22,57;359,89;102,713;4,066;7,469;29,569
22,57;359,91;102,711;4,066;7,468;29,567
22,57;359,94;102,708;4,066;7,468;29,564
22,57;359,96;102,706;4,066;7,467;29,562
22,57;359,99;102,703;4,066;7,466;29,56
22,57;360,01;102,701;4,066;7,466;29,557
22,58;360,04;102,698;4,066;7,465;29,555
22,58;360,06;102,696;4,066;7,465;29,553
22,58;360,09;102,693;4,066;7,464;29,55
22,58;360,11;102,691;4,066;7,463;29,548
22,58;360,13;102,688;4,065;7,463;29,546
22,58;360,16;102,685;4,065;7,462;29,543
22,58;360,18;102,682;4,065;7,462;29,541
22,59;360,21;102,679;4,065;7,461;29,539
22,59;360,23;102,677;4,065;7,461;29,536
22,59;360,26;102,674;4,065;7,46;29,534
22,59;360,28;102,671;4,065;7,459;29,532
22,59;360,31;102,668;4,065;7,459;29,529
22,59;360,33;102,665;4,065;7,458;29,527
22,6;360,36;102,662;4,064;7,458;29,525
22,6;360,38;102,659;4,064;7,457;29,523
22,6;360,41;102,656;4,064;7,456;29,52
22,6;360,43;102,654;4,064;7,456;29,518
22,6;360,46;102,651;4,064;7,455;29,516
22,61;360,48;102,648;4,064;7,455;29,513
22,61;360,5;102,645;4,064;7,454;29,511
22,61;360,53;102,642;4,064;7,454;29,509
22,61;360,55;102,64;4,064;7,453;29,506
22,61;360,58;102,638;4,063;7,452;29,504
22,61;360,6;102,635;4,063;7,452;29,502
22,62;360,63;102,632;4,063;7,451;29,499
22,62;360,65;102,63;4,063;7,451;29,497
22,62;360,68;102,627;4,063;7,45;29,495
22,62;360,7;102,625;4,063;7,449;29,493
22,62;360,73;102,622;4,063;7,449;29,49
22,62;360,75;102,62;4,063;7,448;29,488
22,63;360,78;102,617;4,063;7,448;29,486
22,63;360,8;102,615;4,063;7,447;29,483
22,63;360,83;102,612;4,062;7,447;29,481
22,63;360,85;102,609;4,062;7,446;29,479
22,63;360,88;102,607;4,062;7,445;29,476
22,63;360,9;102,604;4,062;7,445;29,474
22,63;360,92;102,601;4,062;7,444;29,472
22,64;360,95;102,599;4,062;7,444;29,469
22,64;360,97;102,597;4,062;7,443;29,467
22,64;361;102,594;4,062;7,442;29,465
22,64;361,02;102,592;4,062;7,442;29,463
22,64;361,05;102,59;4,062;7,441;29,46
22,64;361,07;102,587;4,061;7,441;29,458
22,65;361,1;102,585;4,061;7,44;29,456
22,65;361,12;102,583;4,061;7,44;29,453
22,65;361,15;102,58;4,061;7,439;29,451
22,65;361,17;102,577;4,061;7,438;29,449
22,65;361,2;102,575;4,061;7,438;29,446
22,66;361,22;102,572;4,061;7,437;29,444
22,66;361,25;102,57;4,061;7,437;29,442
22,66;361,27;102,568;4,061;7,436;29,439
22,66;361,29;102,566;4,061;7,435;29,437
22,66;361,32;102,563;4,061;7,435;29,435
22,66;361,34;102,562;4,06;7,434;29,432
22,67;361,37;102,559;4,06;7,434;29,43
22,67;361,39;102,557;4,06;7,433;29,428
22,67;361,42;102,555;4,06;7,433;29,426
22,67;361,44;102,553;4,06;7,432;29,423
22,67;361,47;102,55;4,06;7,431;29,421
22,67;361,49;102,548;4,06;7,431;29,419
22,68;361,52;102,545;4,06;7,43;29,416
22,68;361,54;102,543;4,06;7,43;29,414
22,68;361,57;102,541;4,06;7,429;29,412
22,68;361,59;102,539;4,06;7,428;29,409
22,68;361,62;102,537;4,059;7,428;29,407
22,68;361,64;102,534;4,059;7,427;29,405
22,68;361,66;102,532;4,059;7,427;29,402
22,69;361,69;102,531;4,059;7,426;29,4
22,69;361,71;102,529;4,059;7,426;29,398
22,69;361,74;102,527;4,059;7,425;29,396
22,69;361,76;102,525;4,059;7,424;29,393
22,69;361,79;102,523;4,059;7,424;29,391
22,69;361,81;102,52;4,059;7,423;29,389
22,7;361,84;102,518;4,059;7,423;29,386
22,7;361,86;102,516;4,059;7,422;29,384
22,7;361,89;102,515;4,059;7,421;29,382
22,7;361,91;102,513;4,058;7,421;29,379
22,7;361,94;102,511;4,058;7,42;29,377
22,71;361,96;102,509;4,058;7,42;29,375
22,71;361,99;102,506;4,058;7,419;29,372
22,71;362,01;102,505;4,058;7,419;29,37
22,71;362,04;102,503;4,058;7,418;29,368
22,71;362,06;102,501;4,058;7,417;29,366
22,71;362,08;102,499;4,058;7,417;29,363
22,72;362,11;102,497;4,058;7,416;29,361
22,72;362,13;102,495;4,058;7,416;29,359
22,72;362,16;102,493;4,058;7,415;29,356
22,72;362,18;102,491;4,058;7,414;29,354
22,72;362,21;102,489;4,058;7,414;29,352
22,72;362,23;102,487;4,057;7,413;29,349
22,73;362,26;102,485;4,057;7,413;29,347
22,73;362,28;102,483;4,057;7,412;29,345
22,73;362,31;102,48;4,057;7,412;29,342
22,73;362,33;102,477;4,057;7,411;29,34
22,73;362,36;102,475;4,057;7,41;29,338
22,73;362,38;102,473;4,057;7,41;29,335
22,73;362,41;102,471;4,057;7,409;29,333
22,74;362,43;102,469;4,057;7,409;29,331
22,74;362,46;102,467;4,057;7,408;29,329
22,74;362,48;102,465;4,057;7,407;29,326
22,74;362,51;102,463;4,057;7,407;29,324
22,74;362,53;102,462;4,056;7,406;29,322
22,74;362,55;102,46;4,056;7,406;29,319
22,75;362,58;102,458;4,056;7,405;29,317
22,75;362,6;102,456;4,056;7,405;29,315
22,75;362,63;102,455;4,056;7,404;29,312
22,75;362,65;102,453;4,056;7,403;29,31
22,75;362,68;102,452;4,056;7,403;29,308
22,76;362,7;102,45;4,056;7,402;29,305
22,76;362,73;102,449;4,056;7,402;29,303
22,76;362,75;102,447;4,056;7,401;29,301
22,76;362,78;102,446;4,056;7,4;29,299
22,76;362,8;102,445;4,056;7,4;29,296
22,76;362,83;102,443;4,056;7,399;29,294
22,77;362,85;102,442;4,056;7,399;29,292
22,77;362,88;102,441;4,056;7,398;29,289
22,77;362,9;102,44;4,056;7,398;29,287
22,77;362,93;102,438;4,056;7,397;29,285
22,77;362,95;102,437;4,055;7,396;29,282
22,77;362,98;102,435;4,055;7,396;29,28
22,78;363;102,434;4,055;7,395;29,278
22,78;363,03;102,433;4,055;7,395;29,275
22,78;363,05;102,431;4,055;7,394;29,273
22,78;363,07;102,43;4,055;7,393;29,271
22,78;363,1;102,429;4,055;7,393;29,268
22,78;363,12;102,427;4,055;7,392;29,266
22,78;363,15;102,426;4,055;7,392;29,264
22,79;363,17;102,424;4,055;7,391;29,261
22,79;363,2;102,423;4,055;7,39;29,259
22,79;363,22;102,421;4,055;7,39;29,257
22,79;363,25;102,419;4,055;7,389;29,254
22,79;363,27;102,418;4,055;7,389;29,252
22,79;363,3;102,417;4,055;7,388;29,25
22,8;363,32;102,416;4,055;7,388;29,247
22,8;363,35;102,415;4,055;7,387;29,245
22,8;363,37;102,414;4,055;7,386;29,243
22,8;363,4;102,413;4,055;7,386;29,241
22,8;363,42;102,412;4,055;7,385;29,238
22,81;363,45;102,411;4,054;7,385;29,236
22,81;363,47;102,41;4,054;7,384;29,234
22,81;363,5;102,409;4,054;7,383;29,231
22,81;363,52;102,408;4,054;7,383;29,229
22,81;363,54;102,408;4,054;7,382;29,227
22,81;363,57;102,407;4,054;7,382;29,224
22,82;363,59;102,406;4,054;7,381;29,222
22,82;363,62;102,405;4,054;7,381;29,22
22,82;363,64;102,404;4,054;7,38;29,217
22,82;363,67;102,403;4,054;7,379;29,215
22,82;363,69;102,403;4,054;7,379;29,213
22,82;363,72;102,402;4,054;7,378;29,21
22,83;363,74;102,401;4,054;7,378;29,208
22,83;363,77;102,401;4,054;7,377;29,206
22,83;363,79;102,4;4,054;7,376;29,203
22,83;363,82;102,399;4,054;7,376;29,201
22,83;363,84;102,399;4,054;7,375;29,199
22,83;363,87;102,398;4,054;7,375;29,196
22,83;363,89;102,398;4,054;7,374;29,194
22,84;363,92;102,397;4,054;7,373;29,192
22,84;363,94;102,397;4,054;7,373;29,19
22,84;363,97;102,396;4,054;7,372;29,187
22,84;363,99;102,396;4,054;7,372;29,185
22,84;364,02;102,395;4,054;7,371;29,183
22,84;364,04;102,394;4,054;7,371;29,18
22,85;364,07;102,394;4,054;7,37;29,178
22,85;364,09;102,393;4,054;7,369;29,176
22,85;364,12;102,393;4,054;7,369;29,173
22,85;364,14;102,392;4,054;7,368;29,171
22,85;364,16;102,392;4,054;7,368;29,169
22,86;364,19;102,391;4,054;7,367;29,166
22,86;364,21;102,39;4,054;7,366;29,164
22,86;364,24;102,389;4,054;7,366;29,162
22,86;364,26;102,388;4,054;7,365;29,16
22,86;364,29;102,388;4,054;7,365;29,157
22,86;364,31;102,387;4,054;7,364;29,155
22,87;364,34;102,387;4,054;7,364;29,153
22,87;364,36;102,387;4,054;7,363;29,15
22,87;364,39;102,387;4,054;7,362;29,148
22,87;364,41;102,386;4,053;7,362;29,146
22,87;364,44;102,385;4,053;7,361;29,143
22,87;364,46;102,386;4,053;7,361;29,141
22,88;364,49;102,386;4,053;7,36;29,139
22,88;364,51;102,386;4,053;7,359;29,136
22,88;364,54;102,386;4,053;7,359;29,134
22,88;364,56;102,386;4,053;7,358;29,132
22,88;364,59;102,386;4,053;7,358;29,129
22,88;364,61;102,385;4,053;7,357;29,127
22,88;364,64;102,385;4,053;7,357;29,125
22,89;364,66;102,385;4,053;7,356;29,123
22,89;364,69;102,385;4,053;7,355;29,12
22,89;364,71;102,384;4,053;7,355;29,118
22,89;364,73;102,384;4,053;7,354;29,116
22,89;364,76;102,384;4,053;7,354;29,113
22,89;364,78;102,383;4,053;7,353;29,111
22,9;364,81;102,383;4,053;7,352;29,109
22,9;364,83;102,384;4,053;7,352;29,106
22,9;364,86;102,384;4,053;7,351;29,104
22,9;364,88;102,384;4,053;7,351;29,102
22,9;364,91;102,383;4,053;7,35;29,099
22,91;364,93;102,383;4,053;7,35;29,097
22,91;364,96;102,383;4,053;7,349;29,095
22,91;364,98;102,383;4,053;7,348;29,092
22,91;365,01;102,383;4,053;7,348;29,09
22,91;365,03;102,383;4,053;7,347;29,088
22,91;365,06;102,383;4,053;7,347;29,085
22,92;365,08;102,383;4,053;7,346;29,083
22,92;365,11;102,383;4,053;7,345;29,081
22,92;365,13;102,383;4,053;7,345;29,078
22,92;365,16;102,383;4,053;7,344;29,076
22,92;365,18;102,383;4,053;7,344;29,074
22,92;365,21;102,383;4,053;7,343;29,071
22,93;365,23;102,383;4,053;7,343;29,069
22,93;365,26;102,383;4,053;7,342;29,067
22,93;365,28;102,384;4,053;7,341;29,064
22,93;365,31;102,384;4,053;7,341;29,062
22,93;365,33;102,384;4,053;7,34;29,06
22,93;365,36;102,385;4,053;7,34;29,057
22,93;365,38;102,385;4,053;7,339;29,055
22,94;365,4;102,385;4,053;7,338;29,053
22,94;365,43;102,386;4,053;7,338;29,051
22,94;365,45;102,387;4,054;7,337;29,048
22,94;365,48;102,388;4,054;7,337;29,046
22,94;365,5;102,388;4,054;7,336;29,044
22,94;365,53;102,389;4,054;7,335;29,041
22,95;365,55;102,39;4,054;7,335;29,039
22,95;365,58;102,39;4,054;7,334;29,037
22,95;365,6;102,39;4,054;7,334;29,034
22,95;365,63;102,391;4,054;7,333;29,032
22,95;365,65;102,392;4,054;7,332;29,03
22,96;365,68;102,393;4,054;7,332;29,027
22,96;365,7;102,394;4,054;7,331;29,025
22,96;365,73;102,394;4,054;7,331;29,023
22,96;365,75;102,395;4,054;7,33;29,02
22,96;365,78;102,396;4,054;7,33;29,018
22,96;365,8;102,397;4,054;7,329;29,016
22,97;365,83;102,398;4,054;7,328;29,013
22,97;365,85;102,399;4,054;7,328;29,011
22,97;365,88;102,4;4,054;7,327;29,009
22,97;365,9;102,401;4,054;7,327;29,006
22,97;365,93;102,402;4,054;7,326;29,004
22,97;365,95;102,404;4,054;7,325;29,002
22,98;365,98;102,405;4,054;7,325;28,999
22,98;366;102,407;4,054;7,324;28,997
22,98;366,03;102,409;4,054;7,324;28,995
22,98;366,05;102,411;4,054;7,323;28,992
22,98;366,08;102,412;4,055;7,323;28,99
22,98;366,1;102,414;4,055;7,322;28,988
22,98;366,13;102,416;4,055;7,321;28,985
22,99;366,15;102,418;4,055;7,321;28,983
22,99;366,18;102,42;4,055;7,32;28,981
22,99;366,2;102,422;4,055;7,32;28,978
22,99;366,23;102,424;4,055;7,319;28,976
22,99;366,25;102,426;4,055;7,318;28,974
22,99;366,28;102,429;4,055;7,318;28,971
23;366,3;102,431;4,055;7,317;28,969
23;366,33;102,433;4,055;7,317;28,967
23;366,35;102,435;4,055;7,316;28,964
23;366,38;102,437;4,056;7,315;28,962
23;366,4;102,44;4,056;7,315;28,96
23,01;366,43;102,442;4,056;7,314;28,958
23,01;366,45;102,444;4,056;7,314;28,955
23,01;366,48;102,447;4,056;7,313;28,953
23,01;366,5;102,449;4,056;7,313;28,951
23,01;366,52;102,451;4,056;7,312;28,948
23,01;366,55;102,454;4,056;7,311;28,946
23,02;366,57;102,456;4,056;7,311;28,944
23,02;366,6;102,458;4,056;7,31;28,941
23,02;366,62;102,46;4,056;7,31;28,939
23,02;366,65;102,463;4,057;7,309;28,937
23,02;366,67;102,465;4,057;7,308;28,934
23,02;366,7;102,467;4,057;7,308;28,932
23,03;366,72;102,47;4,057;7,307;28,93
23,03;366,75;102,472;4,057;7,307;28,927
23,03;366,77;102,475;4,057;7,306;28,925
23,03;366,8;102,477;4,057;7,305;28,922
23,03;366,82;102,48;4,057;7,305;28,92
23,03;366,85;102,483;4,057;7,304;28,918
23,03;366,87;102,486;4,057;7,304;28,915
23,04;366,9;102,489;4,058;7,303;28,913
23,04;366,92;102,492;4,058;7,302;28,911
23,04;366,95;102,494;4,058;7,302;28,908
23,04;366,97;102,497;4,058;7,301;28,906
23,04;367;102,5;4,058;7,301;28,904
23,04;367,02;102,503;4,058;7,3;28,901
23,05;367,05;102,505;4,058;7,3;28,899
23,05;367,07;102,508;4,058;7,299;28,897
23,05;367,1;102,511;4,058;7,298;28,894
23,05;367,12;102,513;4,059;7,298;28,892
23,05;367,15;102,516;4,059;7,297;28,89
23,06;367,17;102,518;4,059;7,297;28,887
23,06;367,2;102,521;4,059;7,296;28,885
23,06;367,22;102,523;4,059;7,295;28,882
23,06;367,25;102,526;4,059;7,295;28,88
23,06;367,27;102,528;4,059;7,294;28,878
23,06;367,3;102,531;4,059;7,294;28,875
23,07;367,32;102,533;4,059;7,293;28,873
23,07;367,35;102,535;4,059;7,292;28,871
23,07;367,37;102,537;4,059;7,292;28,868
23,07;367,4;102,54;4,06;7,291;28,866
23,07;367,42;102,542;4,06;7,291;28,864
23,07;367,45;102,544;4,06;7,29;28,861
23,08;367,47;102,546;4,06;7,289;28,859
23,08;367,5;102,548;4,06;7,289;28,857
23,08;367,52;102,55;4,06;7,288;28,854
23,08;367,55;102,552;4,06;7,288;28,852
23,08;367,57;102,554;4,06;7,287;28,849
23,08;367,6;102,556;4,06;7,286;28,847
23,08;367,62;102,558;4,06;7,286;28,845
23,09;367,65;102,56;4,06;7,285;28,842
23,09;367,67;102,562;4,06;7,285;28,84
23,09;367,7;102,564;4,061;7,284;28,838
23,09;367,72;102,566;4,061;7,283;28,835
23,09;367,75;102,568;4,061;7,283;28,833
23,09;367,77;102,57;4,061;7,282;28,831
23,1;367,8;102,572;4,061;7,282;28,828
23,1;367,82;102,574;4,061;7,281;28,826
23,1;367,85;102,576;4,061;7,28;28,824
23,1;367,87;102,578;4,061;7,28;28,821
23,1;367,9;102,581;4,061;7,279;28,819
23,11;367,92;102,583;4,061;7,279;28,817
23,11;367,95;102,585;4,061;7,278;28,814
23,11;367,97;102,587;4,061;7,278;28,812
23,11;368;102,589;4,062;7,277;28,81
23,11;368,02;102,591;4,062;7,276;28,807
23,11;368,04;102,593;4,062;7,276;28,805
23,12;368,07;102,595;4,062;7,275;28,803
23,12;368,09;102,597;4,062;7,275;28,8
23,12;368,12;102,599;4,062;7,274;28,798
23,12;368,14;102,601;4,062;7,273;28,796
23,12;368,17;102,603;4,062;7,273;28,793
23,12;368,19;102,605;4,062;7,272;28,791
23,13;368,22;102,608;4,062;7,272;28,789
23,13;368,24;102,61;4,062;7,271;28,786
23,13;368,27;102,612;4,062;7,271;28,784
23,13;368,29;102,614;4,063;7,27;28,782
23,13;368,32;102,616;4,063;7,269;28,78
23,13;368,34;102,618;4,063;7,269;28,777
23,13;368,37;102,62;4,063;7,268;28,775
23,14;368,39;102,622;4,063;7,268;28,773
23,14;368,42;102,624;4,063;7,267;28,77
23,14;368,44;102,625;4,063;7,266;28,768
23,14;368,47;102,627;4,063;7,266;28,766
23,14;368,49;102,629;4,063;7,265;28,763
23,14;368,52;102,631;4,063;7,265;28,761
23,15;368,54;102,633;4,063;7,264;28,759
23,15;368,57;102,635;4,063;7,264;28,757
23,15;368,59;102,637;4,063;7,263;28,754
23,15;368,62;102,639;4,064;7,262;28,752
23,15;368,64;102,641;4,064;7,262;28,75
23,16;368,67;102,644;4,064;7,261;28,747
23,16;368,69;102,646;4,064;7,261;28,745
23,16;368,72;102,648;4,064;7,26;28,743
23,16;368,74;102,65;4,064;7,259;28,74
23,16;368,77;102,652;4,064;7,259;28,738
23,16;368,79;102,654;4,064;7,258;28,736
23,17;368,82;102,656;4,064;7,258;28,733
23,17;368,84;102,658;4,064;7,257;28,731
23,17;368,87;102,661;4,064;7,257;28,729
23,17;368,89;102,663;4,064;7,256;28,726
23,17;368,92;102,665;4,065;7,255;28,724
23,17;368,94;102,668;4,065;7,255;28,722
23,18;368,97;102,67;4,065;7,254;28,719
23,18;368,99;102,672;4,065;7,254;28,717
23,18;369,02;102,675;4,065;7,253;28,715
23,18;369,04;102,677;4,065;7,252;28,713
23,18;369,07;102,679;4,065;7,252;28,71
23,18;369,09;102,682;4,065;7,251;28,708
23,18;369,12;102,684;4,065;7,251;28,706
23,19;369,14;102,687;4,065;7,25;28,703
23,19;369,17;102,689;4,065;7,249;28,701
23,19;369,19;102,692;4,066;7,249;28,699
23,19;369,22;102,694;4,066;7,248;28,696
23,19;369,24;102,697;4,066;7,248;28,694
23,19;369,27;102,699;4,066;7,247;28,692
23,2;369,29;102,702;4,066;7,247;28,689
23,2;369,32;102,705;4,066;7,246;28,687
23,2;369,34;102,707;4,066;7,245;28,685
23,2;369,37;102,71;4,066;7,245;28,682
23,2;369,39;102,712;4,066;7,244;28,68
23,21;369,42;102,714;4,066;7,244;28,678
23,21;369,44;102,717;4,067;7,243;28,675
23,21;369,47;102,719;4,067;7,242;28,673
23,21;369,49;102,721;4,067;7,242;28,671
23,21;369,52;102,724;4,067;7,241;28,668
23,21;369,54;102,727;4,067;7,241;28,666
23,22;369,57;102,729;4,067;7,24;28,664
23,22;369,59;102,732;4,067;7,239;28,661
23,22;369,62;102,734;4,067;7,239;28,659
23,22;369,64;102,737;4,067;7,238;28,657
23,22;369,67;102,74;4,067;7,238;28,654
23,22;369,69;102,742;4,068;7,237;28,652
23,23;369,72;102,745;4,068;7,237;28,65
23,23;369,74;102,747;4,068;7,236;28,647
23,23;369,76;102,75;4,068;7,235;28,645
23,23;369,79;102,753;4,068;7,235;28,643
23,23;369,81;102,755;4,068;7,234;28,64
23,23;369,84;102,758;4,068;7,234;28,638
23,23;369,86;102,761;4,068;7,233;28,635
23,24;369,89;102,764;4,068;7,232;28,633
23,24;369,91;102,766;4,069;7,232;28,631
23,24;369,94;102,769;4,069;7,231;28,628
23,24;369,96;102,772;4,069;7,231;28,626
23,24;369,99;102,775;4,069;7,23;28,624
23,24;370,01;102,778;4,069;7,229;28,621
23,25;370,04;102,781;4,069;7,229;28,619
23,25;370,06;102,784;4,069;7,228;28,617
23,25;370,09;102,787;4,069;7,228;28,614
23,25;370,11;102,79;4,069;7,227;28,612
23,25;370,14;102,793;4,07;7,226;28,61
23,26;370,16;102,796;4,07;7,226;28,607
23,26;370,19;102,799;4,07;7,225;28,605
23,26;370,21;102,802;4,07;7,225;28,603
23,26;370,24;102,805;4,07;7,224;28,6
23,26;370,27;102,809;4,07;7,224;28,598
23,26;370,29;102,812;4,07;7,223;28,596
23,27;370,31;102,815;4,07;7,222;28,593
23,27;370,34;102,818;4,071;7,222;28,591
23,27;370,36;102,821;4,071;7,221;28,589
23,27;370,39;102,824;4,071;7,221;28,586
23,27;370,41;102,828;4,071;7,22;28,584
23,27;370,44;102,831;4,071;7,219;28,582
23,28;370,46;102,834;4,071;7,219;28,579
23,28;370,49;102,837;4,071;7,218;28,577
23,28;370,51;102,841;4,071;7,218;28,575
23,28;370,54;102,844;4,072;7,217;28,572
23,28;370,56;102,847;4,072;7,216;28,57
23,28;370,59;102,851;4,072;7,216;28,568
23,28;370,61;102,854;4,072;7,215;28,565
23,29;370,64;102,858;4,072;7,215;28,563
23,29;370,67;102,862;4,072;7,214;28,561
23,29;370,69;102,865;4,072;7,213;28,558
23,29;370,71;102,869;4,073;7,213;28,556
23,29;370,74;102,873;4,073;7,212;28,553
23,29;370,76;102,876;4,073;7,212;28,551
23,3;370,79;102,88;4,073;7,211;28,549
23,3;370,82;102,884;4,073;7,21;28,546
23,3;370,84;102,888;4,073;7,21;28,544
23,3;370,87;102,891;4,073;7,209;28,542
23,3;370,89;102,895;4,074;7,209;28,539
23,31;370,92;102,899;4,074;7,208;28,537
23,31;370,94;102,903;4,074;7,207;28,535
23,31;370,97;102,907;4,074;7,207;28,532
23,31;370,99;102,911;4,074;7,206;28,53
23,31;371,02;102,915;4,074;7,206;28,528
23,31;371,04;102,919;4,075;7,205;28,525
23,32;371,07;102,923;4,075;7,205;28,523
23,32;371,09;102,926;4,075;7,204;28,52
23,32;371,12;102,93;4,075;7,203;28,518
23,32;371,14;102,934;4,075;7,203;28,516
23,32;371,17;102,938;4,075;7,202;28,513
23,32;371,19;102,942;4,076;7,202;28,511
23,33;371,22;102,946;4,076;7,201;28,509
23,33;371,24;102,951;4,076;7,2;28,506
23,33;371,27;102,955;4,076;7,2;28,504
23,33;371,29;102,959;4,076;7,199;28,502
23,33;371,32;102,963;4,076;7,199;28,499
23,33;371,34;102,968;4,077;7,198;28,497
23,33;371,37;102,972;4,077;7,197;28,494
23,34;371,39;102,976;4,077;7,197;28,492
23,34;371,42;102,981;4,077;7,196;28,49
23,34;371,44;102,985;4,077;7,196;28,487
23,34;371,47;102,99;4,077;7,195;28,485
23,34;371,49;102,994;4,078;7,194;28,483
23,34;371,52;102,998;4,078;7,194;28,48
23,35;371,54;103,003;4,078;7,193;28,478
23,35;371,57;103,007;4,078;7,193;28,476
23,35;371,59;103,012;4,078;7,192;28,473
23,35;371,62;103,016;4,078;7,191;28,471
23,35;371,64;103,021;4,079;7,191;28,468
23,36;371,67;103,026;4,079;7,19;28,466
23,36;371,69;103,03;4,079;7,19;28,464
23,36;371,72;103,035;4,079;7,189;28,461
23,36;371,74;103,04;4,079;7,188;28,459
23,36;371,77;103,044;4,08;7,188;28,457
23,36;371,79;103,049;4,08;7,187;28,454
23,37;371,82;103,054;4,08;7,187;28,452
23,37;371,84;103,059;4,08;7,186;28,45
23,37;371,87;103,064;4,08;7,185;28,447
23,37;371,89;103,069;4,081;7,185;28,445
23,37;371,92;103,074;4,081;7,184;28,443
23,37;371,94;103,079;4,081;7,184;28,44
23,38;371,97;103,084;4,081;7,183;28,438
23,38;371,99;103,089;4,081;7,182;28,435
23,38;372,02;103,094;4,082;7,182;28,433
23,38;372,04;103,099;4,082;7,181;28,431
23,38;372,07;103,105;4,082;7,181;28,428
23,38;372,09;103,11;4,082;7,18;28,426
23,38;372,12;103,115;4,082;7,179;28,424
23,39;372,14;103,121;4,083;7,179;28,421
23,39;372,17;103,126;4,083;7,178;28,419
23,39;372,19;103,132;4,083;7,178;28,416
23,39;372,22;103,138;4,083;7,177;28,414
23,39;372,24;103,143;4,083;7,176;28,412
23,39;372,27;103,149;4,084;7,176;28,409
23,4;372,29;103,155;4,084;7,175;28,407
23,4;372,32;103,161;4,084;7,175;28,405
23,4;372,34;103,166;4,084;7,174;28,402
23,4;372,37;103,172;4,085;7,173;28,4
23,4;372,39;103,178;4,085;7,173;28,398
23,41;372,42;103,184;4,085;7,172;28,395
23,41;372,44;103,19;4,085;7,172;28,393
23,41;372,47;103,196;4,086;7,171;28,39
23,41;372,49;103,202;4,086;7,17;28,388
23,41;372,52;103,208;4,086;7,17;28,386
23,41;372,54;103,214;4,086;7,169;28,383
23,42;372,57;103,22;4,087;7,169;28,381
23,42;372,59;103,226;4,087;7,168;28,379
23,42;372,62;103,233;4,087;7,167;28,376
23,42;372,64;103,239;4,087;7,167;28,374
23,42;372,67;103,245;4,087;7,166;28,371
23,42;372,69;103,251;4,088;7,166;28,369
23,43;372,72;103,257;4,088;7,165;28,367
23,43;372,74;103,263;4,088;7,164;28,364
23,43;372,77;103,269;4,088;7,164;28,362
23,43;372,8;103,276;4,089;7,163;28,36
23,43;372,82;103,282;4,089;7,163;28,357
23,43;372,85;103,288;4,089;7,162;28,355
23,43;372,87;103,295;4,089;7,161;28,352
23,44;372,9;103,301;4,09;7,161;28,35
23,44;372,92;103,308;4,09;7,16;28,348
23,44;372,95;103,314;4,09;7,16;28,345
23,44;372,97;103,321;4,091;7,159;28,343
23,44;373;103,328;4,091;7,158;28,341
23,44;373,02;103,334;4,091;7,158;28,338
23,45;373,05;103,341;4,091;7,157;28,336
23,45;373,07;103,347;4,092;7,157;28,333
23,45;373,1;103,354;4,092;7,156;28,331
23,45;373,12;103,36;4,092;7,155;28,329
23,45;373,15;103,367;4,092;7,155;28,326
23,46;373,17;103,373;4,093;7,154;28,324
23,46;373,2;103,38;4,093;7,154;28,321
23,46;373,22;103,387;4,093;7,153;28,319
23,46;373,25;103,394;4,093;7,152;28,317
23,46;373,27;103,4;4,094;7,152;28,314
23,46;373,3;103,407;4,094;7,151;28,312
23,47;373,32;103,414;4,094;7,151;28,309
23,47;373,35;103,421;4,094;7,15;28,307
23,47;373,37;103,428;4,095;7,149;28,305
23,47;373,4;103,435;4,095;7,149;28,302
23,47;373,42;103,442;4,095;7,148;28,3
23,47;373,45;103,449;4,096;7,148;28,297
23,48;373,47;103,456;4,096;7,147;28,295
23,48;373,5;103,463;4,096;7,146;28,293
23,48;373,52;103,471;4,096;7,146;28,29
23,48;373,55;103,478;4,097;7,145;28,288
23,48;373,57;103,485;4,097;7,145;28,285
23,48;373,6;103,492;4,097;7,144;28,283
23,48;373,62;103,499;4,098;7,143;28,281
23,49;373,65;103,507;4,098;7,143;28,278
23,49;373,67;103,514;4,098;7,142;28,276
23,49;373,7;103,521;4,098;7,142;28,274
23,49;373,73;103,528;4,099;7,141;28,271
23,49;373,75;103,536;4,099;7,14;28,269
23,49;373,78;103,543;4,099;7,14;28,266
23,5;373,8;103,55;4,1;7,139;28,264
23,5;373,83;103,557;4,1;7,139;28,262
23,5;373,85;103,565;4,1;7,138;28,259
23,5;373,88;103,572;4,1;7,137;28,257
23,5;373,9;103,58;4,101;7,137;28,254
23,51;373,93;103,587;4,101;7,136;28,252
23,51;373,95;103,594;4,101;7,136;28,25
23,51;373,98;103,602;4,102;7,135;28,247
23,51;374;103,61;4,102;7,134;28,245
23,51;374,03;103,618;4,102;7,134;28,243
23,51;374,05;103,626;4,103;7,133;28,24
23,52;374,08;103,634;4,103;7,133;28,238
23,52;374,1;103,641;4,103;7,132;28,235
23,52;374,13;103,649;4,103;7,131;28,233
23,52;374,15;103,657;4,104;7,131;28,231
23,52;374,18;103,664;4,104;7,13;28,228
23,52;374,2;103,672;4,104;7,129;28,226
23,53;374,23;103,68;4,105;7,129;28,223
23,53;374,25;103,688;4,105;7,128;28,221
23,53;374,28;103,696;4,105;7,128;28,219
23,53;374,3;103,704;4,106;7,127;28,216
23,53;374,33;103,712;4,106;7,126;28,214
23,53;374,35;103,719;4,106;7,126;28,211
23,53;374,38;103,727;4,107;7,125;28,209
23,54;374,41;103,735;4,107;7,125;28,207
23,54;374,43;103,742;4,107;7,124;28,204
23,54;374,46;103,75;4,107;7,123;28,202
23,54;374,48;103,758;4,108;7,123;28,199
23,54;374,51;103,766;4,108;7,122;28,197
23,54;374,53;103,774;4,108;7,122;28,195
23,55;374,56;103,781;4,109;7,121;28,192
23,55;374,58;103,789;4,109;7,12;28,19
23,55;374,61;103,797;4,109;7,12;28,187
23,55;374,63;103,806;4,11;7,119;28,185
23,55;374,66;103,813;4,11;7,119;28,183
23,56;374,68;103,821;4,11;7,118;28,18
23,56;374,71;103,829;4,111;7,117;28,178
23,56;374,73;103,837;4,111;7,117;28,175
23,56;374,76;103,845;4,111;7,116;28,173
23,56;374,78;103,853;4,112;7,116;28,171
23,56;374,81;103,861;4,112;7,115;28,168
23,57;374,83;103,869;4,112;7,114;28,166
23,57;374,86;103,877;4,113;7,114;28,163
23,57;374,88;103,885;4,113;7,113;28,161
23,57;374,91;103,893;4,113;7,113;28,159
23,57;374,94;103,901;4,113;7,112;28,156
23,57;374,96;103,909;4,114;7,111;28,154
23,58;374,99;103,918;4,114;7,111;28,151
23,58;375,01;103,926;4,114;7,11;28,149
23,58;375,04;103,934;4,115;7,109;28,147
23,58;375,06;103,942;4,115;7,109;28,144
23,58;375,09;103,951;4,115;7,108;28,142
23,58;375,11;103,959;4,116;7,108;28,139
23,58;375,14;103,968;4,116;7,107;28,137
23,59;375,16;103,976;4,116;7,106;28,134
23,59;375,19;103,985;4,117;7,106;28,132
23,59;375,21;103,994;4,117;7,105;28,13
23,59;375,24;104,003;4,117;7,105;28,127
23,59;375,26;104,011;4,118;7,104;28,125
23,59;375,29;104,02;4,118;7,103;28,122
23,6;375,31;104,029;4,119;7,103;28,12
23,6;375,34;104,037;4,119;7,102;28,117
23,6;375,36;104,046;4,119;7,102;28,115
23,6;375,39;104,054;4,12;7,101;28,113
23,6;375,41;104,063;4,12;7,1;28,11
23,61;375,44;104,072;4,12;7,1;28,108
23,61;375,46;104,081;4,121;7,099;28,105
23,61;375,49;104,09;4,121;7,098;28,103
23,61;375,52;104,098;4,121;7,098;28,101
23,61;375,54;104,107;4,122;7,097;28,098
23,61;375,57;104,116;4,122;7,097;28,096
23,62;375,59;104,125;4,122;7,096;28,093
23,62;375,62;104,134;4,123;7,095;28,091
23,62;375,64;104,143;4,123;7,095;28,089
23,62;375,67;104,153;4,123;7,094;28,086
23,62;375,69;104,163;4,124;7,094;28,084
23,62;375,72;104,172;4,124;7,093;28,081
23,63;375,74;104,182;4,125;7,092;28,079
23,63;375,77;104,192;4,125;7,092;28,076
23,63;375,79;104,202;4,125;7,091;28,074
23,63;375,82;104,211;4,126;7,091;28,072
23,63;375,84;104,221;4,126;7,09;28,069
23,63;375,87;104,231;4,127;7,089;28,067
23,63;375,89;104,241;4,127;7,089;28,064
23,64;375,92;104,252;4,127;7,088;28,062
23,64;375,95;104,262;4,128;7,087;28,059
23,64;375,97;104,272;4,128;7,087;28,057
23,64;376;104,282;4,129;7,086;28,054
23,64;376,02;104,292;4,129;7,086;28,052
23,64;376,05;104,302;4,129;7,085;28,05
23,65;376,07;104,312;4,13;7,084;28,047
23,65;376,1;104,322;4,13;7,084;28,045
23,65;376,12;104,333;4,131;7,083;28,042
23,65;376,15;104,343;4,131;7,082;28,04
23,65;376,17;104,354;4,131;7,082;28,037
23,66;376,2;104,364;4,132;7,081;28,035
23,66;376,22;104,374;4,132;7,081;28,032
23,66;376,25;104,385;4,133;7,08;28,03
23,66;376,27;104,396;4,133;7,079;28,028
23,66;376,3;104,406;4,133;7,079;28,025
23,66;376,33;104,416;4,134;7,078;28,023
23,67;376,35;104,427;4,134;7,078;28,02
23,67;376,38;104,437;4,135;7,077;28,018
23,67;376,4;104,447;4,135;7,076;28,015
23,67;376,43;104,458;4,136;7,076;28,013
23,67;376,45;104,468;4,136;7,075;28,01
23,67;376,48;104,478;4,136;7,074;28,008
23,68;376,5;104,489;4,137;7,074;28,005
23,68;376,53;104,5;4,137;7,073;28,003
23,68;376,55;104,51;4,138;7,073;28,001
23,68;376,58;104,521;4,138;7,072;27,998
23,68;376,6;104,532;4,138;7,071;27,996
23,68;376,63;104,543;4,139;7,071;27,993
23,68;376,65;104,554;4,139;7,07;27,991
23,69;376,68;104,564;4,14;7,069;27,988
23,69;376,7;104,576;4,14;7,069;27,986
23,69;376,73;104,587;4,141;7,068;27,983
23,69;376,76;104,599;4,141;7,068;27,981
23,69;376,78;104,61;4,142;7,067;27,978
23,69;376,81;104,62;4,142;7,066;27,976
23,7;376,83;104,631;4,142;7,066;27,973
23,7;376,86;104,642;4,143;7,065;27,971
23,7;376,88;104,654;4,143;7,064;27,968
23,7;376,91;104,664;4,144;7,064;27,966
23,7;376,93;104,675;4,144;7,063;27,963
23,71;376,96;104,686;4,145;7,063;27,961
23,71;376,98;104,697;4,145;7,062;27,959
23,71;377,01;104,708;4,145;7,061;27,956
23,71;377,03;104,719;4,146;7,061;27,954
23,71;377,06;104,73;4,146;7,06;27,951
23,71;377,09;104,741;4,147;7,059;27,949
23,72;377,11;104,752;4,147;7,059;27,946
23,72;377,14;104,762;4,148;7,058;27,944
23,72;377,16;104,773;4,148;7,058;27,941
23,72;377,19;104,784;4,148;7,057;27,939
23,72;377,21;104,795;4,149;7,056;27,936
23,72;377,24;104,806;4,149;7,056;27,934
23,73;377,26;104,817;4,15;7,055;27,931
23,73;377,29;104,828;4,15;7,055;27,929
23,73;377,31;104,839;4,151;7,054;27,927
23,73;377,34;104,85;4,151;7,053;27,924
23,73;377,36;104,861;4,151;7,053;27,922
23,73;377,39;104,872;4,152;7,052;27,919
23,73;377,42;104,883;4,152;7,051;27,917
23,74;377,44;104,895;4,153;7,051;27,914
23,74;377,47;104,906;4,153;7,05;27,912
23,74;377,49;104,918;4,154;7,05;27,909
23,74;377,52;104,93;4,154;7,049;27,907
23,74;377,54;104,941;4,155;7,048;27,904
23,74;377,57;104,953;4,155;7,048;27,902
23,75;377,59;104,965;4,156;7,047;27,899
23,75;377,62;104,977;4,156;7,046;27,897
23,75;377,64;104,988;4,157;7,046;27,894
23,75;377,67;105,001;4,157;7,045;27,892
23,75;377,69;105,012;4,157;7,045;27,89
23,76;377,72;105,024;4,158;7,044;27,887
23,76;377,75;105,037;4,158;7,043;27,885
23,76;377,77;105,048;4,159;7,043;27,882
23,76;377,8;105,061;4,159;7,042;27,88
23,76;377,82;105,073;4,16;7,041;27,877
23,76;377,85;105,084;4,16;7,041;27,875
23,77;377,87;105,096;4,161;7,04;27,872
23,77;377,9;105,108;4,161;7,04;27,87
23,77;377,92;105,12;4,162;7,039;27,867
23,77;377,95;105,132;4,162;7,038;27,865
23,77;377,97;105,144;4,163;7,038;27,862
23,77;378;105,155;4,163;7,037;27,86
23,78;378,03;105,167;4,164;7,036;27,857
23,78;378,05;105,179;4,164;7,036;27,855
23,78;378,08;105,192;4,165;7,035;27,852
23,78;378,1;105,205;4,165;7,035;27,85
23,78;378,13;105,218;4,166;7,034;27,848
23,78;378,15;105,23;4,166;7,033;27,845
23,78;378,18;105,243;4,167;7,033;27,843
23,79;378,2;105,255;4,167;7,032;27,84
23,79;378,23;105,267;4,168;7,031;27,838
23,79;378,25;105,28;4,168;7,031;27,835
23,79;378,28;105,292;4,169;7,03;27,833
23,79;378,3;105,305;4,169;7,03;27,83
23,79;378,33;105,318;4,17;7,029;27,828
23,8;378,36;105,331;4,17;7,028;27,825
23,8;378,38;105,343;4,171;7,028;27,823
23,8;378,41;105,357;4,171;7,027;27,82
23,8;378,43;105,369;4,172;7,026;27,818
23,8;378,46;105,382;4,172;7,026;27,815
23,81;378,48;105,395;4,173;7,025;27,813
23,81;378,51;105,408;4,173;7,024;27,81
23,81;378,53;105,421;4,174;7,024;27,808
23,81;378,56;105,433;4,174;7,023;27,805
23,81;378,59;105,447;4,175;7,023;27,803
23,81;378,61;105,46;4,175;7,022;27,8
23,82;378,64;105,473;4,176;7,021;27,798
23,82;378,66;105,487;4,176;7,021;27,795
23,82;378,69;105,501;4,177;7,02;27,793
23,82;378,71;105,514;4,177;7,019;27,79
23,82;378,74;105,528;4,178;7,019;27,788
23,82;378,76;105,542;4,178;7,018;27,785
23,83;378,79;105,555;4,179;7,018;27,783
23,83;378,81;105,569;4,179;7,017;27,78
23,83;378,84;105,583;4,18;7,016;27,778
23,83;378,87;105,596;4,181;7,016;27,775
23,83;378,89;105,609;4,181;7,015;27,773
23,83;378,92;105,624;4,182;7,014;27,77
23,83;378,94;105,637;4,182;7,014;27,768
23,84;378,97;105,651;4,183;7,013;27,765
23,84;378,99;105,665;4,183;7,012;27,763
23,84;379,02;105,678;4,184;7,012;27,76
23,84;379,04;105,692;4,184;7,011;27,758
23,84;379,07;105,705;4,185;7,011;27,755
23,84;379,09;105,72;4,185;7,01;27,753
23,85;379,12;105,734;4,186;7,009;27,75
23,85;379,15;105,747;4,187;7,009;27,748
23,85;379,17;105,761;4,187;7,008;27,745
23,85;379,2;105,775;4,188;7,007;27,743
23,85;379,22;105,789;4,188;7,007;27,74
23,86;379,25;105,803;4,189;7,006;27,737
23,86;379,27;105,816;4,189;7,006;27,735
23,86;379,3;105,831;4,19;7,005;27,732
23,86;379,32;105,845;4,19;7,004;27,73
23,86;379,35;105,859;4,191;7,004;27,727
23,86;379,38;105,873;4,192;7,003;27,725
23,87;379,4;105,887;4,192;7,002;27,722
23,87;379,43;105,902;4,193;7,002;27,72
23,87;379,45;105,916;4,193;7,001;27,717
23,87;379,48;105,931;4,194;7;27,715
23,87;379,5;105,946;4,194;7;27,712
23,87;379,53;105,961;4,195;6,999;27,71
23,88;379,55;105,976;4,196;6,999;27,707
23,88;379,58;105,991;4,196;6,998;27,705
23,88;379,61;106,005;4,197;6,997;27,702
23,88;379,63;106,019;4,197;6,997;27,7
23,88;379,66;106,034;4,198;6,996;27,697
23,88;379,68;106,049;4,199;6,995;27,695
23,88;379,71;106,064;4,199;6,995;27,692
23,89;379,73;106,079;4,2;6,994;27,69
23,89;379,76;106,094;4,2;6,993;27,687
23,89;379,78;106,109;4,201;6,993;27,685
23,89;379,81;106,124;4,201;6,992;27,682
23,89;379,83;106,138;4,202;6,992;27,68
23,89;379,86;106,153;4,203;6,991;27,677
23,9;379,89;106,168;4,203;6,99;27,675
23,9;379,91;106,183;4,204;6,99;27,672
23,9;379,94;106,198;4,204;6,989;27,67
23,9;379,96;106,212;4,205;6,988;27,667
23,9;379,99;106,227;4,206;6,988;27,664
23,91;380,01;106,242;4,206;6,987;27,662
23,91;380,04;106,256;4,207;6,986;27,659
23,91;380,06;106,271;4,207;6,986;27,657
23,91;380,09;106,286;4,208;6,985;27,654
23,91;380,12;106,3;4,208;6,985;27,652
23,91;380,14;106,315;4,209;6,984;27,649
23,92;380,17;106,331;4,21;6,983;27,647
23,92;380,19;106,346;4,21;6,983;27,644
23,92;380,22;106,361;4,211;6,982;27,642
23,92;380,24;106,376;4,211;6,981;27,639
23,92;380,27;106,392;4,212;6,981;27,637
23,92;380,3;106,407;4,213;6,98;27,634
23,93;380,32;106,422;4,213;6,979;27,632
23,93;380,35;106,438;4,214;6,979;27,629
23,93;380,37;106,453;4,214;6,978;27,627
23,93;380,4;106,469;4,215;6,977;27,624
23,93;380,42;106,485;4,216;6,977;27,621
23,93;380,45;106,501;4,216;6,976;27,619
23,93;380,47;106,517;4,217;6,976;27,616
23,94;380,5;106,532;4,218;6,975;27,614
23,94;380,53;106,548;4,218;6,974;27,611
23,94;380,55;106,564;4,219;6,974;27,609
23,94;380,58;106,579;4,219;6,973;27,606
23,94;380,6;106,594;4,22;6,972;27,604
23,94;380,63;106,611;4,221;6,972;27,601
23,95;380,65;106,627;4,221;6,971;27,599
23,95;380,68;106,643;4,222;6,97;27,596
23,95;380,71;106,658;4,223;6,97;27,594
23,95;380,73;106,675;4,223;6,969;27,591
23,95;380,76;106,691;4,224;6,969;27,589
23,96;380,78;106,706;4,225;6,968;27,586
23,96;380,81;106,723;4,225;6,967;27,583
23,96;380,83;106,739;4,226;6,967;27,581
23,96;380,86;106,754;4,226;6,966;27,578
23,96;380,88;106,771;4,227;6,965;27,576
23,96;380,91;106,788;4,228;6,965;27,573
23,97;380,94;106,805;4,228;6,964;27,571
23,97;380,96;106,821;4,229;6,963;27,568
23,97;380,99;106,837;4,23;6,963;27,566
23,97;381,01;106,853;4,23;6,962;27,563
23,97;381,04;106,87;4,231;6,961;27,561
23,97;381,06;106,887;4,232;6,961;27,558
23,98;381,09;106,903;4,232;6,96;27,555
23,98;381,12;106,92;4,233;6,96;27,553
23,98;381,14;106,937;4,234;6,959;27,55
23,98;381,17;106,954;4,234;6,958;27,548
23,98;381,19;106,97;4,235;6,958;27,545
23,98;381,22;106,987;4,236;6,957;27,543
23,98;381,24;107,004;4,236;6,956;27,54
23,99;381,27;107,021;4,237;6,956;27,538
23,99;381,3;107,038;4,238;6,955;27,535
23,99;381,32;107,055;4,238;6,954;27,532
23,99;381,35;107,072;4,239;6,954;27,53
23,99;381,37;107,089;4,24;6,953;27,527
23,99;381,4;107,107;4,24;6,952;27,525
24;381,42;107,125;4,241;6,952;27,522
24;381,45;107,142;4,242;6,951;27,52
24;381,47;107,159;4,242;6,95;27,517
24;381,5;107,176;4,243;6,95;27,515
24;381,53;107,194;4,244;6,949;27,512
24,01;381,55;107,211;4,245;6,949;27,509
24,01;381,58;107,228;4,245;6,948;27,507
24,01;381,6;107,246;4,246;6,947;27,504
24,01;381,63;107,264;4,247;6,947;27,502
24,01;381,65;107,281;4,247;6,946;27,499
24,01;381,68;107,299;4,248;6,945;27,497
24,02;381,71;107,316;4,249;6,945;27,494
24,02;381,73;107,334;4,249;6,944;27,491
24,02;381,76;107,352;4,25;6,943;27,489
24,02;381,78;107,37;4,251;6,943;27,486
24,02;381,81;107,389;4,252;6,942;27,484
24,02;381,83;107,407;4,252;6,941;27,481
24,03;381,86;107,425;4,253;6,941;27,478
24,03;381,89;107,443;4,254;6,94;27,476
24,03;381,91;107,461;4,254;6,939;27,473
24,03;381,94;107,48;4,255;6,939;27,471
24,03;381,96;107,498;4,256;6,938;27,468
24,03;381,99;107,517;4,257;6,937;27,465
24,03;382,01;107,535;4,257;6,937;27,463
24,04;382,04;107,553;4,258;6,936;27,46
24,04;382,07;107,571;4,259;6,935;27,458
24,04;382,09;107,59;4,259;6,935;27,455
24,04;382,12;107,608;4,26;6,934;27,452
24,04;382,14;107,627;4,261;6,933;27,45
24,04;382,17;107,645;4,262;6,933;27,447
24,05;382,19;107,664;4,262;6,932;27,445
24,05;382,22;107,683;4,263;6,932;27,442
24,05;382,25;107,701;4,264;6,931;27,439
24,05;382,27;107,72;4,265;6,93;27,437
24,05;382,3;107,739;4,265;6,93;27,434
24,06;382,32;107,759;4,266;6,929;27,432
24,06;382,35;107,777;4,267;6,928;27,429
24,06;382,37;107,797;4,268;6,928;27,426
24,06;382,4;107,816;4,268;6,927;27,424
24,06;382,43;107,835;4,269;6,926;27,421
24,06;382,45;107,854;4,27;6,926;27,419
24,07;382,48;107,872;4,271;6,925;27,416
24,07;382,5;107,892;4,271;6,924;27,413
24,07;382,53;107,91;4,272;6,924;27,411
24,07;382,55;107,929;4,273;6,923;27,408
24,07;382,58;107,948;4,274;6,922;27,406
24,07;382,61;107,968;4,274;6,922;27,403
24,08;382,63;107,987;4,275;6,921;27,4
24,08;382,66;108,006;4,276;6,92;27,398
24,08;382,68;108,025;4,277;6,92;27,395
24,08;382,71;108,044;4,277;6,919;27,392
24,08;382,74;108,063;4,278;6,918;27,39
24,08;382,76;108,082;4,279;6,918;27,387
24,08;382,79;108,101;4,28;6,917;27,385
24,09;382,81;108,121;4,281;6,916;27,382
24,09;382,84;108,14;4,281;6,916;27,379
24,09;382,86;108,16;4,282;6,915;27,377
24,09;382,89;108,18;4,283;6,914;27,374
24,09;382,92;108,199;4,284;6,914;27,372
24,09;382,94;108,219;4,284;6,913;27,369
24,1;382,97;108,238;4,285;6,912;27,366
24,1;382,99;108,258;4,286;6,912;27,364
24,1;383,02;108,278;4,287;6,911;27,361
24,1;383,04;108,297;4,288;6,91;27,359
24,1;383,07;108,316;4,288;6,91;27,356
24,11;383,1;108,336;4,289;6,909;27,353
24,11;383,12;108,356;4,29;6,908;27,351
24,11;383,15;108,376;4,291;6,908;27,348
24,11;383,17;108,396;4,291;6,907;27,345
24,11;383,2;108,415;4,292;6,906;27,343
24,11;383,23;108,435;4,293;6,906;27,34
24,12;383,25;108,454;4,294;6,905;27,338
24,12;383,28;108,474;4,295;6,904;27,335
24,12;383,3;108,494;4,295;6,904;27,332
24,12;383,33;108,514;4,296;6,903;27,33
24,12;383,35;108,534;4,297;6,902;27,327
24,12;383,38;108,554;4,298;6,902;27,325
24,13;383,41;108,573;4,298;6,901;27,322
24,13;383,43;108,593;4,299;6,901;27,319
24,13;383,46;108,613;4,3;6,9;27,317
24,13;383,48;108,634;4,301;6,899;27,314
24,13;383,51;108,654;4,302;6,899;27,311
24,13;383,54;108,675;4,302;6,898;27,309
24,13;383,56;108,696;4,303;6,897;27,306
24,14;383,59;108,716;4,304;6,897;27,303
24,14;383,61;108,736;4,305;6,896;27,301
24,14;383,64;108,758;4,306;6,895;27,298
24,14;383,66;108,778;4,307;6,895;27,296
24,14;383,69;108,799;4,307;6,894;27,293
24,14;383,72;108,819;4,308;6,893;27,29
24,15;383,74;108,84;4,309;6,893;27,288
24,15;383,77;108,861;4,31;6,892;27,285
24,15;383,79;108,882;4,311;6,891;27,282
24,15;383,82;108,903;4,311;6,89;27,28
24,15;383,85;108,925;4,312;6,89;27,277
24,16;383,87;108,946;4,313;6,889;27,274
24,16;383,9;108,967;4,314;6,888;27,272
24,16;383,92;108,989;4,315;6,888;27,269
24,16;383,95;109,01;4,316;6,887;27,266
24,16;383,98;109,032;4,317;6,886;27,264
24,16;384;109,054;4,317;6,886;27,261
24,17;384,03;109,076;4,318;6,885;27,258
24,17;384,05;109,098;4,319;6,884;27,256
24,17;384,08;109,12;4,32;6,884;27,253
24,17;384,11;109,141;4,321;6,883;27,25
24,17;384,13;109,164;4,322;6,882;27,248
24,17;384,16;109,186;4,323;6,882;27,245
24,18;384,18;109,208;4,324;6,881;27,242
24,18;384,21;109,229;4,324;6,88;27,24
24,18;384,23;109,251;4,325;6,88;27,237
24,18;384,26;109,273;4,326;6,879;27,234
24,18;384,29;109,296;4,327;6,878;27,232
24,18;384,31;109,318;4,328;6,878;27,229
24,18;384,34;109,34;4,329;6,877;27,226
24,19;384,36;109,363;4,33;6,876;27,224
24,19;384,39;109,385;4,331;6,876;27,221
24,19;384,42;109,408;4,331;6,875;27,218
24,19;384,44;109,431;4,332;6,874;27,216
24,19;384,47;109,453;4,333;6,874;27,213
24,19;384,49;109,477;4,334;6,873;27,21
24,2;384,52;109,5;4,335;6,872;27,208
24,2;384,55;109,524;4,336;6,872;27,205
24,2;384,57;109,547;4,337;6,871;27,202
24,2;384,6;109,57;4,338;6,87;27,2
24,2;384,62;109,593;4,339;6,87;27,197
24,21;384,65;109,616;4,34;6,869;27,194
24,21;384,68;109,639;4,341;6,868;27,192
24,21;384,7;109,663;4,342;6,868;27,189
24,21;384,73;109,686;4,342;6,867;27,186
24,21;384,75;109,709;4,343;6,866;27,184
24,21;384,78;109,732;4,344;6,866;27,181
24,22;384,81;109,756;4,345;6,865;27,178
24,22;384,83;109,779;4,346;6,864;27,175
24,22;384,86;109,802;4,347;6,864;27,173
24,22;384,88;109,825;4,348;6,863;27,17
24,22;384,91;109,848;4,349;6,862;27,167
24,22;384,94;109,871;4,35;6,861;27,165
24,23;384,96;109,895;4,351;6,861;27,162
24,23;384,99;109,918;4,352;6,86;27,159
24,23;385,01;109,942;4,353;6,859;27,157
24,23;385,04;109,965;4,354;6,859;27,154
24,23;385,07;109,989;4,355;6,858;27,151
24,23;385,09;110,013;4,355;6,857;27,149
24,23;385,12;110,037;4,356;6,857;27,146
24,24;385,14;110,06;4,357;6,856;27,143
24,24;385,17;110,084;4,358;6,855;27,141
24,24;385,2;110,107;4,359;6,855;27,138
24,24;385,22;110,131;4,36;6,854;27,135
24,24;385,25;110,154;4,361;6,853;27,133
24,24;385,27;110,178;4,362;6,853;27,13
24,25;385,3;110,202;4,363;6,852;27,127
24,25;385,32;110,226;4,364;6,851;27,125
24,25;385,35;110,25;4,365;6,851;27,122
24,25;385,38;110,274;4,366;6,85;27,119
24,25;385,4;110,297;4,367;6,849;27,117
24,26;385,43;110,321;4,368;6,849;27,114
24,26;385,45;110,345;4,369;6,848;27,111
24,26;385,48;110,369;4,37;6,847;27,108
24,26;385,51;110,392;4,37;6,847;27,106
24,26;385,53;110,417;4,371;6,846;27,103
24,26;385,56;110,44;4,372;6,845;27,1
24,27;385,59;110,465;4,373;6,845;27,098
24,27;385,61;110,489;4,374;6,844;27,095
24,27;385,64;110,513;4,375;6,843;27,092
24,27;385,66;110,538;4,376;6,842;27,09
24,27;385,69;110,562;4,377;6,842;27,087
24,27;385,72;110,586;4,378;6,841;27,084
24,28;385,74;110,611;4,379;6,84;27,082
24,28;385,77;110,635;4,38;6,84;27,079
24,28;385,79;110,659;4,381;6,839;27,076
24,28;385,82;110,683;4,382;6,838;27,073
24,28;385,85;110,707;4,383;6,838;27,071
24,28;385,87;110,732;4,384;6,837;27,068
24,28;385,9;110,757;4,385;6,836;27,065
24,29;385,92;110,782;4,386;6,836;27,063
24,29;385,95;110,807;4,387;6,835;27,06
24,29;385,98;110,832;4,388;6,834;27,057
24,29;386;110,857;4,389;6,834;27,054
24,29;386,03;110,882;4,39;6,833;27,052
24,29;386,05;110,906;4,391;6,832;27,049
24,3;386,08;110,931;4,392;6,832;27,046
24,3;386,11;110,956;4,393;6,831;27,044
24,3;386,13;110,981;4,394;6,83;27,041
24,3;386,16;111,007;4,395;6,829;27,038
24,3;386,18;111,032;4,396;6,829;27,035
24,31;386,21;111,058;4,397;6,828;27,033
24,31;386,24;111,084;4,398;6,827;27,03
24,31;386,26;111,109;4,399;6,827;27,027
24,31;386,29;111,135;4,4;6,826;27,025
24,31;386,31;111,16;4,401;6,825;27,022
24,31;386,34;111,187;4,402;6,825;27,019
24,32;386,37;111,212;4,403;6,824;27,016
24,32;386,39;111,239;4,404;6,823;27,014
24,32;386,42;111,264;4,405;6,823;27,011
24,32;386,44;111,289;4,406;6,822;27,008
24,32;386,47;111,316;4,407;6,821;27,005
24,32;386,5;111,343;4,408;6,821;27,003
24,33;386,52;111,369;4,409;6,82;27
24,33;386,55;111,396;4,41;6,819;26,997
24,33;386,58;111,422;4,411;6,818;26,994
24,33;386,6;111,449;4,412;6,818;26,992
24,33;386,63;111,476;4,413;6,817;26,989
24,33;386,65;111,502;4,414;6,816;26,986
24,33;386,68;111,529;4,415;6,816;26,983
24,34;386,71;111,555;4,417;6,815;26,981
24,34;386,73;111,583;4,418;6,814;26,978
24,34;386,76;111,61;4,419;6,814;26,975
24,34;386,78;111,637;4,42;6,813;26,972
24,34;386,81;111,665;4,421;6,812;26,97
24,34;386,84;111,692;4,422;6,811;26,967
24,35;386,86;111,719;4,423;6,811;26,964
24,35;386,89;111,747;4,424;6,81;26,961
24,35;386,92;111,773;4,425;6,809;26,959
24,35;386,94;111,801;4,426;6,809;26,956
24,35;386,97;111,828;4,427;6,808;26,953
24,36;386,99;111,856;4,428;6,807;26,95
24,36;387,02;111,884;4,429;6,807;26,947
24,36;387,05;111,911;4,431;6,806;26,945
24,36;387,07;111,938;4,432;6,805;26,942
24,36;387,1;111,966;4,433;6,804;26,939
24,36;387,12;111,994;4,434;6,804;26,936
24,37;387,15;112,022;4,435;6,803;26,934
24,37;387,18;112,05;4,436;6,802;26,931
24,37;387,2;112,077;4,437;6,802;26,928
24,37;387,23;112,105;4,438;6,801;26,925
24,37;387,26;112,133;4,439;6,8;26,922
24,37;387,28;112,161;4,44;6,8;26,92
24,38;387,31;112,189;4,442;6,799;26,917
24,38;387,33;112,217;4,443;6,798;26,914
24,38;387,36;112,246;4,444;6,797;26,911
24,38;387,39;112,274;4,445;6,797;26,908
24,38;387,41;112,303;4,446;6,796;26,906
24,38;387,44;112,331;4,447;6,795;26,903
24,38;387,47;112,36;4,448;6,795;26,9
24,39;387,49;112,388;4,449;6,794;26,897
24,39;387,52;112,416;4,451;6,793;26,894
24,39;387,54;112,444;4,452;6,793;26,892
24,39;387,57;112,473;4,453;6,792;26,889
24,39;387,6;112,501;4,454;6,791;26,886
24,39;387,62;112,531;4,455;6,79;26,883
24,4;387,65;112,559;4,456;6,79;26,88
24,4;387,68;112,588;4,457;6,789;26,878
24,4;387,7;112,617;4,459;6,788;26,875
24,4;387,73;112,645;4,46;6,788;26,872
24,4;387,75;112,676;4,461;6,787;26,869
24,41;387,78;112,704;4,462;6,786;26,866
24,41;387,81;112,731;4,463;6,785;26,864
24,41;387,83;112,76;4,464;6,785;26,861
24,41;387,86;112,789;4,465;6,784;26,858
24,41;387,89;112,819;4,467;6,783;26,855
24,41;387,91;112,848;4,468;6,783;26,852
24,42;387,94;112,877;4,469;6,782;26,85
24,42;387,96;112,906;4,47;6,781;26,847
24,42;387,99;112,936;4,471;6,78;26,844
24,42;388,02;112,965;4,472;6,78;26,841
24,42;388,04;112,994;4,473;6,779;26,838
24,42;388,07;113,023;4,475;6,778;26,836
24,43;388,1;113,054;4,476;6,778;26,833
24,43;388,12;113,084;4,477;6,777;26,83
24,43;388,15;113,114;4,478;6,776;26,827
24,43;388,18;113,144;4,479;6,775;26,824
24,43;388,2;113,174;4,481;6,775;26,821
24,43;388,23;113,205;4,482;6,774;26,819
24,43;388,25;113,236;4,483;6,773;26,816
24,44;388,28;113,265;4,484;6,773;26,813
24,44;388,31;113,296;4,485;6,772;26,81
24,44;388,33;113,326;4,487;6,771;26,807
24,44;388,36;113,356;4,488;6,77;26,805
24,44;388,39;113,386;4,489;6,77;26,802
24,44;388,41;113,417;4,49;6,769;26,799
24,45;388,44;113,447;4,491;6,768;26,796
24,45;388,47;113,477;4,493;6,768;26,793
24,45;388,49;113,508;4,494;6,767;26,79
24,45;388,52;113,54;4,495;6,766;26,788
24,45;388,54;113,571;4,496;6,765;26,785
24,46;388,57;113,602;4,498;6,765;26,782
24,46;388,6;113,633;4,499;6,764;26,779
24,46;388,62;113,665;4,5;6,763;26,776
24,46;388,65;113,696;4,501;6,763;26,773
24,46;388,68;113,726;4,502;6,762;26,77
24,46;388,7;113,757;4,504;6,761;26,768
24,47;388,73;113,789;4,505;6,76;26,765
24,47;388,76;113,82;4,506;6,76;26,762
24,47;388,78;113,852;4,507;6,759;26,759
24,47;388,81;113,883;4,509;6,758;26,756
24,47;388,83;113,915;4,51;6,758;26,753
24,47;388,86;113,947;4,511;6,757;26,751
24,48;388,89;113,978;4,512;6,756;26,748
24,48;388,91;114,011;4,514;6,755;26,745
24,48;388,94;114,042;4,515;6,755;26,742
24,48;388,97;114,074;4,516;6,754;26,739
24,48;388,99;114,105;4,517;6,753;26,736
24,48;389,02;114,137;4,519;6,753;26,733
24,48;389,05;114,17;4,52;6,752;26,731
24,49;389,07;114,202;4,521;6,751;26,728
24,49;389,1;114,235;4,523;6,75;26,725
24,49;389,13;114,268;4,524;6,75;26,722
24,49;389,15;114,3;4,525;6,749;26,719
24,49;389,18;114,333;4,526;6,748;26,716
24,49;389,21;114,364;4,528;6,747;26,713
24,5;389,23;114,397;4,529;6,747;26,71
24,5;389,26;114,429;4,53;6,746;26,708
24,5;389,28;114,463;4,532;6,745;26,705
24,5;389,31;114,495;4,533;6,745;26,702
24,5;389,34;114,528;4,534;6,744;26,699
24,51;389,36;114,56;4,535;6,743;26,696
24,51;389,39;114,594;4,537;6,742;26,693
24,51;389,42;114,626;4,538;6,742;26,69
24,51;389,44;114,659;4,539;6,741;26,687
24,51;389,47;114,691;4,541;6,74;26,685
24,51;389,5;114,724;4,542;6,739;26,682
24,52;389,52;114,757;4,543;6,739;26,679
24,52;389,55;114,791;4,545;6,738;26,676
24,52;389,58;114,823;4,546;6,737;26,673
24,52;389,6;114,857;4,547;6,737;26,67
24,52;389,63;114,891;4,549;6,736;26,667
24,52;389,66;114,924;4,55;6,735;26,664
24,53;389,68;114,958;4,551;6,734;26,661
24,53;389,71;114,992;4,553;6,734;26,659
24,53;389,73;115,025;4,554;6,733;26,656
24,53;389,76;115,058;4,555;6,732;26,653
24,53;389,79;115,092;4,557;6,731;26,65
24,53;389,81;115,126;4,558;6,731;26,647
24,53;389,84;115,159;4,559;6,73;26,644
24,54;389,87;115,194;4,561;6,729;26,641
24,54;389,89;115,227;4,562;6,728;26,638
24,54;389,92;115,261;4,563;6,728;26,635
24,54;389,95;115,295;4,565;6,727;26,632
24,54;389,97;115,33;4,566;6,726;26,629
24,54;390;115,364;4,567;6,726;26,627
24,55;390,03;115,399;4,569;6,725;26,624
24,55;390,05;115,433;4,57;6,724;26,621
24,55;390,08;115,467;4,571;6,723;26,618
24,55;390,11;115,501;4,573;6,723;26,615
24,55;390,13;115,536;4,574;6,722;26,612
24,56;390,16;115,571;4,575;6,721;26,609
24,56;390,19;115,605;4,577;6,72;26,606
24,56;390,21;115,64;4,578;6,72;26,603
24,56;390,24;115,675;4,58;6,719;26,6
24,56;390,27;115,711;4,581;6,718;26,597
24,56;390,29;115,746;4,582;6,717;26,594
24,57;390,32;115,781;4,584;6,717;26,591
24,57;390,35;115,815;4,585;6,716;26,588
24,57;390,37;115,85;4,587;6,715;26,585
24,57;390,4;115,886;4,588;6,714;26,583
24,57;390,43;115,921;4,589;6,714;26,58
24,57;390,45;115,957;4,591;6,713;26,577
24,58;390,48;115,992;4,592;6,712;26,574
24,58;390,51;116,028;4,594;6,711;26,571
24,58;390,53;116,065;4,595;6,711;26,568
24,58;390,56;116,1;4,596;6,71;26,565
24,58;390,59;116,136;4,598;6,709;26,562
24,58;390,61;116,172;4,599;6,708;26,559
24,58;390,64;116,208;4,601;6,708;26,556
24,59;390,67;116,245;4,602;6,707;26,553
24,59;390,69;116,281;4,604;6,706;26,55
24,59;390,72;116,317;4,605;6,705;26,547
24,59;390,75;116,353;4,606;6,705;26,544
24,59;390,77;116,389;4,608;6,704;26,541
24,59;390,8;116,427;4,609;6,703;26,538
24,6;390,83;116,464;4,611;6,702;26,535
24,6;390,85;116,5;4,612;6,702;26,532
24,6;390,88;116,537;4,614;6,701;26,529
24,6;390,91;116,573;4,615;6,7;26,526
24,6;390,93;116,61;4,617;6,699;26,523
24,61;390,96;116,646;4,618;6,699;26,521
24,61;390,99;116,684;4,62;6,698;26,518
24,61;391,01;116,72;4,621;6,697;26,515
24,61;391,04;116,757;4,622;6,697;26,512
24,61;391,07;116,794;4,624;6,696;26,509
24,61;391,09;116,832;4,625;6,695;26,506
24,62;391,12;116,869;4,627;6,694;26,503
24,62;391,15;116,907;4,628;6,694;26,5
24,62;391,17;116,944;4,63;6,693;26,497
24,62;391,2;116,981;4,631;6,692;26,494
24,62;391,23;117,019;4,633;6,691;26,491
24,62;391,25;117,056;4,634;6,69;26,488
24,63;391,28;117,094;4,636;6,69;26,485
24,63;391,31;117,132;4,637;6,689;26,482
24,63;391,33;117,17;4,639;6,688;26,479
24,63;391,36;117,208;4,64;6,687;26,476
24,63;391,39;117,246;4,642;6,687;26,473
24,63;391,41;117,283;4,643;6,686;26,47
24,63;391,44;117,322;4,645;6,685;26,467
24,64;391,47;117,36;4,646;6,684;26,464
24,64;391,49;117,398;4,648;6,684;26,461
24,64;391,52;117,437;4,649;6,683;26,458
24,64;391,55;117,475;4,651;6,682;26,455
24,64;391,57;117,513;4,652;6,681;26,452
24,64;391,6;117,551;4,654;6,681;26,449
24,65;391,63;117,59;4,655;6,68;26,446
24,65;391,66;117,628;4,657;6,679;26,443
24,65;391,68;117,667;4,658;6,678;26,44
24,65;391,71;117,706;4,66;6,678;26,437
24,65;391,74;117,743;4,661;6,677;26,434
24,66;391,76;117,781;4,663;6,676;26,431
24,66;391,79;117,82;4,665;6,675;26,428
24,66;391,82;117,86;4,666;6,675;26,425
24,66;391,84;117,898;4,668;6,674;26,422
24,66;391,87;117,937;4,669;6,673;26,419
24,66;391,9;117,976;4,671;6,672;26,416
24,67;391,92;118,015;4,672;6,672;26,413
24,67;391,95;118,055;4,674;6,671;26,41
24,67;391,98;118,094;4,675;6,67;26,407
24,67;392;118,133;4,677;6,669;26,404
24,67;392,03;118,172;4,678;6,669;26,401
24,67;392,06;118,212;4,68;6,668;26,398
24,68;392,08;118,252;4,682;6,667;26,395
24,68;392,11;118,292;4,683;6,666;26,392
24,68;392,14;118,332;4,685;6,665;26,389
24,68;392,16;118,372;4,686;6,665;26,386
24,68;392,19;118,412;4,688;6,664;26,383
24,68;392,22;118,452;4,69;6,663;26,38
24,68;392,25;118,493;4,691;6,662;26,377
24,69;392,27;118,533;4,693;6,662;26,374
24,69;392,3;118,574;4,694;6,661;26,371
24,69;392,33;118,614;4,696;6,66;26,368
24,69;392,35;118,655;4,698;6,659;26,365
24,69;392,38;118,696;4,699;6,659;26,362
24,69;392,41;118,735;4,701;6,658;26,359
24,7;392,43;118,776;4,702;6,657;26,355
24,7;392,46;118,817;4,704;6,656;26,352
24,7;392,49;118,857;4,706;6,656;26,349
24,7;392,51;118,898;4,707;6,655;26,346
24,7;392,54;118,939;4,709;6,654;26,343
24,71;392,57;118,98;4,71;6,653;26,34
24,71;392,59;119,022;4,712;6,652;26,337
24,71;392,62;119,062;4,714;6,652;26,334
24,71;392,65;119,103;4,715;6,651;26,331
24,71;392,68;119,145;4,717;6,65;26,328
24,71;392,7;119,186;4,719;6,649;26,325
24,72;392,73;119,229;4,72;6,649;26,322
24,72;392,76;119,27;4,722;6,648;26,319
24,72;392,78;119,312;4,724;6,647;26,316
24,72;392,81;119,354;4,725;6,646;26,313
24,72;392,84;119,396;4,727;6,645;26,31
24,72;392,86;119,437;4,729;6,645;26,306
24,73;392,89;119,479;4,73;6,644;26,303
24,73;392,92;119,521;4,732;6,643;26,3
24,73;392,94;119,563;4,734;6,642;26,297
24,73;392,97;119,606;4,735;6,642;26,294
24,73;393;119,649;4,737;6,641;26,291
24,73;393,03;119,691;4,739;6,64;26,288
24,73;393,05;119,734;4,74;6,639;26,285
24,74;393,08;119,778;4,742;6,638;26,282
24,74;393,11;119,821;4,744;6,638;26,279
24,74;393,13;119,864;4,745;6,637;26,276
24,74;393,16;119,907;4,747;6,636;26,273
24,74;393,19;119,95;4,749;6,635;26,269
24,74;393,21;119,992;4,751;6,635;26,266
24,75;393,24;120,036;4,752;6,634;26,263
24,75;393,27;120,079;4,754;6,633;26,26
24,75;393,3;120,122;4,756;6,632;26,257
24,75;393,32;120,165;4,757;6,631;26,254
24,75;393,35;120,21;4,759;6,631;26,251
24,76;393,38;120,253;4,761;6,63;26,248
24,76;393,4;120,296;4,763;6,629;26,245
24,76;393,43;120,339;4,764;6,628;26,242
24,76;393,46;120,383;4,766;6,628;26,238
24,76;393,48;120,426;4,768;6,627;26,235
24,76;393,51;120,469;4,769;6,626;26,232
24,77;393,54;120,513;4,771;6,625;26,229
24,77;393,57;120,556;4,773;6,624;26,226
24,77;393,59;120,6;4,775;6,624;26,223
24,77;393,62;120,644;4,776;6,623;26,22
24,77;393,65;120,688;4,778;6,622;26,217
24,77;393,67;120,732;4,78;6,621;26,213
24,78;393,7;120,776;4,782;6,62;26,21
24,78;393,73;120,82;4,783;6,62;26,207
24,78;393,76;120,865;4,785;6,619;26,204
24,78;393,78;120,91;4,787;6,618;26,201
24,78;393,81;120,954;4,789;6,617;26,198
24,78;393,84;120,999;4,79;6,616;26,195
24,78;393,86;121,044;4,792;6,616;26,192
24,79;393,89;121,089;4,794;6,615;26,188
24,79;393,92;121,135;4,796;6,614;26,185
24,79;393,94;121,179;4,798;6,613;26,182
24,79;393,97;121,225;4,799;6,612;26,179
24,79;394;121,27;4,801;6,612;26,176
24,79;394,03;121,315;4,803;6,611;26,173
24,8;394,05;121,362;4,805;6,61;26,17
24,8;394,08;121,407;4,807;6,609;26,166
24,8;394,11;121,453;4,808;6,609;26,163
24,8;394,13;121,498;4,81;6,608;26,16
24,8;394,16;121,544;4,812;6,607;26,157
24,81;394,19;121,59;4,814;6,606;26,154
24,81;394,22;121,636;4,816;6,605;26,151
24,81;394,24;121,682;4,817;6,605;26,147
24,81;394,27;121,729;4,819;6,604;26,144
24,81;394,3;121,775;4,821;6,603;26,141
24,81;394,32;121,822;4,823;6,602;26,138
24,82;394,35;121,868;4,825;6,601;26,135
24,82;394,38;121,914;4,827;6,601;26,132
24,82;394,41;121,961;4,828;6,6;26,129
24,82;394,43;122,007;4,83;6,599;26,125
24,82;394,46;122,054;4,832;6,598;26,122
24,82;394,49;122,102;4,834;6,597;26,119
24,83;394,52;122,149;4,836;6,597;26,116
24,83;394,54;122,195;4,838;6,596;26,113
24,83;394,57;122,243;4,84;6,595;26,109
24,83;394,6;122,29;4,841;6,594;26,106
24,83;394,62;122,338;4,843;6,593;26,103
24,83;394,65;122,385;4,845;6,593;26,1
24,83;394,68;122,432;4,847;6,592;26,097
24,84;394,71;122,479;4,849;6,591;26,093
24,84;394,73;122,526;4,851;6,59;26,09
24,84;394,76;122,575;4,853;6,589;26,087
24,84;394,79;122,624;4,855;6,588;26,084
24,84;394,81;122,671;4,857;6,588;26,081
24,84;394,84;122,719;4,858;6,587;26,077
24,85;394,87;122,767;4,86;6,586;26,074
24,85;394,9;122,815;4,862;6,585;26,071
24,85;394,92;122,864;4,864;6,584;26,068
24,85;394,95;122,912;4,866;6,584;26,065
24,85;394,98;122,96;4,868;6,583;26,061
24,86;395,01;123,009;4,87;6,582;26,058
24,86;395,03;123,058;4,872;6,581;26,055
24,86;395,06;123,107;4,874;6,58;26,052
24,86;395,09;123,156;4,876;6,58;26,048
24,86;395,11;123,205;4,878;6,579;26,045
24,86;395,14;123,253;4,88;6,578;26,042
24,87;395,17;123,303;4,882;6,577;26,039
24,87;395,2;123,352;4,884;6,576;26,035
24,87;395,22;123,402;4,885;6,575;26,032
24,87;395,25;123,451;4,887;6,575;26,029
24,87;395,28;123,501;4,889;6,574;26,026
24,87;395,31;123,551;4,891;6,573;26,022
24,88;395,33;123,6;4,893;6,572;26,019
24,88;395,36;123,65;4,895;6,571;26,016
24,88;395,39;123,699;4,897;6,57;26,013
24,88;395,41;123,749;4,899;6,57;26,009
24,88;395,44;123,8;4,901;6,569;26,006
24,88;395,47;123,85;4,903;6,568;26,003
24,88;395,5;123,9;4,905;6,567;26
24,89;395,52;123,951;4,907;6,566;25,996
24,89;395,55;124,001;4,909;6,566;25,993
24,89;395,58;124,052;4,911;6,565;25,99
24,89;395,61;124,101;4,913;6,564;25,987
24,89;395,63;124,153;4,915;6,563;25,983
24,89;395,66;124,203;4,917;6,562;25,98
24,9;395,69;124,253;4,919;6,561;25,977
24,9;395,72;124,304;4,921;6,561;25,974
24,9;395,74;124,355;4,923;6,56;25,97
24,9;395,77;124,406;4,925;6,559;25,967
24,9;395,8;124,457;4,927;6,558;25,964
24,91;395,83;124,507;4,929;6,557;25,96
24,91;395,85;124,558;4,931;6,556;25,957
24,91;395,88;124,609;4,933;6,556;25,954
24,91;395,91;124,661;4,935;6,555;25,951
24,91;395,94;124,712;4,937;6,554;25,947
24,91;395,96;124,764;4,939;6,553;25,944
24,92;395,99;124,816;4,941;6,552;25,941
24,92;396,02;124,867;4,944;6,551;25,937
24,92;396,05;124,92;4,946;6,551;25,934
24,92;396,07;124,972;4,948;6,55;25,931
24,92;396,1;125,024;4,95;6,549;25,928
24,92;396,13;125,076;4,952;6,548;25,924
24,93;396,16;125,128;4,954;6,547;25,921
24,93;396,18;125,18;4,956;6,546;25,918
24,93;396,21;125,233;4,958;6,546;25,914
24,93;396,24;125,285;4,96;6,545;25,911
24,93;396,27;125,338;4,962;6,544;25,908
24,93;396,29;125,391;4,964;6,543;25,904
24,93;396,32;125,444;4,966;6,542;25,901
24,94;396,35;125,497;4,968;6,541;25,898
24,94;396,38;125,549;4,971;6,541;25,895
24,94;396,4;125,603;4,973;6,54;25,891
24,94;396,43;125,656;4,975;6,539;25,888
24,94;396,46;125,709;4,977;6,538;25,885
24,94;396,49;125,763;4,979;6,537;25,881
24,95;396,51;125,817;4,981;6,536;25,878
24,95;396,54;125,87;4,983;6,536;25,875
24,95;396,57;125,924;4,985;6,535;25,871
24,95;396,6;125,978;4,987;6,534;25,868
24,95;396,62;126,031;4,99;6,533;25,865
24,96;396,65;126,085;4,992;6,532;25,862
24,96;396,68;126,138;4,994;6,531;25,858
24,96;396,71;126,192;4,996;6,531;25,855
24,96;396,73;126,246;4,998;6,53;25,852
24,96;396,76;126,3;5;6,529;25,848
24,96;396,79;126,355;5,002;6,528;25,845
24,97;396,82;126,408;5,005;6,527;25,842
24,97;396,84;126,462;5,007;6,526;25,838
24,97;396,87;126,517;5,009;6,526;25,835
24,97;396,9;126,571;5,011;6,525;25,832
24,97;396,93;126,626;5,013;6,524;25,828
24,97;396,95;126,68;5,015;6,523;25,825
24,98;396,98;126,736;5,017;6,522;25,822
24,98;397,01;126,79;5,02;6,521;25,818
24,98;397,04;126,845;5,022;6,52;25,815
24,98;397,06;126,9;5,024;6,52;25,811
24,98;397,09;126,955;5,026;6,519;25,808
24,98;397,12;127,011;5,028;6,518;25,805
24,98;397,15;127,067;5,031;6,517;25,801
24,99;397,17;127,122;5,033;6,516;25,798
24,99;397,2;127,178;5,035;6,515;25,795
24,99;397,23;127,234;5,037;6,515;25,791
24,99;397,26;127,289;5,039;6,514;25,788
24,99;397,29;127,346;5,042;6,513;25,785
24,99;397,31;127,402;5,044;6,512;25,781
25;397,34;127,458;5,046;6,511;25,778
25;397,37;127,514;5,048;6,51;25,775
25;397,4;127,57;5,051;6,509;25,771
25;397,42;127,627;5,053;6,509;25,768
25;397,45;127,683;5,055;6,508;25,764
25,01;397,48;127,74;5,057;6,507;25,761
25,01;397,51;127,796;5,059;6,506;25,758
25,01;397,53;127,854;5,062;6,505;25,754
25,01;397,56;127,911;5,064;6,504;25,751
25,01;397,59;127,968;5,066;6,504;25,748
25,01;397,62;128,025;5,069;6,503;25,744
25,02;397,65;128,083;5,071;6,502;25,741
25,02;397,67;128,139;5,073;6,501;25,737
25,02;397,7;128,197;5,075;6,5;25,734
25,02;397,73;128,254;5,078;6,499;25,731
25,02;397,76;128,311;5,08;6,498;25,727
25,02;397,78;128,369;5,082;6,497;25,724
25,03;397,81;128,427;5,084;6,497;25,72
25,03;397,84;128,485;5,087;6,496;25,717
25,03;397,87;128,543;5,089;6,495;25,714
25,03;397,89;128,601;5,091;6,494;25,71
25,03;397,92;128,659;5,094;6,493;25,707
25,03;397,95;128,717;5,096;6,492;25,703
25,03;397,98;128,775;5,098;6,491;25,7
25,04;398,01;128,834;5,101;6,491;25,696
25,04;398,03;128,892;5,103;6,49;25,693
25,04;398,06;128,951;5,105;6,489;25,689
25,04;398,09;129,009;5,108;6,488;25,686
25,04;398,12;129,068;5,11;6,487;25,683
25,04;398,14;129,128;5,112;6,486;25,679
25,05;398,17;129,186;5,115;6,485;25,676
25,05;398,2;129,246;5,117;6,485;25,672
25,05;398,23;129,304;5,119;6,484;25,669
25,05;398,26;129,364;5,122;6,483;25,665
25,05;398,28;129,423;5,124;6,482;25,662
25,06;398,31;129,482;5,126;6,481;25,659
25,06;398,34;129,541;5,129;6,48;25,655
25,06;398,37;129,601;5,131;6,479;25,652
25,06;398,4;129,66;5,133;6,478;25,648
25,06;398,42;129,72;5,136;6,478;25,645
25,06;398,45;129,78;5,138;6,477;25,641
25,07;398,48;129,839;5,14;6,476;25,638
25,07;398,51;129,898;5,143;6,475;25,634
25,07;398,53;129,958;5,145;6,474;25,631
25,07;398,56;130,019;5,147;6,473;25,627
25,07;398,59;130,078;5,15;6,472;25,624
25,07;398,62;130,139;5,152;6,471;25,62
25,08;398,65;130,2;5,155;6,471;25,617
25,08;398,67;130,26;5,157;6,47;25,613
25,08;398,7;130,32;5,159;6,469;25,61
25,08;398,73;130,381;5,162;6,468;25,606
25,08;398,76;130,442;5,164;6,467;25,603
25,08;398,79;130,503;5,167;6,466;25,599
25,08;398,81;130,564;5,169;6,465;25,596
25,09;398,84;130,624;5,171;6,464;25,592
25,09;398,87;130,685;5,174;6,463;25,589
25,09;398,9;130,747;5,176;6,463;25,585
25,09;398,93;130,808;5,179;6,462;25,582
25,09;398,95;130,869;5,181;6,461;25,578
25,09;398,98;130,931;5,184;6,46;25,575
25,1;399,01;130,992;5,186;6,459;25,571
25,1;399,04;131,053;5,188;6,458;25,568
25,1;399,06;131,115;5,191;6,457;25,564
25,1;399,09;131,177;5,193;6,456;25,561
25,1;399,12;131,239;5,196;6,455;25,557
25,11;399,15;131,302;5,198;6,455;25,554
25,11;399,18;131,364;5,201;6,454;25,55
25,11;399,2;131,426;5,203;6,453;25,547
25,11;399,23;131,488;5,206;6,452;25,543
25,11;399,26;131,549;5,208;6,451;25,54
25,11;399,29;131,611;5,211;6,45;25,536
25,12;399,32;131,673;5,213;6,449;25,533
25,12;399,34;131,735;5,215;6,448;25,529
25,12;399,37;131,798;5,218;6,447;25,525
25,12;399,4;131,861;5,22;6,447;25,522
25,12;399,43;131,923;5,223;6,446;25,518
25,12;399,46;131,986;5,225;6,445;25,515
25,13;399,48;132,049;5,228;6,444;25,511
25,13;399,51;132,112;5,23;6,443;25,508
25,13;399,54;132,175;5,233;6,442;25,504
25,13;399,57;132,238;5,235;6,441;25,501
25,13;399,6;132,302;5,238;6,44;25,497
25,13;399,62;132,366;5,24;6,439;25,493
25,13;399,65;132,429;5,243;6,438;25,49
25,14;399,68;132,493;5,245;6,438;25,486
25,14;399,71;132,557;5,248;6,437;25,483
25,14;399,74;132,621;5,251;6,436;25,479
25,14;399,76;132,685;5,253;6,435;25,476
25,14;399,79;132,75;5,256;6,434;25,472
25,14;399,82;132,814;5,258;6,433;25,468
25,15;399,85;132,879;5,261;6,432;25,465
25,15;399,88;132,944;5,263;6,431;25,461
25,15;399,9;133,01;5,266;6,43;25,458
25,15;399,93;133,074;5,268;6,429;25,454
25,15;399,96;133,139;5,271;6,428;25,45
25,16;399,99;133,204;5,274;6,428;25,447
25,16;400,02;133,269;5,276;6,427;25,443
25,16;400,05;133,334;5,279;6,426;25,44
25,16;400,07;133,399;5,281;6,425;25,436
25,16;400,1;133,465;5,284;6,424;25,432
25,16;400,13;133,53;5,286;6,423;25,429
25,17;400,16;133,595;5,289;6,422;25,425
25,17;400,19;133,66;5,292;6,421;25,422
25,17;400,21;133,725;5,294;6,42;25,418
25,17;400,24;133,791;5,297;6,419;25,414
25,17;400,27;133,857;5,299;6,418;25,411
25,17;400,3;133,922;5,302;6,418;25,407
25,18;400,33;133,987;5,305;6,417;25,404
25,18;400,35;134,054;5,307;6,416;25,4
25,18;400,38;134,12;5,31;6,415;25,396
25,18;400,41;134,186;5,312;6,414;25,393
25,18;400,44;134,252;5,315;6,413;25,389
25,18;400,47;134,319;5,318;6,412;25,385
25,18;400,5;134,386;5,32;6,411;25,382
25,19;400,52;134,452;5,323;6,41;25,378
25,19;400,55;134,519;5,326;6,409;25,375
25,19;400,58;134,585;5,328;6,408;25,371
25,19;400,61;134,652;5,331;6,407;25,367
25,19;400,64;134,719;5,334;6,407;25,364
25,19;400,67;134,787;5,336;6,406;25,36
25,2;400,69;134,854;5,339;6,405;25,356
25,2;400,72;134,921;5,342;6,404;25,353
25,2;400,75;134,99;5,344;6,403;25,349
25,2;400,78;135,058;5,347;6,402;25,345
25,2;400,81;135,125;5,35;6,401;25,342
25,21;400,84;135,194;5,352;6,4;25,338
25,21;400,86;135,262;5,355;6,399;25,334
25,21;400,89;135,33;5,358;6,398;25,331
25,21;400,92;135,398;5,36;6,397;25,327
25,21;400,95;135,465;5,363;6,396;25,323
25,21;400,98;135,534;5,366;6,395;25,32
25,22;401,01;135,602;5,369;6,395;25,316
25,22;401,03;135,671;5,371;6,394;25,312
25,22;401,06;135,739;5,374;6,393;25,309
25,22;401,09;135,808;5,377;6,392;25,305
25,22;401,12;135,877;5,379;6,391;25,301
25,22;401,15;135,946;5,382;6,39;25,298
25,23;401,18;136,016;5,385;6,389;25,294
25,23;401,2;136,085;5,388;6,388;25,29
25,23;401,23;136,153;5,39;6,387;25,287
25,23;401,26;136,222;5,393;6,386;25,283
25,23;401,29;136,291;5,396;6,385;25,279
25,23;401,32;136,36;5,399;6,384;25,276
25,23;401,35;136,429;5,401;6,383;25,272
25,24;401,37;136,499;5,404;6,382;25,268
25,24;401,4;136,569;5,407;6,381;25,264
25,24;401,43;136,64;5,41;6,381;25,261
25,24;401,46;136,71;5,412;6,38;25,257
25,24;401,49;136,78;5,415;6,379;25,253
25,24;401,52;136,85;5,418;6,378;25,25
25,25;401,54;136,92;5,421;6,377;25,246
25,25;401,57;136,991;5,423;6,376;25,242
25,25;401,6;137,062;5,426;6,375;25,238
25,25;401,63;137,134;5,429;6,374;25,235
25,25;401,66;137,204;5,432;6,373;25,231
25,26;401,69;137,275;5,435;6,372;25,227
25,26;401,71;137,347;5,438;6,371;25,224
25,26;401,74;137,418;5,44;6,37;25,22
25,26;401,77;137,488;5,443;6,369;25,216
25,26;401,8;137,56;5,446;6,368;25,212
25,26;401,83;137,632;5,449;6,367;25,209
25,27;401,86;137,704;5,452;6,366;25,205
25,27;401,88;137,775;5,455;6,365;25,201
25,27;401,91;137,846;5,457;6,365;25,197
25,27;401,94;137,918;5,46;6,364;25,194
25,27;401,97;137,99;5,463;6,363;25,19
25,27;402;138,062;5,466;6,362;25,186
25,28;402,03;138,134;5,469;6,361;25,182
25,28;402,05;138,207;5,472;6,36;25,179
25,28;402,08;138,28;5,475;6,359;25,175
25,28;402,11;138,352;5,477;6,358;25,171
25,28;402,14;138,425;5,48;6,357;25,167
25,28;402,17;138,497;5,483;6,356;25,164
25,28;402,2;138,569;5,486;6,355;25,16
25,29;402,23;138,643;5,489;6,354;25,156
25,29;402,25;138,716;5,492;6,353;25,152
25,29;402,28;138,789;5,495;6,352;25,148
25,29;402,31;138,862;5,498;6,351;25,145
25,29;402,34;138,935;5,5;6,35;25,141
25,29;402,37;139,009;5,503;6,349;25,137
25,3;402,4;139,083;5,506;6,348;25,133
25,3;402,43;139,156;5,509;6,347;25,129
25,3;402,45;139,229;5,512;6,346;25,126
25,3;402,48;139,304;5,515;6,345;25,122
25,3;402,51;139,378;5,518;6,344;25,118
25,31;402,54;139,452;5,521;6,344;25,114
25,31;402,57;139,526;5,524;6,343;25,11
25,31;402,6;139,6;5,527;6,342;25,107
25,31;402,62;139,674;5,53;6,341;25,103
25,31;402,65;139,749;5,533;6,34;25,099
25,31;402,68;139,824;5,536;6,339;25,095
25,32;402,71;139,898;5,539;6,338;25,091
25,32;402,74;139,973;5,542;6,337;25,087
25,32;402,77;140,048;5,545;6,336;25,084
25,32;402,8;140,122;5,547;6,335;25,08
25,32;402,82;140,197;5,55;6,334;25,076
25,32;402,85;140,271;5,553;6,333;25,072
25,33;402,88;140,346;5,556;6,332;25,068
25,33;402,91;140,421;5,559;6,331;25,064
25,33;402,94;140,497;5,562;6,33;25,061
25,33;402,97;140,572;5,565;6,329;25,057
25,33;403;140,647;5,568;6,328;25,053
25,33;403,02;140,722;5,571;6,327;25,049
25,33;403,05;140,797;5,574;6,326;25,045
25,34;403,08;140,873;5,577;6,325;25,041
25,34;403,11;140,948;5,58;6,324;25,038
25,34;403,14;141,023;5,583;6,323;25,034
25,34;403,17;141,099;5,586;6,322;25,03
25,34;403,2;141,175;5,589;6,321;25,026
25,34;403,22;141,251;5,592;6,32;25,022
25,35;403,25;141,326;5,595;6,319;25,018
25,35;403,28;141,401;5,598;6,318;25,014
25,35;403,31;141,477;5,601;6,317;25,01
25,35;403,34;141,553;5,604;6,316;25,007
25,35;403,37;141,63;5,607;6,315;25,003
25,36;403,4;141,706;5,61;6,314;24,999
25,36;403,43;141,782;5,613;6,313;24,995
25,36;403,45;141,858;5,616;6,312;24,991
25,36;403,48;141,935;5,619;6,311;24,987
25,36;403,51;142,011;5,622;6,31;24,983
25,36;403,54;142,088;5,625;6,309;24,979
25,37;403,57;142,165;5,628;6,308;24,976
25,37;403,6;142,242;5,631;6,308;24,972
25,37;403,63;142,319;5,634;6,307;24,968
25,37;403,65;142,396;5,637;6,306;24,964
25,37;403,68;142,472;5,641;6,305;24,96
25,37;403,71;142,548;5,643;6,304;24,956
25,38;403,74;142,624;5,647;6,303;24,952
25,38;403,77;142,701;5,65;6,302;24,948
25,38;403,8;142,779;5,653;6,301;24,944
25,38;403,83;142,856;5,656;6,3;24,94
25,38;403,86;142,933;5,659;6,299;24,936
25,38;403,88;143,01;5,662;6,298;24,933
25,38;403,91;143,086;5,665;6,297;24,929
25,39;403,94;143,164;5,668;6,296;24,925
25,39;403,97;143,242;5,671;6,295;24,921
25,39;404;143,319;5,674;6,294;24,917
25,39;404,03;143,397;5,677;6,293;24,913
25,39;404,06;143,476;5,68;6,292;24,909
25,39;404,08;143,553;5,683;6,291;24,905
25,4;404,11;143,632;5,686;6,29;24,901
25,4;404,14;143,71;5,69;6,289;24,897
25,4;404,17;143,789;5,693;6,288;24,893
25,4;404,2;143,867;5,696;6,287;24,889
25,4;404,23;143,948;5,699;6,286;24,885
25,41;404,26;144,026;5,702;6,285;24,881
25,41;404,29;144,105;5,705;6,284;24,877
25,41;404,32;144,184;5,708;6,283;24,874
25,41;404,34;144,263;5,711;6,282;24,87
25,41;404,37;144,343;5,715;6,281;24,866
25,41;404,4;144,422;5,718;6,28;24,862
25,42;404,43;144,502;5,721;6,279;24,858
25,42;404,46;144,581;5,724;6,278;24,854
25,42;404,49;144,661;5,727;6,277;24,85
25,42;404,52;144,741;5,73;6,276;24,846
25,42;404,55;144,821;5,733;6,275;24,842
25,42;404,57;144,901;5,737;6,274;24,838
25,43;404,6;144,981;5,74;6,273;24,834
25,43;404,63;145,061;5,743;6,272;24,83
25,43;404,66;145,142;5,746;6,271;24,826
25,43;404,69;145,222;5,749;6,27;24,822
25,43;404,72;145,304;5,753;6,269;24,818
25,43;404,75;145,385;5,756;6,268;24,814
25,43;404,78;145,466;5,759;6,267;24,81
25,44;404,81;145,546;5,762;6,266;24,806
25,44;404,83;145,627;5,765;6,265;24,802
25,44;404,86;145,707;5,769;6,264;24,798
25,44;404,89;145,789;5,772;6,263;24,794
25,44;404,92;145,87;5,775;6,262;24,79
25,44;404,95;145,951;5,778;6,261;24,786
25,45;404,98;146,032;5,781;6,26;24,782
25,45;405,01;146,113;5,785;6,259;24,778
25,45;405,04;146,194;5,788;6,258;24,774
25,45;405,07;146,275;5,791;6,257;24,77
25,45;405,09;146,357;5,794;6,256;24,766
25,46;405,12;146,439;5,798;6,255;24,762
25,46;405,15;146,521;5,801;6,254;24,758
25,46;405,18;146,604;5,804;6,252;24,754
25,46;405,21;146,686;5,807;6,251;24,75
25,46;405,24;146,769;5,811;6,25;24,746
25,46;405,27;146,85;5,814;6,249;24,742
25,47;405,3;146,933;5,817;6,248;24,738
25,47;405,33;147,015;5,82;6,247;24,734
25,47;405,35;147,098;5,824;6,246;24,73
25,47;405,38;147,181;5,827;6,245;24,726
25,47;405,41;147,263;5,83;6,244;24,721
25,47;405,44;147,346;5,833;6,243;24,717
25,48;405,47;147,428;5,837;6,242;24,713
25,48;405,5;147,51;5,84;6,241;24,709
25,48;405,53;147,593;5,843;6,24;24,705
25,48;405,56;147,675;5,846;6,239;24,701
25,48;405,59;147,758;5,85;6,238;24,697
25,48;405,62;147,841;5,853;6,237;24,693
25,48;405,64;147,924;5,856;6,236;24,689
25,49;405,67;148,006;5,86;6,235;24,685
25,49;405,7;148,089;5,863;6,234;24,681
25,49;405,73;148,172;5,866;6,233;24,677
25,49;405,76;148,256;5,869;6,232;24,673
25,49;405,79;148,339;5,873;6,231;24,669
25,49;405,82;148,422;5,876;6,23;24,665
25,5;405,85;148,505;5,879;6,229;24,66
25,5;405,88;148,588;5,883;6,228;24,656
25,5;405,91;148,672;5,886;6,227;24,652
25,5;405,93;148,755;5,889;6,226;24,648
25,5;405,96;148,839;5,893;6,225;24,644
25,51;405,99;148,922;5,896;6,224;24,64
25,51;406,02;149,006;5,899;6,223;24,636
25,51;406,05;149,09;5,902;6,222;24,632
25,51;406,08;149,174;5,906;6,221;24,628
25,51;406,11;149,257;5,909;6,22;24,624
25,51;406,14;149,342;5,912;6,219;24,619
25,52;406,17;149,425;5,916;6,218;24,615
25,52;406,2;149,509;5,919;6,217;24,611
25,52;406,22;149,593;5,922;6,215;24,607
25,52;406,25;149,678;5,926;6,214;24,603
25,52;406,28;149,762;5,929;6,213;24,599
25,52;406,31;149,847;5,932;6,212;24,595
25,53;406,34;149,931;5,936;6,211;24,591
25,53;406,37;150,016;5,939;6,21;24,587
25,53;406,4;150,101;5,943;6,209;24,582
25,53;406,43;150,185;5,946;6,208;24,578
25,53;406,46;150,27;5,949;6,207;24,574
25,53;406,49;150,355;5,953;6,206;24,57
25,53;406,52;150,44;5,956;6,205;24,566
25,54;406,54;150,525;5,959;6,204;24,562
25,54;406,57;150,61;5,963;6,203;24,558
25,54;406,6;150,696;5,966;6,202;24,554
25,54;406,63;150,78;5,969;6,201;24,55
25,54;406,66;150,865;5,973;6,2;24,545
25,54;406,69;150,95;5,976;6,199;24,541
25,55;406,72;151,036;5,98;6,198;24,537
25,55;406,75;151,122;5,983;6,197;24,533
25,55;406,78;151,207;5,986;6,196;24,529
25,55;406,81;151,293;5,99;6,195;24,525
25,55;406,83;151,379;5,993;6,194;24,52
25,56;406,86;151,464;5,997;6,193;24,516
25,56;406,89;151,551;6;6,191;24,512
25,56;406,92;151,636;6,003;6,19;24,508
25,56;406,95;151,722;6,007;6,189;24,504
25,56;406,98;151,808;6,01;6,188;24,5
25,56;407,01;151,894;6,014;6,187;24,495
25,57;407,04;151,979;6,017;6,186;24,491
25,57;407,07;152,066;6,02;6,185;24,487
25,57;407,1;152,151;6,024;6,184;24,483
25,57;407,13;152,238;6,027;6,183;24,479
25,57;407,16;152,324;6,031;6,182;24,475
25,57;407,18;152,41;6,034;6,181;24,471
25,58;407,21;152,495;6,037;6,18;24,466
25,58;407,24;152,581;6,041;6,179;24,462
25,58;407,27;152,667;6,044;6,178;24,458
25,58;407,3;152,753;6,048;6,177;24,454
25,58;407,33;152,839;6,051;6,176;24,45
25,58;407,36;152,926;6,054;6,175;24,445
25,58;407,39;153,013;6,058;6,174;24,441
25,59;407,42;153,099;6,061;6,172;24,437
25,59;407,45;153,185;6,065;6,171;24,433
25,59;407,48;153,272;6,068;6,17;24,429
25,59;407,5;153,359;6,072;6,169;24,424
25,59;407,53;153,445;6,075;6,168;24,42
25,59;407,56;153,532;6,078;6,167;24,416
25,6;407,59;153,619;6,082;6,166;24,412
25,6;407,62;153,706;6,085;6,165;24,408
25,6;407,65;153,793;6,089;6,164;24,403
25,6;407,68;153,88;6,092;6,163;24,399
25,6;407,71;153,967;6,096;6,162;24,395
25,61;407,74;154,054;6,099;6,161;24,391
25,61;407,77;154,141;6,102;6,16;24,387
25,61;407,8;154,228;6,106;6,159;24,382
25,61;407,82;154,315;6,109;6,158;24,378
25,61;407,85;154,403;6,113;6,157;24,374
25,61;407,88;154,49;6,116;6,155;24,37
25,62;407,91;154,577;6,12;6,154;24,365
25,62;407,94;154,665;6,123;6,153;24,361
25,62;407,97;154,751;6,127;6,152;24,357
25,62;408;154,839;6,13;6,151;24,353
25,62;408,03;154,927;6,134;6,15;24,348
25,62;408,06;155,014;6,137;6,149;24,344
25,63;408,09;155,101;6,14;6,148;24,34
25,63;408,12;155,189;6,144;6,147;24,336
25,63;408,15;155,277;6,147;6,146;24,331
25,63;408,17;155,363;6,151;6,145;24,327
25,63;408,2;155,451;6,154;6,144;24,323
25,63;408,23;155,539;6,158;6,143;24,319
25,63;408,26;155,626;6,161;6,142;24,314
25,64;408,29;155,714;6,165;6,14;24,31
25,64;408,32;155,802;6,168;6,139;24,306
25,64;408,35;155,889;6,172;6,138;24,302
25,64;408,38;155,978;6,175;6,137;24,297
25,64;408,41;156,066;6,179;6,136;24,293
25,64;408,44;156,154;6,182;6,135;24,289
25,65;408,47;156,242;6,186;6,134;24,285
25,65;408,5;156,33;6,189;6,133;24,28
25,65;408,52;156,419;6,193;6,132;24,276
25,65;408,55;156,507;6,196;6,131;24,272
25,65;408,58;156,595;6,2;6,13;24,268
25,66;408,61;156,682;6,203;6,129;24,263
25,66;408,64;156,77;6,207;6,128;24,259
25,66;408,67;156,859;6,21;6,126;24,255
25,66;408,7;156,948;6,214;6,125;24,25
25,66;408,73;157,036;6,217;6,124;24,246
25,66;408,76;157,125;6,221;6,123;24,242
25,67;408,79;157,213;6,224;6,122;24,238
25,67;408,82;157,3;6,228;6,121;24,233
25,67;408,85;157,389;6,231;6,12;24,229
25,67;408,87;157,478;6,235;6,119;24,225
25,67;408,9;157,567;6,238;6,118;24,22
25,67;408,93;157,656;6,242;6,117;24,216
25,68;408,96;157,744;6,245;6,116;24,212
25,68;408,99;157,834;6,249;6,115;24,208
25,68;409,02;157,923;6,252;6,113;24,203
25,68;409,05;158,011;6,256;6,112;24,199
25,68;409,08;158,1;6,259;6,111;24,195
25,68;409,11;158,189;6,263;6,11;24,19
25,68;409,14;158,278;6,266;6,109;24,186
25,69;409,17;158,366;6,27;6,108;24,182
25,69;409,2;158,456;6,273;6,107;24,177
25,69;409,22;158,545;6,277;6,106;24,173
25,69;409,25;158,634;6,28;6,105;24,169
25,69;409,28;158,723;6,284;6,104;24,164
25,69;409,31;158,812;6,287;6,103;24,16
25,7;409,34;158,901;6,291;6,101;24,156
25,7;409,37;158,989;6,294;6,1;24,152
25,7;409,4;159,079;6,298;6,099;24,147
25,7;409,43;159,168;6,302;6,098;24,143
25,7;409,46;159,258;6,305;6,097;24,139
25,71;409,49;159,347;6,309;6,096;24,134
25,71;409,52;159,436;6,312;6,095;24,13
25,71;409,55;159,527;6,316;6,094;24,126
25,71;409,58;159,616;6,319;6,093;24,121
25,71;409,6;159,705;6,323;6,092;24,117
25,71;409,63;159,796;6,326;6,091;24,113
25,72;409,66;159,885;6,33;6,089;24,108
25,72;409,69;159,974;6,333;6,088;24,104
25,72;409,72;160,063;6,337;6,087;24,1
25,72;409,75;160,154;6,341;6,086;24,095
25,72;409,78;160,244;6,344;6,085;24,091
25,72;409,81;160,333;6,348;6,084;24,086
25,73;409,84;160,424;6,351;6,083;24,082
25,73;409,87;160,514;6,355;6,082;24,078
25,73;409,9;160,604;6,358;6,081;24,073
25,73;409,93;160,694;6,362;6,08;24,069
25,73;409,95;160,784;6,365;6,078;24,065
25,73;409,98;160,874;6,369;6,077;24,06
25,73;410,01;160,965;6,373;6,076;24,056
25,74;410,04;161,055;6,376;6,075;24,052
25,74;410,07;161,146;6,38;6,074;24,047
25,74;410,1;161,236;6,383;6,073;24,043
25,74;410,13;161,326;6,387;6,072;24,039
25,74;410,16;161,416;6,39;6,071;24,034
25,74;410,19;161,506;6,394;6,07;24,03
25,75;410,22;161,597;6,398;6,069;24,026
25,75;410,25;161,687;6,401;6,067;24,021
25,75;410,28;161,779;6,405;6,066;24,017
25,75;410,31;161,869;6,408;6,065;24,012
25,75;410,33;161,96;6,412;6,064;24,008
25,76;410,36;162,05;6,416;6,063;24,004
25,76;410,39;162,14;6,419;6,062;23,999
25,76;410,42;162,231;6,423;6,061;23,995
25,76;410,45;162,322;6,426;6,06;23,991
25,76;410,48;162,411;6,43;6,059;23,986
25,76;410,51;162,502;6,434;6,058;23,982
25,77;410,54;162,593;6,437;6,056;23,977
25,77;410,57;162,684;6,441;6,055;23,973
25,77;410,6;162,774;6,444;6,054;23,969
25,77;410,63;162,864;6,448;6,053;23,964
25,77;410,66;162,954;6,451;6,052;23,96
25,77;410,69;163,044;6,455;6,051;23,956
25,78;410,71;163,134;6,459;6,05;23,951
25,78;410,74;163,225;6,462;6,049;23,947
25,78;410,77;163,316;6,466;6,048;23,942
25,78;410,8;163,406;6,469;6,046;23,938
25,78;410,83;163,497;6,473;6,045;23,934
25,78;410,86;163,588;6,476;6,044;23,929
25,78;410,89;163,679;6,48;6,043;23,925
25,79;410,92;163,769;6,484;6,042;23,92
25,79;410,95;163,86;6,487;6,041;23,916
25,79;410,98;163,95;6,491;6,04;23,912
25,79;411,01;164,04;6,494;6,039;23,907
25,79;411,04;164,13;6,498;6,038;23,903
25,79;411,07;164,22;6,502;6,036;23,898
25,8;411,1;164,311;6,505;6,035;23,894
25,8;411,12;164,401;6,509;6,034;23,89
25,8;411,15;164,491;6,512;6,033;23,885
25,8;411,18;164,581;6,516;6,032;23,881
25,8;411,21;164,671;6,519;6,031;23,877
25,81;411,24;164,761;6,523;6,03;23,872
25,81;411,27;164,852;6,527;6,029;23,868
25,81;411,3;164,94;6,53;6,028;23,863
25,81;411,33;165,029;6,534;6,026;23,859
25,81;411,36;165,119;6,537;6,025;23,855
25,81;411,39;165,209;6,541;6,024;23,85
25,82;411,42;165,299;6,544;6,023;23,846
25,82;411,45;165,388;6,548;6,022;23,841
25,82;411,47;165,478;6,551;6,021;23,837
25,82;411,5;165,569;6,555;6,02;23,833
25,82;411,53;165,659;6,558;6,019;23,828
25,82;411,56;165,749;6,562;6,018;23,824
25,83;411,59;165,839;6,566;6,016;23,819
25,83;411,62;165,929;6,569;6,015;23,815
25,83;411,65;166,019;6,573;6,014;23,81
25,83;411,68;166,109;6,576;6,013;23,806
25,83;411,71;166,199;6,58;6,012;23,802
25,83;411,74;166,289;6,583;6,011;23,797
25,83;411,77;166,378;6,587;6,01;23,793
25,84;411,8;166,468;6,591;6,009;23,788
25,84;411,83;166,558;6,594;6,008;23,784
25,84;411,85;166,648;6,598;6,006;23,78
25,84;411,88;166,737;6,601;6,005;23,775
25,84;411,91;166,826;6,605;6,004;23,771
25,84;411,94;166,917;6,608;6,003;23,766
25,85;411,97;167,006;6,612;6,002;23,762
25,85;412;167,096;6,615;6,001;23,757
25,85;412,03;167,186;6,619;6;23,753
25,85;412,06;167,276;6,623;5,999;23,749
25,85;412,09;167,366;6,626;5,997;23,744
25,86;412,12;167,456;6,63;5,996;23,74
25,86;412,15;167,546;6,633;5,995;23,735
25,86;412,17;167,636;6,637;5,994;23,731
25,86;412,2;167,725;6,64;5,993;23,726
25,86;412,23;167,814;6,644;5,992;23,722
25,86;412,26;167,903;6,647;5,991;23,718
25,87;412,29;167,992;6,651;5,99;23,713
25,87;412,32;168,082;6,654;5,989;23,709
25,87;412,35;168,171;6,658;5,987;23,704
25,87;412,38;168,261;6,661;5,986;23,7
25,87;412,41;168,35;6,665;5,985;23,695
25,87;412,44;168,438;6,669;5,984;23,691
25,88;412,47;168,528;6,672;5,983;23,687
25,88;412,49;168,618;6,676;5,982;23,682
25,88;412,52;168,707;6,679;5,981;23,678
25,88;412,55;168,795;6,683;5,98;23,673
25,88;412,58;168,884;6,686;5,978;23,669
25,88;412,61;168,974;6,69;5,977;23,664
25,88;412,64;169,063;6,693;5,976;23,66
25,89;412,67;169,153;6,697;5,975;23,656
25,89;412,7;169,242;6,7;5,974;23,651
25,89;412,73;169,33;6,704;5,973;23,647
25,89;412,76;169,42;6,707;5,972;23,642
25,89;412,79;169,51;6,711;5,971;23,638
25,89;412,81;169,599;6,714;5,969;23,633
25,9;412,84;169,688;6,718;5,968;23,629
25,9;412,87;169,777;6,722;5,967;23,624
25,9;412,9;169,866;6,725;5,966;23,62
25,9;412,93;169,955;6,729;5,965;23,615
25,9;412,96;170,044;6,732;5,964;23,611
25,91;412,99;170,131;6,736;5,963;23,607
25,91;413,02;170,22;6,739;5,962;23,602
25,91;413,05;170,309;6,743;5,96;23,598
25,91;413,08;170,397;6,746;5,959;23,593
25,91;413,1;170,485;6,75;5,958;23,589
25,91;413,13;170,573;6,753;5,957;23,584
25,92;413,16;170,66;6,756;5,956;23,58
25,92;413,19;170,748;6,76;5,955;23,575
25,92;413,22;170,837;6,763;5,954;23,571
25,92;413,25;170,924;6,767;5,953;23,567
25,92;413,28;171,012;6,77;5,951;23,562
25,92;413,31;171,099;6,774;5,95;23,558
25,93;413,34;171,188;6,777;5,949;23,553
25,93;413,37;171,276;6,781;5,948;23,549
25,93;413,39;171,364;6,784;5,947;23,544
25,93;413,42;171,452;6,788;5,946;23,54
25,93;413,45;171,539;6,791;5,945;23,535
25,93;413,48;171,626;6,795;5,944;23,531
25,93;413,51;171,714;6,798;5,942;23,527
25,94;413,54;171,801;6,802;5,941;23,522
25,94;413,57;171,889;6,805;5,94;23,518
25,94;413,6;171,976;6,809;5,939;23,513
25,94;413,63;172,063;6,812;5,938;23,509
25,94;413,65;172,15;6,815;5,937;23,504
25,94;413,68;172,237;6,819;5,936;23,5
25,95;413,71;172,325;6,822;5,935;23,495
25,95;413,74;172,412;6,826;5,933;23,491
25,95;413,77;172,499;6,829;5,932;23,486
25,95;413,8;172,587;6,833;5,931;23,482
25,95;413,83;172,674;6,836;5,93;23,477
25,96;413,86;172,761;6,84;5,929;23,473
25,96;413,89;172,849;6,843;5,928;23,469
25,96;413,92;172,936;6,847;5,927;23,464
25,96;413,94;173,023;6,85;5,926;23,46
25,96;413,97;173,109;6,853;5,924;23,455
25,96;414;173,196;6,857;5,923;23,451
25,97;414,03;173,283;6,86;5,922;23,446
25,97;414,06;173,37;6,864;5,921;23,442
25,97;414,09;173,456;6,867;5,92;23,437
25,97;414,12;173,543;6,871;5,919;23,433
25,97;414,15;173,63;6,874;5,918;23,428
25,97;414,18;173,716;6,877;5,917;23,424
25,98;414,2;173,802;6,881;5,915;23,419
25,98;414,23;173,888;6,884;5,914;23,415
25,98;414,26;173,974;6,888;5,913;23,411
25,98;414,29;174,061;6,891;5,912;23,406
25,98;414,32;174,147;6,895;5,911;23,402
25,98;414,35;174,234;6,898;5,91;23,397
25,98;414,38;174,319;6,901;5,909;23,393
25,99;414,41;174,405;6,905;5,908;23,388
25,99;414,44;174,491;6,908;5,906;23,384
25,99;414,47;174,578;6,912;5,905;23,379
25,99;414,49;174,663;6,915;5,904;23,375
25,99;414,52;174,749;6,918;5,903;23,37
25,99;414,55;174,835;6,922;5,902;23,366
26;414,58;174,921;6,925;5,901;23,361
26;414,61;175,007;6,929;5,9;23,357
26;414,64;175,093;6,932;5,899;23,353
26;414,67;175,178;6,935;5,897;23,348
26;414,7;175,265;6,939;5,896;23,344
26,01;414,72;175,351;6,942;5,895;23,339
26,01;414,75;175,436;6,946;5,894;23,335
26,01;414,78;175,522;6,949;5,893;23,33
26,01;414,81;175,607;6,952;5,892;23,326
26,01;414,84;175,691;6,956;5,891;23,321
26,01;414,87;175,776;6,959;5,89;23,317
26,02;414,9;175,861;6,962;5,888;23,312
26,02;414,93;175,947;6,966;5,887;23,308
26,02;414,95;176,031;6,969;5,886;23,303
26,02;414,98;176,116;6,972;5,885;23,299
26,02;415,01;176,202;6,976;5,884;23,295
26,02;415,04;176,287;6,979;5,883;23,29
26,03;415,07;176,372;6,983;5,882;23,286
26,03;415,1;176,457;6,986;5,881;23,281
26,03;415,13;176,542;6,989;5,879;23,277
26,03;415,16;176,627;6,993;5,878;23,272
26,03;415,18;176,711;6,996;5,877;23,268
26,03;415,21;176,795;6,999;5,876;23,263
26,03;415,24;176,879;7,003;5,875;23,259
26,04;415,27;176,963;7,006;5,874;23,254
26,04;415,3;177,047;7,009;5,873;23,25
26,04;415,33;177,13;7,013;5,871;23,245
26,04;415,36;177,214;7,016;5,87;23,241
26,04;415,39;177,298;7,019;5,869;23,236
26,04;415,42;177,382;7,023;5,868;23,232
26,05;415,44;177,467;7,026;5,867;23,228
26,05;415,47;177,55;7,029;5,866;23,223
26,05;415,5;177,634;7,033;5,865;23,219
26,05;415,53;177,717;7,036;5,864;23,214
26,05;415,56;177,801;7,039;5,862;23,21
26,06;415,59;177,884;7,042;5,861;23,205
26,06;415,62;177,968;7,046;5,86;23,201
26,06;415,64;178,05;7,049;5,859;23,196
26,06;415,67;178,133;7,052;5,858;23,192
26,06;415,7;178,216;7,056;5,857;23,187
26,06;415,73;178,299;7,059;5,856;23,183
26,07;415,76;178,382;7,062;5,855;23,178
26,07;415,79;178,464;7,065;5,853;23,174
26,07;415,82;178,547;7,069;5,852;23,169
26,07;415,84;178,63;7,072;5,851;23,165
26,07;415,87;178,713;7,075;5,85;23,161
26,07;415,9;178,794;7,079;5,849;23,156
26,08;415,93;178,876;7,082;5,848;23,152
26,08;415,96;178,959;7,085;5,847;23,147
26,08;415,99;179,041;7,088;5,846;23,143
26,08;416,02;179,123;7,092;5,844;23,138
26,08;416,04;179,204;7,095;5,843;23,134
26,08;416,07;179,286;7,098;5,842;23,129
26,08;416,1;179,367;7,101;5,841;23,125
26,09;416,13;179,448;7,104;5,84;23,12
26,09;416,16;179,53;7,108;5,839;23,116
26,09;416,19;179,61;7,111;5,838;23,111
26,09;416,22;179,691;7,114;5,837;23,107
26,09;416,24;179,772;7,117;5,835;23,103
26,09;416,27;179,854;7,12;5,834;23,098
26,1;416,3;179,934;7,124;5,833;23,094
26,1;416,33;180,015;7,127;5,832;23,089
26,1;416,36;180,096;7,13;5,831;23,085
26,1;416,39;180,177;7,133;5,83;23,08
26,1;416,42;180,257;7,136;5,829;23,076
26,11;416,44;180,337;7,14;5,828;23,071
26,11;416,47;180,418;7,143;5,826;23,067
26,11;416,5;180,498;7,146;5,825;23,062
26,11;416,53;180,577;7,149;5,824;23,058
26,11;416,56;180,658;7,152;5,823;23,053
26,11;416,59;180,738;7,155;5,822;23,049
26,12;416,62;180,817;7,159;5,821;23,045
26,12;416,64;180,897;7,162;5,82;23,04
26,12;416,67;180,977;7,165;5,819;23,036
26,12;416,7;181,057;7,168;5,817;23,031
26,12;416,73;181,138;7,171;5,816;23,027
26,12;416,76;181,218;7,174;5,815;23,022
26,13;416,79;181,298;7,178;5,814;23,018
26,13;416,81;181,377;7,181;5,813;23,013
26,13;416,84;181,456;7,184;5,812;23,009
26,13;416,87;181,535;7,187;5,811;23,005
26,13;416,9;181,613;7,19;5,81;23
26,13;416,93;181,691;7,193;5,808;22,996
26,13;416,96;181,771;7,196;5,807;22,991
26,14;416,99;181,85;7,199;5,806;22,987
26,14;417,01;181,928;7,203;5,805;22,982
26,14;417,04;182,006;7,206;5,804;22,978
26,14;417,07;182,085;7,209;5,803;22,973
26,14;417,1;182,163;7,212;5,802;22,969
26,14;417,13;182,242;7,215;5,801;22,965
26,15;417,16;182,32;7,218;5,799;22,96
26,15;417,18;182,398;7,221;5,798;22,956
26,15;417,21;182,475;7,224;5,797;22,951
26,15;417,24;182,552;7,227;5,796;22,947
26,15;417,27;182,63;7,23;5,795;22,942
26,16;417,3;182,707;7,233;5,794;22,938
26,16;417,33;182,784;7,236;5,793;22,933
26,16;417,35;182,861;7,24;5,792;22,929
26,16;417,38;182,938;7,243;5,79;22,924
26,16;417,41;183,015;7,246;5,789;22,92
26,16;417,44;183,092;7,249;5,788;22,916
26,17;417,47;183,168;7,252;5,787;22,911
26,17;417,49;183,246;7,255;5,786;22,907
26,17;417,52;183,323;7,258;5,785;22,902
26,17;417,55;183,399;7,261;5,784;22,898
26,17;417,58;183,476;7,264;5,783;22,893
26,17;417,61;183,552;7,267;5,781;22,889
26,18;417,64;183,629;7,27;5,78;22,884
26,18;417,66;183,705;7,273;5,779;22,88
26,18;417,69;183,781;7,276;5,778;22,876
26,18;417,72;183,858;7,279;5,777;22,871
26,18;417,75;183,934;7,282;5,776;22,867
26,18;417,78;184,01;7,285;5,775;22,862
26,18;417,81;184,085;7,288;5,774;22,858
26,19;417,83;184,161;7,291;5,772;22,853
26,19;417,86;184,237;7,294;5,771;22,849
26,19;417,89;184,311;7,297;5,77;22,844
26,19;417,92;184,386;7,3;5,769;22,84
26,19;417,95;184,462;7,303;5,768;22,836
26,19;417,97;184,536;7,306;5,767;22,831
26,2;418;184,61;7,309;5,766;22,827
26,2;418,03;184,686;7,312;5,765;22,822
26,2;418,06;184,76;7,315;5,764;22,818
26,2;418,09;184,835;7,318;5,762;22,813
26,2;418,11;184,909;7,321;5,761;22,809
26,21;418,14;184,983;7,324;5,76;22,805
26,21;418,17;185,056;7,326;5,759;22,8
26,21;418,2;185,13;7,329;5,758;22,796
26,21;418,23;185,205;7,332;5,757;22,791
26,21;418,25;185,279;7,335;5,756;22,787
26,21;418,28;185,353;7,338;5,755;22,782
26,22;418,31;185,427;7,341;5,753;22,778
26,22;418,34;185,501;7,344;5,752;22,774
26,22;418,37;185,575;7,347;5,751;22,769
26,22;418,39;185,647;7,35;5,75;22,765
26,22;418,42;185,721;7,353;5,749;22,76
26,22;418,45;185,794;7,356;5,748;22,756
26,23;418,48;185,867;7,359;5,747;22,751
26,23;418,51;185,94;7,361;5,746;22,747
26,23;418,53;186,012;7,364;5,744;22,743
26,23;418,56;186,085;7,367;5,743;22,738
26,23;418,59;186,158;7,37;5,742;22,734
26,23;418,62;186,23;7,373;5,741;22,729
26,23;418,65;186,304;7,376;5,74;22,725
26,24;418,67;186,376;7,379;5,739;22,721
26,24;418,7;186,449;7,382;5,738;22,716
26,24;418,73;186,522;7,384;5,737;22,712
26,24;418,76;186,595;7,387;5,736;22,707
26,24;418,79;186,667;7,39;5,734;22,703
26,24;418,81;186,739;7,393;5,733;22,698
26,25;418,84;186,81;7,396;5,732;22,694
26,25;418,87;186,882;7,399;5,731;22,69
26,25;418,9;186,953;7,402;5,73;22,685
26,25;418,93;187,024;7,404;5,729;22,681
26,25;418,95;187,096;7,407;5,728;22,676
26,26;418,98;187,166;7,41;5,727;22,672
26,26;419,01;187,239;7,413;5,726;22,668
26,26;419,04;187,31;7,416;5,724;22,663
26,26;419,07;187,38;7,418;5,723;22,659
26,26;419,09;187,45;7,421;5,722;22,654
26,26;419,12;187,52;7,424;5,721;22,65
26,27;419,15;187,59;7,427;5,72;22,646
26,27;419,18;187,661;7,43;5,719;22,641
26,27;419,2;187,732;7,432;5,718;22,637
26,27;419,23;187,802;7,435;5,717;22,632
26,27;419,26;187,872;7,438;5,716;22,628
26,27;419,29;187,943;7,441;5,714;22,624
26,28;419,32;188,012;7,443;5,713;22,619
26,28;419,34;188,082;7,446;5,712;22,615
26,28;419,37;188,152;7,449;5,711;22,61
26,28;419,4;188,221;7,452;5,71;22,606
26,28;419,43;188,29;7,454;5,709;22,601
26,28;419,46;188,359;7,457;5,708;22,597
26,28;419,48;188,428;7,46;5,707;22,593
26,29;419,51;188,497;7,463;5,706;22,588
26,29;419,54;188,566;7,465;5,704;22,584
26,29;419,57;188,634;7,468;5,703;22,579
26,29;419,59;188,702;7,471;5,702;22,575
26,29;419,62;188,77;7,473;5,701;22,571
26,29;419,65;188,838;7,476;5,7;22,566
26,3;419,68;188,907;7,479;5,699;22,562
26,3;419,7;188,976;7,482;5,698;22,557
26,3;419,73;189,044;7,484;5,697;22,553
26,3;419,76;189,111;7,487;5,696;22,549
26,3;419,79;189,18;7,49;5,694;22,544
26,31;419,82;189,247;7,492;5,693;22,54
26,31;419,84;189,315;7,495;5,692;22,536
26,31;419,87;189,383;7,498;5,691;22,531
26,31;419,9;189,45;7,5;5,69;22,527
26,31;419,93;189,518;7,503;5,689;22,522
26,31;419,95;189,585;7,506;5,688;22,518
26,32;419,98;189,653;7,508;5,687;22,514
26,32;420,01;189,719;7,511;5,686;22,509
26,32;420,04;189,786;7,514;5,684;22,505
26,32;420,06;189,852;7,516;5,683;22,5
26,32;420,09;189,919;7,519;5,682;22,496
26,32;420,12;189,986;7,522;5,681;22,492
26,33;420,15;190,052;7,524;5,68;22,487
26,33;420,17;190,119;7,527;5,679;22,483
26,33;420,2;190,186;7,53;5,678;22,479
26,33;420,23;190,252;7,532;5,677;22,474
26,33;420,26;190,319;7,535;5,676;22,47
26,33;420,29;190,385;7,537;5,675;22,465
26,33;420,31;190,452;7,54;5,673;22,461
26,34;420,34;190,518;7,543;5,672;22,457
26,34;420,37;190,583;7,545;5,671;22,452
26,34;420,4;190,649;7,548;5,67;22,448
26,34;420,42;190,714;7,55;5,669;22,444
26,34;420,45;190,779;7,553;5,668;22,439
26,34;420,48;190,844;7,556;5,667;22,435
26,35;420,51;190,909;7,558;5,666;22,431
26,35;420,53;190,974;7,561;5,665;22,426
26,35;420,56;191,039;7,563;5,663;22,422
26,35;420,59;191,103;7,566;5,662;22,418
26,35;420,62;191,166;7,568;5,661;22,413
26,36;420,64;191,23;7,571;5,66;22,409
26,36;420,67;191,293;7,573;5,659;22,405
26,36;420,7;191,357;7,576;5,658;22,4
26,36;420,73;191,421;7,578;5,657;22,396
26,36;420,75;191,485;7,581;5,656;22,391
26,36;420,78;191,549;7,583;5,655;22,387
26,37;420,81;191,612;7,586;5,654;22,383
26,37;420,84;191,676;7,588;5,653;22,378
26,37;420,86;191,739;7,591;5,651;22,374
26,37;420,89;191,802;7,593;5,65;22,37
26,37;420,92;191,865;7,596;5,649;22,365
26,37;420,94;191,929;7,598;5,648;22,361
26,38;420,97;191,991;7,601;5,647;22,357
26,38;421;192,054;7,603;5,646;22,352
26,38;421,03;192,117;7,606;5,645;22,348
26,38;421,05;192,178;7,608;5,644;22,344
26,38;421,08;192,24;7,611;5,643;22,339
26,38;421,11;192,302;7,613;5,642;22,335
26,38;421,14;192,363;7,616;5,64;22,331
26,39;421,16;192,425;7,618;5,639;22,326
26,39;421,19;192,486;7,621;5,638;22,322
26,39;421,22;192,548;7,623;5,637;22,318
26,39;421,25;192,608;7,625;5,636;22,313
26,39;421,27;192,669;7,628;5,635;22,309
26,39;421,3;192,729;7,63;5,634;22,305
26,4;421,33;192,789;7,633;5,633;22,3
26,4;421,35;192,849;7,635;5,632;22,296
26,4;421,38;192,909;7,637;5,631;22,292
26,4;421,41;192,969;7,64;5,63;22,287
26,4;421,44;193,029;7,642;5,628;22,283
26,41;421,46;193,088;7,644;5,627;22,279
26,41;421,49;193,147;7,647;5,626;22,274
26,41;421,52;193,206;7,649;5,625;22,27
26,41;421,55;193,266;7,651;5,624;22,266
26,41;421,57;193,324;7,654;5,623;22,261
26,41;421,6;193,384;7,656;5,622;22,257
26,42;421,63;193,442;7,658;5,621;22,253
26,42;421,65;193,501;7,661;5,62;22,248
26,42;421,68;193,559;7,663;5,619;22,244
26,42;421,71;193,617;7,665;5,618;22,24
26,42;421,74;193,675;7,668;5,616;22,236
26,42;421,76;193,733;7,67;5,615;22,231
26,43;421,79;193,791;7,672;5,614;22,227
26,43;421,82;193,85;7,675;5,613;22,223
26,43;421,84;193,908;7,677;5,612;22,218
26,43;421,87;193,965;7,679;5,611;22,214
26,43;421,9;194,023;7,681;5,61;22,21
26,43;421,93;194,08;7,684;5,609;22,205
26,43;421,95;194,138;7,686;5,608;22,201
26,44;421,98;194,196;7,688;5,607;22,197
26,44;422,01;194,253;7,691;5,606;22,192
26,44;422,03;194,311;7,693;5,604;22,188
26,44;422,06;194,368;7,695;5,603;22,184
26,44;422,09;194,423;7,697;5,602;22,179
26,44;422,12;194,48;7,699;5,601;22,175
26,45;422,14;194,535;7,702;5,6;22,171
26,45;422,17;194,592;7,704;5,599;22,167
26,45;422,2;194,648;7,706;5,598;22,162
26,45;422,22;194,703;7,708;5,597;22,158
26,45;422,25;194,759;7,711;5,596;22,154
26,46;422,28;194,815;7,713;5,595;22,149
26,46;422,3;194,87;7,715;5,594;22,145
26,46;422,33;194,925;7,717;5,593;22,141
26,46;422,36;194,98;7,719;5,591;22,137
26,46;422,38;195,033;7,721;5,59;22,132
26,46;422,41;195,089;7,724;5,589;22,128
26,47;422,44;195,143;7,726;5,588;22,124
26,47;422,47;195,198;7,728;5,587;22,119
26,47;422,49;195,253;7,73;5,586;22,115
26,47;422,52;195,307;7,732;5,585;22,111
26,47;422,55;195,361;7,734;5,584;22,107
26,47;422,57;195,415;7,737;5,583;22,102
26,48;422,6;195,469;7,739;5,582;22,098
26,48;422,63;195,522;7,741;5,581;22,094
26,48;422,65;195,575;7,743;5,58;22,09
26,48;422,68;195,629;7,745;5,578;22,085
26,48;422,71;195,682;7,747;5,577;22,081
26,48;422,73;195,734;7,749;5,576;22,077
26,48;422,76;195,787;7,751;5,575;22,073
26,49;422,79;195,84;7,753;5,574;22,068
26,49;422,82;195,892;7,755;5,573;22,064
26,49;422,84;195,946;7,758;5,572;22,06
26,49;422,87;195,998;7,76;5,571;22,056
26,49;422,9;196,05;7,762;5,57;22,051
26,49;422,92;196,103;7,764;5,569;22,047
26,5;422,95;196,155;7,766;5,568;22,043
26,5;422,98;196,206;7,768;5,567;22,039
26,5;423;196,258;7,77;5,566;22,034
26,5;423,03;196,31;7,772;5,565;22,03
26,5;423,06;196,362;7,774;5,563;22,026
26,51;423,08;196,414;7,776;5,562;22,022
26,51;423,11;196,465;7,778;5,561;22,017
26,51;423,14;196,515;7,78;5,56;22,013
26,51;423,16;196,566;7,782;5,559;22,009
26,51;423,19;196,617;7,784;5,558;22,005
26,51;423,22;196,669;7,786;5,557;22
26,52;423,24;196,72;7,788;5,556;21,996
26,52;423,27;196,77;7,79;5,555;21,992
26,52;423,3;196,821;7,792;5,554;21,988
26,52;423,32;196,871;7,794;5,553;21,983
26,52;423,35;196,921;7,796;5,552;21,979
26,52;423,38;196,971;7,798;5,551;21,975
26,53;423,4;197,021;7,8;5,55;21,971
26,53;423,43;197,071;7,802;5,548;21,966
26,53;423,46;197,121;7,804;5,547;21,962
26,53;423,48;197,171;7,806;5,546;21,958
26,53;423,51;197,221;7,808;5,545;21,954
26,53;423,54;197,271;7,81;5,544;21,95
26,53;423,56;197,319;7,812;5,543;21,945
26,54;423,59;197,369;7,814;5,542;21,941
26,54;423,62;197,418;7,816;5,541;21,937
26,54;423,64;197,465;7,818;5,54;21,933
26,54;423,67;197,514;7,82;5,539;21,928
26,54;423,7;197,563;7,822;5,538;21,924
26,54;423,72;197,611;7,823;5,537;21,92
26,55;423,75;197,659;7,825;5,536;21,916
26,55;423,78;197,708;7,827;5,535;21,912
26,55;423,8;197,755;7,829;5,534;21,907
26,55;423,83;197,803;7,831;5,532;21,903
26,55;423,86;197,85;7,833;5,531;21,899
26,56;423,88;197,898;7,835;5,53;21,895
26,56;423,91;197,945;7,837;5,529;21,89
26,56;423,94;197,993;7,839;5,528;21,886
26,56;423,96;198,041;7,84;5,527;21,882
26,56;423,99;198,088;7,842;5,526;21,878
26,56;424,01;198,135;7,844;5,525;21,874
26,57;424,04;198,182;7,846;5,524;21,869
26,57;424,07;198,229;7,848;5,523;21,865
26,57;424,09;198,276;7,85;5,522;21,861
26,57;424,12;198,324;7,852;5,521;21,857
26,57;424,15;198,369;7,853;5,52;21,852
26,57;424,17;198,415;7,855;5,519;21,848
26,58;424,2;198,461;7,857;5,517;21,844
26,58;424,23;198,507;7,859;5,516;21,84
26,58;424,25;198,553;7,861;5,515;21,835
26,58;424,28;198,598;7,863;5,514;21,831
26,58;424,31;198,644;7,864;5,513;21,827
26,58;424,33;198,689;7,866;5,512;21,823
26,58;424,36;198,734;7,868;5,511;21,819
26,59;424,38;198,779;7,87;5,51;21,814
26,59;424,41;198,823;7,871;5,509;21,81
26,59;424,44;198,867;7,873;5,508;21,806
26,59;424,46;198,912;7,875;5,507;21,802
26,59;424,49;198,956;7,877;5,506;21,798
26,59;424,52;199;7,878;5,505;21,793
26,6;424,54;199,043;7,88;5,504;21,789
26,6;424,57;199,087;7,882;5,503;21,785
26,6;424,6;199,13;7,884;5,502;21,781
26,6;424,62;199,173;7,885;5,5;21,777
26,6;424,65;199,216;7,887;5,499;21,772
26,61;424,67;199,26;7,889;5,498;21,768
26,61;424,7;199,302;7,89;5,497;21,764
26,61;424,73;199,345;7,892;5,496;21,76
26,61;424,75;199,389;7,894;5,495;21,756
26,61;424,78;199,432;7,896;5,494;21,751
26,61;424,81;199,473;7,897;5,493;21,747
26,62;424,83;199,515;7,899;5,492;21,743
26,62;424,86;199,558;7,901;5,491;21,739
26,62;424,88;199,6;7,902;5,49;21,735
26,62;424,91;199,642;7,904;5,489;21,73
26,62;424,94;199,684;7,906;5,488;21,726
26,62;424,96;199,727;7,907;5,487;21,722
26,63;424,99;199,769;7,909;5,486;21,718
26,63;425,02;199,81;7,911;5,485;21,714
26,63;425,04;199,853;7,912;5,484;21,709
26,63;425,07;199,894;7,914;5,482;21,705
26,63;425,09;199,936;7,916;5,481;21,701
26,63;425,12;199,977;7,917;5,48;21,697
26,63;425,15;200,019;7,919;5,479;21,693
26,64;425,17;200,06;7,92;5,478;21,688
26,64;425,2;200,101;7,922;5,477;21,684
26,64;425,22;200,142;7,924;5,476;21,68
26,64;425,25;200,183;7,925;5,475;21,676
26,64;425,28;200,224;7,927;5,474;21,672
26,64;425,3;200,265;7,929;5,473;21,668
26,65;425,33;200,305;7,93;5,472;21,663
26,65;425,36;200,345;7,932;5,471;21,659
26,65;425,38;200,386;7,933;5,47;21,655
26,65;425,41;200,426;7,935;5,469;21,651
26,65;425,43;200,466;7,937;5,468;21,647
26,66;425,46;200,507;7,938;5,467;21,643
26,66;425,49;200,547;7,94;5,466;21,638
26,66;425,51;200,587;7,941;5,465;21,634
26,66;425,54;200,626;7,943;5,463;21,63
26,66;425,56;200,666;7,944;5,462;21,626
26,66;425,59;200,705;7,946;5,461;21,622
26,67;425,62;200,746;7,948;5,46;21,618
26,67;425,64;200,784;7,949;5,459;21,613
26,67;425,67;200,824;7,951;5,458;21,609
26,67;425,69;200,864;7,952;5,457;21,605
26,67;425,72;200,902;7,954;5,456;21,601
26,67;425,75;200,942;7,955;5,455;21,597
26,68;425,77;200,981;7,957;5,454;21,593
26,68;425,8;201,02;7,958;5,453;21,588
26,68;425,83;201,059;7,96;5,452;21,584
26,68;425,85;201,097;7,961;5,451;21,58
26,68;425,88;201,136;7,963;5,45;21,576
26,68;425,9;201,174;7,965;5,449;21,572
26,68;425,93;201,212;7,966;5,448;21,568
26,69;425,95;201,251;7,968;5,447;21,564
26,69;425,98;201,289;7,969;5,446;21,559
26,69;426,01;201,328;7,971;5,445;21,555
26,69;426,03;201,365;7,972;5,444;21,551
26,69;426,06;201,401;7,974;5,442;21,547
26,69;426,08;201,439;7,975;5,441;21,543
26,7;426,11;201,477;7,977;5,44;21,539
26,7;426,14;201,514;7,978;5,439;21,535
26,7;426,16;201,55;7,979;5,438;21,53
26,7;426,19;201,587;7,981;5,437;21,526
26,7;426,21;201,625;7,982;5,436;21,522
26,71;426,24;201,662;7,984;5,435;21,518
26,71;426,27;201,698;7,985;5,434;21,514
26,71;426,29;201,734;7,987;5,433;21,51
26,71;426,32;201,771;7,988;5,432;21,506
26,71;426,34;201,807;7,99;5,431;21,501
26,71;426,37;201,842;7,991;5,43;21,497
26,72;426,4;201,878;7,992;5,429;21,493
26,72;426,42;201,914;7,994;5,428;21,489
26,72;426,45;201,95;7,995;5,427;21,485
26,72;426,47;201,985;7,997;5,426;21,481
26,72;426,5;202,021;7,998;5,425;21,477
26,72;426,52;202,056;7,999;5,424;21,473
26,73;426,55;202,091;8,001;5,423;21,468
26,73;426,58;202,126;8,002;5,422;21,464
26,73;426,6;202,16;8,004;5,421;21,46
26,73;426,63;202,195;8,005;5,42;21,456
26,73;426,65;202,23;8,006;5,418;21,452
26,73;426,68;202,265;8,008;5,417;21,448
26,73;426,7;202,3;8,009;5,416;21,444
26,74;426,73;202,334;8,01;5,415;21,439
26,74;426,76;202,368;8,012;5,414;21,435
26,74;426,78;202,403;8,013;5,413;21,431
26,74;426,81;202,437;8,015;5,412;21,427
26,74;426,83;202,47;8,016;5,411;21,423
26,74;426,86;202,504;8,017;5,41;21,419
26,75;426,89;202,538;8,019;5,409;21,415
26,75;426,91;202,572;8,02;5,408;21,411
26,75;426,94;202,606;8,021;5,407;21,407
26,75;426,96;202,639;8,023;5,406;21,402
26,75;426,99;202,672;8,024;5,405;21,398
26,76;427,01;202,706;8,025;5,404;21,394
26,76;427,04;202,739;8,026;5,403;21,39
26,76;427,07;202,772;8,028;5,402;21,386
26,76;427,09;202,805;8,029;5,401;21,382
26,76;427,12;202,837;8,03;5,4;21,378
26,76;427,14;202,87;8,032;5,399;21,374
26,77;427,17;202,902;8,033;5,398;21,37
26,77;427,19;202,935;8,034;5,397;21,365
26,77;427,22;202,968;8,036;5,396;21,361
26,77;427,25;203;8,037;5,395;21,357
26,77;427,27;203,033;8,038;5,394;21,353
26,77;427,3;203,064;8,039;5,392;21,349
26,78;427,32;203,097;8,041;5,391;21,345
26,78;427,35;203,13;8,042;5,39;21,341
26,78;427,37;203,161;8,043;5,389;21,337
26,78;427,4;203,193;8,044;5,388;21,333
26,78;427,42;203,225;8,046;5,387;21,328
26,78;427,45;203,257;8,047;5,386;21,324
26,78;427,48;203,289;8,048;5,385;21,32
26,79;427,5;203,321;8,05;5,384;21,316
26,79;427,53;203,352;8,051;5,383;21,312
26,79;427,55;203,384;8,052;5,382;21,308
26,79;427,58;203,415;8,053;5,381;21,304
26,79;427,6;203,447;8,055;5,38;21,3
26,79;427,63;203,478;8,056;5,379;21,296
26,8;427,66;203,51;8,057;5,378;21,292
26,8;427,68;203,542;8,058;5,377;21,287
26,8;427,71;203,572;8,059;5,376;21,283
26,8;427,73;203,603;8,061;5,375;21,279
26,8;427,76;203,635;8,062;5,374;21,275
26,81;427,78;203,665;8,063;5,373;21,271
26,81;427,81;203,695;8,064;5,372;21,267
26,81;427,84;203,725;8,066;5,371;21,263
26,81;427,86;203,756;8,067;5,37;21,259
26,81;427,89;203,786;8,068;5,369;21,255
26,81;427,91;203,816;8,069;5,368;21,251
26,82;427,94;203,846;8,07;5,367;21,247
26,82;427,96;203,876;8,071;5,366;21,242
26,82;427,99;203,905;8,073;5,365;21,238
26,82;428,01;203,935;8,074;5,364;21,234
26,82;428,04;203,964;8,075;5,362;21,23
26,82;428,07;203,994;8,076;5,361;21,226
26,83;428,09;204,022;8,077;5,36;21,222
26,83;428,12;204,052;8,078;5,359;21,218
26,83;428,14;204,081;8,08;5,358;21,214
26,83;428,17;204,11;8,081;5,357;21,21
26,83;428,19;204,14;8,082;5,356;21,206
26,83;428,22;204,169;8,083;5,355;21,201
26,83;428,24;204,198;8,084;5,354;21,197
26,84;428,27;204,227;8,085;5,353;21,193
26,84;428,3;204,256;8,087;5,352;21,189
26,84;428,32;204,286;8,088;5,351;21,185
26,84;428,35;204,314;8,089;5,35;21,181
26,84;428,37;204,343;8,09;5,349;21,177
26,84;428,4;204,371;8,091;5,348;21,173
26,85;428,42;204,4;8,092;5,347;21,169
26,85;428,45;204,428;8,093;5,346;21,165
26,85;428,47;204,456;8,094;5,345;21,161
26,85;428,5;204,484;8,096;5,344;21,157
26,85;428,52;204,512;8,097;5,343;21,152
26,86;428,55;204,54;8,098;5,342;21,148
26,86;428,58;204,568;8,099;5,341;21,144
26,86;428,6;204,596;8,1;5,34;21,14
26,86;428,63;204,625;8,101;5,339;21,136
26,86;428,65;204,653;8,102;5,338;21,132
26,86;428,68;204,681;8,103;5,337;21,128
26,87;428,7;204,708;8,104;5,336;21,124
26,87;428,73;204,736;8,106;5,335;21,12
26,87;428,75;204,763;8,107;5,334;21,116
26,87;428,78;204,79;8,108;5,333;21,112
26,87;428,8;204,817;8,109;5,331;21,108
26,87;428,83;204,844;8,11;5,33;21,103
26,88;428,86;204,871;8,111;5,329;21,099
26,88;428,88;204,898;8,112;5,328;21,095
26,88;428,91;204,925;8,113;5,327;21,091
26,88;428,93;204,95;8,114;5,326;21,087
26,88;428,96;204,977;8,115;5,325;21,083
26,88;428,98;205,004;8,116;5,324;21,079
26,88;429,01;205,031;8,117;5,323;21,075
26,89;429,03;205,058;8,118;5,322;21,071
26,89;429,06;205,084;8,119;5,321;21,067
26,89;429,08;205,11;8,12;5,32;21,063
26,89;429,11;205,137;8,121;5,319;21,059
26,89;429,13;205,163;8,122;5,318;21,055
26,89;429,16;205,19;8,124;5,317;21,051
26,9;429,19;205,216;8,125;5,316;21,046
26,9;429,21;205,243;8,126;5,315;21,042
26,9;429,24;205,269;8,127;5,314;21,038
26,9;429,26;205,295;8,128;5,313;21,034
26,9;429,29;205,321;8,129;5,312;21,03
26,91;429,31;205,346;8,13;5,311;21,026
26,91;429,34;205,371;8,131;5,31;21,022
26,91;429,36;205,397;8,132;5,309;21,018
26,91;429,39;205,423;8,133;5,308;21,014
26,91;429,41;205,448;8,134;5,307;21,01
26,91;429,44;205,473;8,135;5,306;21,006
26,92;429,46;205,498;8,136;5,305;21,002
26,92;429,49;205,523;8,137;5,304;20,998
26,92;429,51;205,548;8,138;5,303;20,994
26,92;429,54;205,573;8,139;5,302;20,99
26,92;429,57;205,597;8,14;5,301;20,986
26,92;429,59;205,621;8,141;5,3;20,981
26,93;429,62;205,646;8,142;5,299;20,977
26,93;429,64;205,671;8,143;5,298;20,973
26,93;429,67;205,696;8,144;5,297;20,969
26,93;429,69;205,72;8,145;5,296;20,965
26,93;429,72;205,745;8,146;5,295;20,961
26,93;429,74;205,77;8,146;5,293;20,957
26,93;429,77;205,795;8,147;5,292;20,953
26,94;429,79;205,818;8,148;5,291;20,949
26,94;429,82;205,843;8,149;5,29;20,945
26,94;429,84;205,867;8,15;5,289;20,941
26,94;429,87;205,89;8,151;5,288;20,937
26,94;429,89;205,914;8,152;5,287;20,933
26,94;429,92;205,938;8,153;5,286;20,929
26,95;429,94;205,962;8,154;5,285;20,925
26,95;429,97;205,986;8,155;5,284;20,921
26,95;429,99;206,01;8,156;5,283;20,916
26,95;430,02;206,033;8,157;5,282;20,912
26,95;430,05;206,057;8,158;5,281;20,908
26,96;430,07;206,081;8,159;5,28;20,904
26,96;430,1;206,104;8,16;5,279;20,9
26,96;430,12;206,128;8,161;5,278;20,896
26,96;430,15;206,151;8,162;5,277;20,892
26,96;430,17;206,174;8,162;5,276;20,888
26,96;430,2;206,198;8,163;5,275;20,884
26,97;430,22;206,221;8,164;5,274;20,88
26,97;430,25;206,244;8,165;5,273;20,876
26,97;430,27;206,266;8,166;5,272;20,872
26,97;430,3;206,289;8,167;5,271;20,868
26,97;430,32;206,312;8,168;5,27;20,864
26,97;430,35;206,335;8,169;5,269;20,86
26,98;430,37;206,358;8,17;5,268;20,856
26,98;430,4;206,381;8,171;5,267;20,852
26,98;430,42;206,403;8,172;5,266;20,848
26,98;430,45;206,426;8,172;5,265;20,843
26,98;430,47;206,448;8,173;5,264;20,839
26,98;430,5;206,471;8,174;5,263;20,835
26,98;430,52;206,494;8,175;5,262;20,831
26,99;430,55;206,517;8,176;5,261;20,827
26,99;430,57;206,541;8,177;5,26;20,823
26,99;430,6;206,564;8,178;5,259;20,819
26,99;430,62;206,586;8,179;5,258;20,815
26,99;430,65;206,609;8,18;5,257;20,811
26,99;430,68;206,631;8,181;5,256;20,807
27;430,7;206,653;8,181;5,255;20,803
27;430,73;206,675;8,182;5,254;20,799
27;430,75;206,698;8,183;5,252;20,795
27;430,78;206,719;8,184;5,251;20,791
27;430,8;206,742;8,185;5,25;20,787
27,01;430,83;206,764;8,186;5,249;20,783
27,01;430,85;206,787;8,187;5,248;20,779
27,01;430,88;206,81;8,188;5,247;20,774
27,01;430,9;206,832;8,189;5,246;20,77
27,01;430,93;206,854;8,189;5,245;20,766
27,01;430,95;206,876;8,19;5,244;20,762
27,02;430,98;206,898;8,191;5,243;20,758
27,02;431;206,92;8,192;5,242;20,754
27,02;431,03;206,942;8,193;5,241;20,75
27,02;431,05;206,964;8,194;5,24;20,746
27,02;431,08;206,987;8,195;5,239;20,742
27,02;431,1;207,009;8,196;5,238;20,738
27,03;431,13;207,032;8,196;5,237;20,734
27,03;431,15;207,053;8,197;5,236;20,73
27,03;431,18;207,075;8,198;5,235;20,726
27,03;431,2;207,096;8,199;5,234;20,722
27,03;431,23;207,118;8,2;5,233;20,718
27,03;431,25;207,14;8,201;5,232;20,714
27,03;431,28;207,162;8,202;5,231;20,71
27,04;431,3;207,184;8,202;5,23;20,706
27,04;431,33;207,205;8,203;5,229;20,702
27,04;431,35;207,228;8,204;5,228;20,697
27,04;431,38;207,25;8,205;5,227;20,693
27,04;431,4;207,271;8,206;5,226;20,689
27,04;431,43;207,293;8,207;5,225;20,685
27,05;431,45;207,315;8,208;5,224;20,681
27,05;431,48;207,337;8,209;5,223;20,677
27,05;431,5;207,359;8,209;5,222;20,673
27,05;431,53;207,38;8,21;5,221;20,669
27,05;431,56;207,402;8,211;5,22;20,665
27,06;431,58;207,425;8,212;5,219;20,661
27,06;431,61;207,447;8,213;5,218;20,657
27,06;431,63;207,469;8,214;5,217;20,653
27,06;431,66;207,491;8,215;5,216;20,649
27,06;431,68;207,513;8,215;5,215;20,645
27,06;431,71;207,535;8,216;5,214;20,641
27,07;431,73;207,557;8,217;5,213;20,637
27,07;431,76;207,579;8,218;5,212;20,633
27,07;431,78;207,6;8,219;5,211;20,629
27,07;431,81;207,621;8,22;5,209;20,624
27,07;431,83;207,642;8,221;5,208;20,62
27,07;431,86;207,665;8,221;5,207;20,616
27,08;431,88;207,686;8,222;5,206;20,612
27,08;431,91;207,708;8,223;5,205;20,608
27,08;431,93;207,73;8,224;5,204;20,604
27,08;431,96;207,751;8,225;5,203;20,6
27,08;431,98;207,774;8,226;5,202;20,596
27,08;432,01;207,795;8,227;5,201;20,592
27,08;432,03;207,817;8,228;5,2;20,588
27,09;432,06;207,838;8,228;5,199;20,584
27,09;432,08;207,859;8,229;5,198;20,58
27,09;432,11;207,88;8,23;5,197;20,576
27,09;432,13;207,901;8,231;5,196;20,572
27,09;432,16;207,922;8,232;5,195;20,568
27,09;432,18;207,943;8,233;5,194;20,564
27,1;432,21;207,965;8,233;5,193;20,56
27,1;432,23;207,986;8,234;5,192;20,556
27,1;432,26;208,007;8,235;5,191;20,552
27,1;432,28;208,028;8,236;5,19;20,548
27,1;432,31;208,049;8,237;5,189;20,544
27,11;432,33;208,07;8,238;5,188;20,539
27,11;432,36;208,09;8,238;5,187;20,535
27,11;432,38;208,111;8,239;5,186;20,531
27,11;432,41;208,132;8,24;5,185;20,527
27,11;432,44;208,153;8,241;5,184;20,523
27,11;432,46;208,175;8,242;5,183;20,519
27,12;432,49;208,196;8,243;5,182;20,515
27,12;432,51;208,216;8,243;5,181;20,511
27,12;432,54;208,236;8,244;5,18;20,507
27,12;432,56;208,257;8,245;5,179;20,503
27,12;432,59;208,278;8,246;5,178;20,499
27,12;432,61;208,297;8,247;5,177;20,495
27,13;432,64;208,318;8,247;5,176;20,491
27,13;432,66;208,339;8,248;5,175;20,487
27,13;432,69;208,359;8,249;5,174;20,483
27,13;432,71;208,38;8,25;5,173;20,479
27,13;432,74;208,4;8,251;5,172;20,475
27,13;432,76;208,421;8,251;5,171;20,471
27,13;432,79;208,441;8,252;5,17;20,467
27,14;432,81;208,461;8,253;5,169;20,463
27,14;432,84;208,481;8,254;5,168;20,459
27,14;432,86;208,501;8,255;5,167;20,455
27,14;432,89;208,521;8,255;5,166;20,451
27,14;432,91;208,542;8,256;5,165;20,447
27,14;432,94;208,562;8,257;5,164;20,442
27,15;432,96;208,582;8,258;5,162;20,438
27,15;432,99;208,601;8,259;5,161;20,434
27,15;433,01;208,621;8,259;5,16;20,43
27,15;433,04;208,64;8,26;5,159;20,426
27,15;433,06;208,66;8,261;5,158;20,422
27,16;433,09;208,681;8,262;5,157;20,418
27,16;433,11;208,701;8,263;5,156;20,414
27,16;433,14;208,722;8,263;5,155;20,41
27,16;433,16;208,742;8,264;5,154;20,406
27,16;433,19;208,762;8,265;5,153;20,402
27,16;433,21;208,782;8,266;5,152;20,398
27,17;433,24;208,801;8,266;5,151;20,394
27,17;433,26;208,822;8,267;5,15;20,39
27,17;433,29;208,842;8,268;5,149;20,386
27,17;433,31;208,862;8,269;5,148;20,382
27,17;433,34;208,882;8,27;5,147;20,378
27,17;433,36;208,903;8,271;5,146;20,374
27,18;433,39;208,923;8,271;5,145;20,369
27,18;433,41;208,943;8,272;5,144;20,365
27,18;433,44;208,964;8,273;5,143;20,361
27,18;433,46;208,983;8,274;5,142;20,357
27,18;433,49;209,004;8,275;5,141;20,353
27,18;433,52;209,024;8,275;5,14;20,349
27,18;433,54;209,045;8,276;5,139;20,345
27,19;433,57;209,065;8,277;5,138;20,341
27,19;433,59;209,086;8,278;5,137;20,337
27,19;433,62;209,107;8,279;5,136;20,333
27,19;433,64;209,127;8,279;5,135;20,329
27,19;433,67;209,148;8,28;5,134;20,325
27,19;433,69;209,168;8,281;5,133;20,321
27,2;433,72;209,188;8,282;5,132;20,317
27,2;433,74;209,207;8,283;5,131;20,313
27,2;433,77;209,228;8,283;5,13;20,309
27,2;433,79;209,249;8,284;5,129;20,305
27,2;433,82;209,269;8,285;5,128;20,301
27,21;433,84;209,289;8,286;5,127;20,296
27,21;433,87;209,309;8,287;5,126;20,292
27,21;433,89;209,33;8,287;5,125;20,288
27,21;433,92;209,35;8,288;5,124;20,284
27,21;433,94;209,371;8,289;5,123;20,28
27,21;433,97;209,391;8,29;5,121;20,276
27,22;433,99;209,411;8,291;5,12;20,272
27,22;434,02;209,431;8,291;5,119;20,268
27,22;434,04;209,451;8,292;5,118;20,264
27,22;434,07;209,472;8,293;5,117;20,26
27,22;434,09;209,491;8,294;5,116;20,256
27,22;434,12;209,51;8,295;5,115;20,252
27,23;434,14;209,531;8,295;5,114;20,248
27,23;434,17;209,551;8,296;5,113;20,244
27,23;434,19;209,571;8,297;5,112;20,24
27,23;434,22;209,591;8,298;5,111;20,236
27,23;434,24;209,611;8,299;5,11;20,232
27,23;434,27;209,632;8,299;5,109;20,227
27,23;434,29;209,653;8,3;5,108;20,223
27,24;434,32;209,674;8,301;5,107;20,219
27,24;434,34;209,693;8,302;5,106;20,215
27,24;434,37;209,713;8,303;5,105;20,211
27,24;434,39;209,733;8,303;5,104;20,207
27,24;434,42;209,753;8,304;5,103;20,203
27,24;434,44;209,772;8,305;5,102;20,199
27,25;434,47;209,793;8,306;5,101;20,195
27,25;434,5;209,814;8,307;5,1;20,191
27,25;434,52;209,833;8,307;5,099;20,187
27,25;434,55;209,853;8,308;5,098;20,183
27,25;434,57;209,873;8,309;5,097;20,179
27,26;434,6;209,894;8,31;5,096;20,175
27,26;434,62;209,914;8,311;5,095;20,17
27,26;434,65;209,934;8,311;5,094;20,166
27,26;434,67;209,955;8,312;5,093;20,162
27,26;434,7;209,975;8,313;5,092;20,158
27,26;434,72;209,995;8,314;5,091;20,154
27,27;434,75;210,014;8,315;5,09;20,15
27,27;434,77;210,034;8,315;5,089;20,146
27,27;434,8;210,054;8,316;5,088;20,142
27,27;434,82;210,074;8,317;5,087;20,138
27,27;434,85;210,093;8,318;5,086;20,134
27,27;434,87;210,114;8,318;5,085;20,13
27,28;434,9;210,134;8,319;5,083;20,126
27,28;434,92;210,154;8,32;5,082;20,122
27,28;434,95;210,174;8,321;5,081;20,118
27,28;434,97;210,194;8,322;5,08;20,113
27,28;435;210,215;8,322;5,079;20,109
27,28;435,02;210,236;8,323;5,078;20,105
27,28;435,05;210,256;8,324;5,077;20,101
27,29;435,07;210,276;8,325;5,076;20,097
27,29;435,1;210,297;8,326;5,075;20,093
27,29;435,12;210,318;8,327;5,074;20,089
27,29;435,15;210,338;8,327;5,073;20,085
27,29;435,17;210,359;8,328;5,072;20,081
27,29;435,2;210,379;8,329;5,071;20,077
27,3;435,22;210,399;8,33;5,07;20,073
27,3;435,25;210,419;8,331;5,069;20,069
27,3;435,27;210,441;8,331;5,068;20,065
27,3;435,3;210,461;8,332;5,067;20,06
27,3;435,32;210,482;8,333;5,066;20,056
27,31;435,35;210,503;8,334;5,065;20,052
27,31;435,38;210,525;8,335;5,064;20,048
27,31;435,4;210,546;8,336;5,063;20,044
27,31;435,43;210,567;8,336;5,062;20,04
27,31;435,45;210,588;8,337;5,061;20,036
27,31;435,48;210,609;8,338;5,06;20,032
27,32;435,5;210,63;8,339;5,059;20,028
27,32;435,53;210,651;8,34;5,058;20,024
27,32;435,55;210,672;8,341;5,057;20,02
27,32;435,58;210,693;8,341;5,056;20,015
27,32;435,6;210,715;8,342;5,055;20,011
27,32;435,63;210,737;8,343;5,054;20,007
27,33;435,65;210,758;8,344;5,053;20,003
27,33;435,68;210,779;8,345;5,052;19,999
27,33;435,7;210,802;8,346;5,05;19,995
27,33;435,73;210,823;8,347;5,049;19,991
27,33;435,75;210,845;8,347;5,048;19,987
27,33;435,78;210,867;8,348;5,047;19,983
27,33;435,8;210,889;8,349;5,046;19,979
27,34;435,83;210,911;8,35;5,045;19,975
27,34;435,85;210,932;8,351;5,044;19,97
27,34;435,88;210,953;8,352;5,043;19,966
27,34;435,9;210,975;8,353;5,042;19,962
27,34;435,93;210,996;8,353;5,041;19,958
27,34;435,96;211,018;8,354;5,04;19,954
27,35;435,98;211,04;8,355;5,039;19,95
27,35;436,01;211,063;8,356;5,038;19,946
27,35;436,03;211,085;8,357;5,037;19,942
27,35;436,06;211,107;8,358;5,036;19,938
27,35;436,08;211,13;8,359;5,035;19,934
27,36;436,11;211,153;8,36;5,034;19,93
27,36;436,13;211,174;8,36;5,033;19,925
27,36;436,16;211,197;8,361;5,032;19,921
27,36;436,18;211,219;8,362;5,031;19,917
27,36;436,21;211,242;8,363;5,03;19,913
27,36;436,23;211,264;8,364;5,029;19,909
27,37;436,26;211,287;8,365;5,028;19,905
27,37;436,28;211,309;8,366;5,027;19,901
27,37;436,31;211,332;8,367;5,026;19,897
27,37;436,33;211,355;8,368;5,025;19,893
27,37;436,36;211,377;8,368;5,024;19,889
27,37;436,39;211,401;8,369;5,023;19,885
27,38;436,41;211,423;8,37;5,022;19,88
27,38;436,44;211,446;8,371;5,021;19,876
27,38;436,46;211,47;8,372;5,019;19,872
27,38;436,49;211,493;8,373;5,018;19,868
27,38;436,51;211,516;8,374;5,017;19,864
27,38;436,54;211,539;8,375;5,016;19,86
27,38;436,56;211,562;8,376;5,015;19,856
27,39;436,59;211,584;8,377;5,014;19,852
27,39;436,61;211,608;8,378;5,013;19,847
27,39;436,64;211,632;8,379;5,012;19,843
27,39;436,66;211,655;8,379;5,011;19,839
27,39;436,69;211,678;8,38;5,01;19,835
27,39;436,71;211,703;8,381;5,009;19,831
27,4;436,74;211,726;8,382;5,008;19,827
27,4;436,77;211,749;8,383;5,007;19,823
27,4;436,79;211,772;8,384;5,006;19,819
27,4;436,82;211,796;8,385;5,005;19,815
27,4;436,84;211,819;8,386;5,004;19,81
27,41;436,87;211,843;8,387;5,003;19,806
27,41;436,89;211,866;8,388;5,002;19,802
27,41;436,92;211,89;8,389;5,001;19,798
27,41;436,94;211,913;8,39;5;19,794
27,41;436,97;211,936;8,391;4,999;19,79
27,41;436,99;211,96;8,392;4,998;19,786
27,42;437,02;211,984;8,393;4,997;19,782
27,42;437,04;212,008;8,393;4,996;19,778
27,42;437,07;212,031;8,394;4,995;19,773
27,42;437,09;212,054;8,395;4,993;19,769
27,42;437,12;212,078;8,396;4,992;19,765
27,42;437,15;212,102;8,397;4,991;19,761
27,43;437,17;212,125;8,398;4,99;19,757
27,43;437,2;212,149;8,399;4,989;19,753
27,43;437,22;212,173;8,4;4,988;19,749
27,43;437,25;212,196;8,401;4,987;19,744
27,43;437,27;212,219;8,402;4,986;19,74
27,43;437,3;212,243;8,403;4,985;19,736
27,43;437,32;212,267;8,404;4,984;19,732
27,44;437,35;212,291;8,405;4,983;19,728
27,44;437,37;212,315;8,406;4,982;19,724
27,44;437,4;212,339;8,407;4,981;19,72
27,44;437,42;212,363;8,408;4,98;19,715
27,44;437,45;212,388;8,408;4,979;19,711
27,44;437,47;212,411;8,409;4,978;19,707
27,45;437,5;212,436;8,41;4,977;19,703
27,45;437,52;212,46;8,411;4,976;19,699
27,45;437,55;212,485;8,412;4,975;19,695
27,45;437,58;212,509;8,413;4,974;19,691
27,45;437,6;212,532;8,414;4,973;19,686
27,46;437,63;212,557;8,415;4,972;19,682
27,46;437,65;212,581;8,416;4,97;19,678
27,46;437,68;212,606;8,417;4,969;19,674
27,46;437,7;212,63;8,418;4,968;19,67
27,46;437,73;212,655;8,419;4,967;19,666
27,46;437,75;212,68;8,42;4,966;19,662
27,47;437,78;212,705;8,421;4,965;19,657
27,47;437,8;212,73;8,422;4,964;19,653
27,47;437,83;212,754;8,423;4,963;19,649
27,47;437,85;212,779;8,424;4,962;19,645
27,47;437,88;212,803;8,425;4,961;19,641
27,47;437,9;212,827;8,426;4,96;19,637
27,48;437,93;212,853;8,427;4,959;19,633
27,48;437,96;212,878;8,428;4,958;19,628
27,48;437,98;212,902;8,429;4,957;19,624
27,48;438,01;212,928;8,43;4,956;19,62
27,48;438,03;212,953;8,431;4,955;19,616
27,48;438,06;212,978;8,432;4,954;19,612
27,48;438,08;213,004;8,433;4,953;19,608
27,49;438,11;213,03;8,434;4,952;19,603
27,49;438,13;213,056;8,435;4,951;19,599
27,49;438,16;213,081;8,436;4,949;19,595
27,49;438,18;213,107;8,437;4,948;19,591
27,49;438,21;213,133;8,438;4,947;19,587
27,49;438,24;213,158;8,439;4,946;19,583
27,5;438,26;213,184;8,44;4,945;19,578
27,5;438,29;213,209;8,441;4,944;19,574
27,5;438,31;213,235;8,442;4,943;19,57
27,5;438,34;213,262;8,443;4,942;19,566
27,5;438,36;213,288;8,444;4,941;19,562
27,51;438,39;213,314;8,445;4,94;19,558
27,51;438,41;213,341;8,446;4,939;19,554
27,51;438,44;213,367;8,447;4,938;19,549
27,51;438,46;213,395;8,448;4,937;19,545
27,51;438,49;213,421;8,449;4,936;19,541
27,51;438,52;213,448;8,45;4,935;19,537
27,52;438,54;213,475;8,452;4,934;19,533
27,52;438,57;213,502;8,453;4,933;19,529
27,52;438,59;213,529;8,454;4,932;19,524
27,52;438,62;213,556;8,455;4,931;19,52
27,52;438,64;213,582;8,456;4,93;19,516
27,52;438,67;213,61;8,457;4,928;19,512
27,53;438,69;213,637;8,458;4,927;19,508
27,53;438,72;213,665;8,459;4,926;19,504
27,53;438,75;213,692;8,46;4,925;19,499
27,53;438,77;213,718;8,461;4,924;19,495
27,53;438,8;213,745;8,462;4,923;19,491
27,53;438,82;213,772;8,463;4,922;19,487
27,53;438,85;213,8;8,464;4,921;19,483
27,54;438,87;213,827;8,465;4,92;19,479
27,54;438,9;213,854;8,467;4,919;19,474
27,54;438,92;213,881;8,468;4,918;19,47
27,54;438,95;213,909;8,469;4,917;19,466
27,54;438,98;213,937;8,47;4,916;19,462
27,54;439;213,964;8,471;4,915;19,458
27,55;439,03;213,992;8,472;4,914;19,453
27,55;439,05;214,02;8,473;4,913;19,449
27,55;439,08;214,049;8,474;4,912;19,445
27,55;439,1;214,078;8,475;4,911;19,441
27,55;439,13;214,106;8,477;4,909;19,437
27,56;439,16;214,134;8,478;4,908;19,433
27,56;439,18;214,162;8,479;4,907;19,428
27,56;439,21;214,189;8,48;4,906;19,424
27,56;439,23;214,217;8,481;4,905;19,42
27,56;439,26;214,246;8,482;4,904;19,416
27,56;439,28;214,274;8,483;4,903;19,412
27,57;439,31;214,302;8,484;4,902;19,408
27,57;439,33;214,33;8,485;4,901;19,403
27,57;439,36;214,358;8,486;4,9;19,399
27,57;439,39;214,387;8,488;4,899;19,395
27,57;439,41;214,415;8,489;4,898;19,391
27,57;439,44;214,444;8,49;4,897;19,387
27,58;439,46;214,473;8,491;4,896;19,382
27,58;439,49;214,501;8,492;4,895;19,378
27,58;439,51;214,53;8,493;4,894;19,374
27,58;439,54;214,559;8,494;4,893;19,37
27,58;439,57;214,588;8,496;4,892;19,366
27,58;439,59;214,617;8,497;4,89;19,361
27,58;439,62;214,646;8,498;4,889;19,357
27,59;439,64;214,675;8,499;4,888;19,353
27,59;439,67;214,704;8,5;4,887;19,349
27,59;439,69;214,733;8,501;4,886;19,345
27,59;439,72;214,763;8,503;4,885;19,34
27,59;439,74;214,792;8,504;4,884;19,336
27,59;439,77;214,821;8,505;4,883;19,332
27,6;439,8;214,851;8,506;4,882;19,328
27,6;439,82;214,881;8,507;4,881;19,324
27,6;439,85;214,91;8,508;4,88;19,32
27,6;439,87;214,939;8,509;4,879;19,315
27,6;439,9;214,968;8,511;4,878;19,311
27,61;439,92;214,998;8,512;4,877;19,307
27,61;439,95;215,027;8,513;4,876;19,303
27,61;439,98;215,057;8,514;4,875;19,299
27,61;440;215,086;8,515;4,874;19,294
27,61;440,03;215,117;8,517;4,872;19,29
27,61;440,05;215,147;8,518;4,871;19,286
27,62;440,08;215,177;8,519;4,87;19,282
27,62;440,1;215,207;8,52;4,869;19,278
27,62;440,13;215,237;8,521;4,868;19,273
27,62;440,16;215,268;8,523;4,867;19,269
27,62;440,18;215,298;8,524;4,866;19,265
27,62;440,21;215,328;8,525;4,865;19,261
27,63;440,23;215,357;8,526;4,864;19,257
27,63;440,26;215,387;8,527;4,863;19,252
27,63;440,28;215,417;8,528;4,862;19,248
27,63;440,31;215,446;8,53;4,861;19,244
27,63;440,34;215,476;8,531;4,86;19,24
27,63;440,36;215,507;8,532;4,859;19,235
27,63;440,39;215,537;8,533;4,858;19,231
27,64;440,41;215,567;8,534;4,857;19,227
27,64;440,44;215,598;8,536;4,855;19,223
27,64;440,46;215,629;8,537;4,854;19,219
27,64;440,49;215,66;8,538;4,853;19,214
27,64;440,52;215,69;8,539;4,852;19,21
27,64;440,54;215,721;8,54;4,851;19,206
27,65;440,57;215,752;8,542;4,85;19,202
27,65;440,59;215,783;8,543;4,849;19,198
27,65;440,62;215,814;8,544;4,848;19,193
27,65;440,64;215,845;8,545;4,847;19,189
27,65;440,67;215,875;8,547;4,846;19,185
27,66;440,7;215,907;8,548;4,845;19,181
27,66;440,72;215,938;8,549;4,844;19,176
27,66;440,75;215,968;8,55;4,843;19,172
27,66;440,77;215,999;8,551;4,842;19,168
27,66;440,8;216,03;8,553;4,841;19,164
27,66;440,82;216,061;8,554;4,839;19,16
27,67;440,85;216,093;8,555;4,838;19,155
27,67;440,88;216,124;8,556;4,837;19,151
27,67;440,9;216,155;8,558;4,836;19,147
27,67;440,93;216,187;8,559;4,835;19,143
27,67;440,95;216,219;8,56;4,834;19,138
27,67;440,98;216,251;8,561;4,833;19,134
27,68;441,01;216,283;8,563;4,832;19,13
27,68;441,03;216,313;8,564;4,831;19,126
27,68;441,06;216,345;8,565;4,83;19,121
27,68;441,08;216,377;8,566;4,829;19,117
27,68;441,11;216,409;8,568;4,828;19,113
27,68;441,13;216,442;8,569;4,827;19,109
27,68;441,16;216,474;8,57;4,826;19,105
27,69;441,19;216,506;8,572;4,824;19,1
27,69;441,21;216,538;8,573;4,823;19,096
27,69;441,24;216,57;8,574;4,822;19,092
27,69;441,26;216,601;8,575;4,821;19,088
27,69;441,29;216,634;8,577;4,82;19,083
27,69;441,32;216,666;8,578;4,819;19,079
27,7;441,34;216,698;8,579;4,818;19,075
27,7;441,37;216,731;8,58;4,817;19,071
27,7;441,39;216,763;8,582;4,816;19,066
27,7;441,42;216,796;8,583;4,815;19,062
27,7;441,44;216,829;8,584;4,814;19,058
27,71;441,47;216,861;8,586;4,813;19,054
27,71;441,5;216,894;8,587;4,812;19,049
27,71;441,52;216,926;8,588;4,811;19,045
27,71;441,55;216,959;8,589;4,81;19,041
27,71;441,57;216,992;8,591;4,808;19,037
27,71;441,6;217,025;8,592;4,807;19,033
27,72;441,63;217,058;8,593;4,806;19,028
27,72;441,65;217,09;8,595;4,805;19,024
27,72;441,68;217,122;8,596;4,804;19,02
27,72;441,7;217,156;8,597;4,803;19,016
27,72;441,73;217,189;8,599;4,802;19,011
27,72;441,75;217,221;8,6;4,801;19,007
27,73;441,78;217,255;8,601;4,8;19,003
27,73;441,81;217,288;8,602;4,799;18,999
27,73;441,83;217,321;8,604;4,798;18,994
27,73;441,86;217,354;8,605;4,797;18,99
27,73;441,88;217,388;8,606;4,796;18,986
27,73;441,91;217,42;8,608;4,795;18,982
27,73;441,94;217,453;8,609;4,793;18,977
27,74;441,96;217,486;8,61;4,792;18,973
27,74;441,99;217,519;8,612;4,791;18,969
27,74;442,01;217,552;8,613;4,79;18,965
27,74;442,04;217,586;8,614;4,789;18,96
27,74;442,06;217,621;8,616;4,788;18,956
27,74;442,09;217,654;8,617;4,787;18,952
27,75;442,12;217,687;8,618;4,786;18,948
27,75;442,14;217,721;8,62;4,785;18,943
27,75;442,17;217,754;8,621;4,784;18,939
27,75;442,19;217,788;8,622;4,783;18,935
27,75;442,22;217,821;8,624;4,782;18,931
27,76;442,25;217,854;8,625;4,781;18,926
27,76;442,27;217,889;8,626;4,78;18,922
27,76;442,3;217,922;8,628;4,778;18,918
27,76;442,32;217,956;8,629;4,777;18,914
27,76;442,35;217,99;8,63;4,776;18,909
27,76;442,38;218,024;8,632;4,775;18,905
27,77;442,4;218,058;8,633;4,774;18,901
27,77;442,43;218,091;8,634;4,773;18,897
27,77;442,45;218,124;8,636;4,772;18,892
27,77;442,48;218,158;8,637;4,771;18,888
27,77;442,5;218,192;8,638;4,77;18,884
27,77;442,53;218,227;8,64;4,769;18,88
27,78;442,56;218,261;8,641;4,768;18,875
27,78;442,58;218,295;8,642;4,767;18,871
27,78;442,61;218,329;8,644;4,766;18,867
27,78;442,63;218,363;8,645;4,764;18,863
27,78;442,66;218,398;8,646;4,763;18,858
27,78;442,69;218,433;8,648;4,762;18,854
27,78;442,71;218,467;8,649;4,761;18,85
27,79;442,74;218,501;8,651;4,76;18,846
27,79;442,76;218,536;8,652;4,759;18,841
27,79;442,79;218,57;8,653;4,758;18,837
27,79;442,82;218,605;8,655;4,757;18,833
27,79;442,84;218,64;8,656;4,756;18,829
27,79;442,87;218,675;8,657;4,755;18,824
27,8;442,89;218,71;8,659;4,754;18,82
27,8;442,92;218,745;8,66;4,753;18,816
27,8;442,95;218,779;8,662;4,752;18,812
27,8;442,97;218,813;8,663;4,751;18,807
27,8;443;218,848;8,664;4,749;18,803
27,81;443,02;218,883;8,666;4,748;18,799
27,81;443,05;218,918;8,667;4,747;18,795
27,81;443,08;218,952;8,668;4,746;18,79
27,81;443,1;218,986;8,67;4,745;18,786
27,81;443,13;219,021;8,671;4,744;18,782
27,81;443,15;219,055;8,672;4,743;18,778
27,82;443,18;219,09;8,674;4,742;18,773
27,82;443,21;219,125;8,675;4,741;18,769
27,82;443,23;219,159;8,677;4,74;18,765
27,82;443,26;219,194;8,678;4,739;18,761
27,82;443,28;219,229;8,679;4,738;18,756
27,82;443,31;219,264;8,681;4,737;18,752
27,83;443,34;219,299;8,682;4,735;18,748
27,83;443,36;219,332;8,683;4,734;18,744
27,83;443,39;219,367;8,685;4,733;18,739
27,83;443,41;219,402;8,686;4,732;18,735
27,83;443,44;219,438;8,688;4,731;18,731
27,83;443,47;219,473;8,689;4,73;18,726
27,83;443,49;219,509;8,69;4,729;18,722
27,84;443,52;219,544;8,692;4,728;18,718
27,84;443,54;219,579;8,693;4,727;18,714
27,84;443,57;219,613;8,695;4,726;18,709
27,84;443,6;219,65;8,696;4,725;18,705
27,84;443,62;219,685;8,697;4,724;18,701
27,84;443,65;219,721;8,699;4,723;18,697
27,85;443,67;219,756;8,7;4,721;18,692
27,85;443,7;219,791;8,702;4,72;18,688
27,85;443,73;219,827;8,703;4,719;18,684
27,85;443,75;219,863;8,704;4,718;18,679
27,85;443,78;219,899;8,706;4,717;18,675
27,86;443,8;219,935;8,707;4,716;18,671
27,86;443,83;219,971;8,709;4,715;18,667
27,86;443,86;220,006;8,71;4,714;18,662
27,86;443,88;220,042;8,712;4,713;18,658
27,86;443,91;220,078;8,713;4,712;18,654
27,86;443,93;220,114;8,714;4,711;18,65
27,87;443,96;220,15;8,716;4,71;18,645
27,87;443,99;220,186;8,717;4,709;18,641
27,87;444,01;220,221;8,719;4,707;18,637
27,87;444,04;220,257;8,72;4,706;18,633
27,87;444,06;220,294;8,721;4,705;18,628
27,87;444,09;220,33;8,723;4,704;18,624
27,88;444,12;220,366;8,724;4,703;18,62
27,88;444,14;220,401;8,726;4,702;18,615
27,88;444,17;220,437;8,727;4,701;18,611
27,88;444,19;220,473;8,729;4,7;18,607
27,88;444,22;220,509;8,73;4,699;18,603
27,88;444,25;220,545;8,731;4,698;18,598
27,88;444,27;220,581;8,733;4,697;18,594
27,89;444,3;220,618;8,734;4,696;18,59
27,89;444,33;220,654;8,736;4,694;18,586
27,89;444,35;220,69;8,737;4,693;18,581
27,89;444,38;220,727;8,739;4,692;18,577
27,89;444,4;220,765;8,74;4,691;18,573
27,89;444,43;220,801;8,742;4,69;18,569
27,9;444,46;220,838;8,743;4,689;18,564
27,9;444,48;220,874;8,744;4,688;18,56
27,9;444,51;220,911;8,746;4,687;18,556
27,9;444,53;220,947;8,747;4,686;18,551
27,9;444,56;220,985;8,749;4,685;18,547
27,91;444,59;221,022;8,75;4,684;18,543
27,91;444,61;221,058;8,752;4,683;18,539
27,91;444,64;221,094;8,753;4,682;18,534
27,91;444,66;221,132;8,755;4,68;18,53
27,91;444,69;221,17;8,756;4,679;18,526
27,91;444,72;221,207;8,758;4,678;18,521
27,92;444,74;221,243;8,759;4,677;18,517
27,92;444,77;221,28;8,761;4,676;18,513
27,92;444,79;221,316;8,762;4,675;18,509
27,92;444,82;221,354;8,763;4,674;18,504
27,92;444,85;221,391;8,765;4,673;18,5
27,92;444,87;221,427;8,766;4,672;18,496
27,93;444,9;221,464;8,768;4,671;18,491
27,93;444,93;221,501;8,769;4,67;18,487
27,93;444,95;221,538;8,771;4,669;18,483
27,93;444,98;221,575;8,772;4,667;18,479
27,93;445;221,612;8,774;4,666;18,474
27,93;445,03;221,649;8,775;4,665;18,47
27,93;445,06;221,687;8,777;4,664;18,466
27,94;445,08;221,723;8,778;4,663;18,462
27,94;445,11;221,76;8,78;4,662;18,457
27,94;445,13;221,796;8,781;4,661;18,453
27,94;445,16;221,833;8,782;4,66;18,449
27,94;445,19;221,871;8,784;4,659;18,444
27,94;445,21;221,908;8,785;4,658;18,44
27,95;445,24;221,944;8,787;4,657;18,436
27,95;445,26;221,98;8,788;4,656;18,432
27,95;445,29;222,017;8,79;4,654;18,427
27,95;445,32;222,056;8,791;4,653;18,423
27,95;445,34;222,093;8,793;4,652;18,419
27,96;445,37;222,129;8,794;4,651;18,414
27,96;445,39;222,166;8,796;4,65;18,41
27,96;445,42;222,203;8,797;4,649;18,406
27,96;445,45;222,242;8,799;4,648;18,401
27,96;445,47;222,279;8,8;4,647;18,397
27,96;445,5;222,317;8,802;4,646;18,393
27,97;445,53;222,355;8,803;4,645;18,389
27,97;445,55;222,393;8,805;4,644;18,384
27,97;445,58;222,431;8,806;4,643;18,38
27,97;445,6;222,468;8,808;4,641;18,376
27,97;445,63;222,505;8,809;4,64;18,371
27,97;445,66;222,543;8,811;4,639;18,367
27,98;445,68;222,58;8,812;4,638;18,363
27,98;445,71;222,618;8,813;4,637;18,359
27,98;445,73;222,656;8,815;4,636;18,354
27,98;445,76;222,693;8,816;4,635;18,35
27,98;445,79;222,73;8,818;4,634;18,346
27,98;445,81;222,769;8,819;4,633;18,341
27,98;445,84;222,806;8,821;4,632;18,337
27,99;445,86;222,844;8,822;4,631;18,333
27,99;445,89;222,88;8,824;4,63;18,329
27,99;445,92;222,918;8,825;4,629;18,324
27,99;445,94;222,956;8,827;4,627;18,32
27,99;445,97;222,994;8,828;4,626;18,316
27,99;446;223,032;8,83;4,625;18,312
28;446,02;223,07;8,831;4,624;18,307
28;446,05;223,108;8,833;4,623;18,303
28;446,07;223,145;8,834;4,622;18,299
28;446,1;223,184;8,836;4,621;18,294
28;446,13;223,221;8,837;4,62;18,29
28,01;446,15;223,258;8,839;4,619;18,286
28,01;446,18;223,296;8,84;4,618;18,282
28,01;446,2;223,333;8,842;4,617;18,277
28,01;446,23;223,371;8,843;4,616;18,273
28,01;446,26;223,409;8,845;4,614;18,269
28,01;446,28;223,446;8,846;4,613;18,264
28,02;446,31;223,483;8,848;4,612;18,26
28,02;446,33;223,521;8,849;4,611;18,256
28,02;446,36;223,558;8,851;4,61;18,251
28,02;446,39;223,596;8,852;4,609;18,247
28,02;446,41;223,633;8,854;4,608;18,243
28,02;446,44;223,671;8,855;4,607;18,239
28,03;446,47;223,708;8,857;4,606;18,234
28,03;446,49;223,746;8,858;4,605;18,23
28,03;446,52;223,784;8,86;4,604;18,226
28,03;446,54;223,822;8,861;4,602;18,221
28,03;446,57;223,861;8,863;4,601;18,217
28,03;446,6;223,899;8,864;4,6;18,213
28,03;446,62;223,937;8,866;4,599;18,209
28,04;446,65;223,976;8,867;4,598;18,204
28,04;446,68;224,013;8,869;4,597;18,2
28,04;446,7;224,051;8,87;4,596;18,196
28,04;446,73;224,089;8,872;4,595;18,191
28,04;446,75;224,127;8,873;4,594;18,187
28,04;446,78;224,165;8,875;4,593;18,183
28,05;446,81;224,203;8,876;4,592;18,178
28,05;446,83;224,24;8,878;4,591;18,174
28,05;446,86;224,278;8,879;4,589;18,17
28,05;446,88;224,316;8,881;4,588;18,166
28,05;446,91;224,354;8,882;4,587;18,161
28,06;446,94;224,393;8,884;4,586;18,157
28,06;446,96;224,432;8,885;4,585;18,153
28,06;446,99;224,47;8,887;4,584;18,148
28,06;447,02;224,507;8,888;4,583;18,144
28,06;447,04;224,545;8,89;4,582;18,14
28,06;447,07;224,584;8,891;4,581;18,135
28,07;447,09;224,623;8,893;4,58;18,131
28,07;447,12;224,661;8,894;4,579;18,127
28,07;447,15;224,7;8,896;4,578;18,122
28,07;447,17;224,739;8,897;4,576;18,118
28,07;447,2;224,778;8,899;4,575;18,114
28,07;447,23;224,817;8,901;4,574;18,11
28,08;447,25;224,855;8,902;4,573;18,105
28,08;447,28;224,893;8,904;4,572;18,101
28,08;447,3;224,932;8,905;4,571;18,097
28,08;447,33;224,97;8,907;4,57;18,092
28,08;447,36;225,009;8,908;4,569;18,088
28,08;447,38;225,048;8,91;4,568;18,084
28,08;447,41;225,087;8,911;4,567;18,079
28,09;447,43;225,126;8,913;4,566;18,075
28,09;447,46;225,166;8,914;4,564;18,071
28,09;447,49;225,205;8,916;4,563;18,066
28,09;447,51;225,244;8,917;4,562;18,062
28,09;447,54;225,284;8,919;4,561;18,058
28,09;447,57;225,323;8,921;4,56;18,053
28,1;447,59;225,362;8,922;4,559;18,049
28,1;447,62;225,402;8,924;4,558;18,045
28,1;447,65;225,441;8,925;4,557;18,04
28,1;447,67;225,48;8,927;4,556;18,036
28,1;447,7;225,518;8,928;4,555;18,032
28,11;447,72;225,558;8,93;4,554;18,027
28,11;447,75;225,598;8,931;4,552;18,023
28,11;447,78;225,637;8,933;4,551;18,019
28,11;447,8;225,677;8,935;4,55;18,015
28,11;447,83;225,716;8,936;4,549;18,01
28,11;447,85;225,756;8,938;4,548;18,006
28,12;447,88;225,795;8,939;4,547;18,002
28,12;447,91;225,834;8,941;4,546;17,997
28,12;447,93;225,874;8,942;4,545;17,993
28,12;447,96;225,913;8,944;4,544;17,989
28,12;447,99;225,953;8,946;4,543;17,984
28,12;448,01;225,994;8,947;4,541;17,98
28,13;448,04;226,033;8,949;4,54;17,976
28,13;448,06;226,072;8,95;4,539;17,971
28,13;448,09;226,112;8,952;4,538;17,967
28,13;448,12;226,151;8,953;4,537;17,963
28,13;448,14;226,191;8,955;4,536;17,958
28,13;448,17;226,231;8,957;4,535;17,954
28,13;448,2;226,27;8,958;4,534;17,95
28,14;448,22;226,309;8,96;4,533;17,945
28,14;448,25;226,349;8,961;4,532;17,941
28,14;448,27;226,388;8,963;4,531;17,937
28,14;448,3;226,428;8,964;4,529;17,932
28,14;448,33;226,468;8,966;4,528;17,928
28,14;448,35;226,507;8,967;4,527;17,924
28,15;448,38;226,546;8,969;4,526;17,919
28,15;448,41;226,586;8,971;4,525;17,915
28,15;448,43;226,625;8,972;4,524;17,911
28,15;448,46;226,664;8,974;4,523;17,906
28,15;448,48;226,704;8,975;4,522;17,902
28,16;448,51;226,743;8,977;4,521;17,898
28,16;448,54;226,782;8,978;4,52;17,893
28,16;448,56;226,822;8,98;4,519;17,889
28,16;448,59;226,861;8,981;4,517;17,885
28,16;448,62;226,901;8,983;4,516;17,88
28,16;448,64;226,94;8,985;4,515;17,876
28,17;448,67;226,98;8,986;4,514;17,872
28,17;448,69;227,019;8,988;4,513;17,867
28,17;448,72;227,058;8,989;4,512;17,863
28,17;448,75;227,097;8,991;4,511;17,859
28,17;448,77;227,136;8,992;4,51;17,854
28,17;448,8;227,176;8,994;4,509;17,85
28,18;448,82;227,216;8,996;4,508;17,846
28,18;448,85;227,255;8,997;4,507;17,841
28,18;448,88;227,294;8,999;4,505;17,837
28,18;448,9;227,334;9;4,504;17,833
28,18;448,93;227,373;9,002;4,503;17,828
28,18;448,96;227,413;9,003;4,502;17,824
28,18;448,98;227,454;9,005;4,501;17,82
28,19;449,01;227,494;9,007;4,5;17,815
28,19;449,03;227,534;9,008;4,499;17,811
28,19;449,06;227,574;9,01;4,498;17,807
28,19;449,09;227,614;9,011;4,497;17,802
28,19;449,11;227,654;9,013;4,496;17,798
28,19;449,14;227,693;9,014;4,494;17,794
28,2;449,17;227,732;9,016;4,493;17,789
28,2;449,19;227,771;9,018;4,492;17,785
28,2;449,22;227,811;9,019;4,491;17,781
28,2;449,24;227,85;9,021;4,49;17,776
28,2;449,27;227,89;9,022;4,489;17,772
28,21;449,3;227,929;9,024;4,488;17,768
28,21;449,32;227,969;9,025;4,487;17,763
28,21;449,35;228,008;9,027;4,486;17,759
28,21;449,38;228,049;9,029;4,485;17,755
28,21;449,4;228,088;9,03;4,484;17,75
28,21;449,43;228,129;9,032;4,482;17,746
28,22;449,45;228,169;9,033;4,481;17,742
28,22;449,48;228,208;9,035;4,48;17,737
28,22;449,51;228,248;9,036;4,479;17,733
28,22;449,53;228,288;9,038;4,478;17,729
28,22;449,56;228,328;9,04;4,477;17,724
28,22;449,58;228,368;9,041;4,476;17,72
28,23;449,61;228,408;9,043;4,475;17,716
28,23;449,64;228,447;9,044;4,474;17,711
28,23;449,66;228,487;9,046;4,473;17,707
28,23;449,69;228,528;9,047;4,471;17,703
28,23;449,72;228,567;9,049;4,47;17,698
28,23;449,74;228,607;9,051;4,469;17,694
28,23;449,77;228,646;9,052;4,468;17,69
28,24;449,79;228,687;9,054;4,467;17,685
28,24;449,82;228,728;9,055;4,466;17,681
28,24;449,85;228,768;9,057;4,465;17,677
28,24;449,87;228,807;9,059;4,464;17,672
28,24;449,9;228,847;9,06;4,463;17,668
28,24;449,93;228,887;9,062;4,462;17,664
28,25;449,95;228,927;9,063;4,461;17,659
28,25;449,98;228,967;9,065;4,459;17,655
28,25;450;229,007;9,066;4,458;17,651
28,25;450,03;229,047;9,068;4,457;17,646
28,25;450,06;229,086;9,07;4,456;17,642
28,26;450,08;229,127;9,071;4,455;17,638
28,26;450,11;229,166;9,073;4,454;17,633
28,26;450,14;229,207;9,074;4,453;17,629
28,26;450,16;229,247;9,076;4,452;17,625
28,26;450,19;229,287;9,078;4,451;17,62
28,26;450,21;229,327;9,079;4,45;17,616
28,27;450,24;229,367;9,081;4,448;17,612
28,27;450,27;229,406;9,082;4,447;17,607
28,27;450,29;229,446;9,084;4,446;17,603
28,27;450,32;229,486;9,085;4,445;17,599
28,27;450,35;229,527;9,087;4,444;17,594
28,27;450,37;229,567;9,089;4,443;17,59
28,28;450,4;229,606;9,09;4,442;17,586
28,28;450,43;229,645;9,092;4,441;17,581
28,28;450,45;229,686;9,093;4,44;17,577
28,28;450,48;229,727;9,095;4,439;17,573
28,28;450,5;229,766;9,097;4,438;17,568
28,28;450,53;229,807;9,098;4,436;17,564
28,28;450,56;229,846;9,1;4,435;17,559
28,29;450,58;229,886;9,101;4,434;17,555
28,29;450,61;229,927;9,103;4,433;17,551
28,29;450,64;229,967;9,104;4,432;17,546
28,29;450,66;230,007;9,106;4,431;17,542
28,29;450,69;230,046;9,108;4,43;17,538
28,29;450,71;230,086;9,109;4,429;17,533
28,3;450,74;230,126;9,111;4,428;17,529
28,3;450,77;230,166;9,112;4,427;17,525
28,3;450,79;230,206;9,114;4,425;17,52
28,3;450,82;230,247;9,116;4,424;17,516
28,3;450,85;230,287;9,117;4,423;17,512
28,31;450,87;230,327;9,119;4,422;17,507
28,31;450,9;230,367;9,12;4,421;17,503
28,31;450,92;230,407;9,122;4,42;17,499
28,31;450,95;230,448;9,123;4,419;17,494
28,31;450,98;230,488;9,125;4,418;17,49
28,31;451;230,528;9,127;4,417;17,486
28,32;451,03;230,568;9,128;4,416;17,481
28,32;451,05;230,607;9,13;4,414;17,477
28,32;451,08;230,648;9,131;4,413;17,473
28,32;451,11;230,688;9,133;4,412;17,468
28,32;451,13;230,728;9,135;4,411;17,464
28,32;451,16;230,769;9,136;4,41;17,46
28,33;451,19;230,809;9,138;4,409;17,455
28,33;451,21;230,85;9,139;4,408;17,451
28,33;451,24;230,891;9,141;4,407;17,447
28,33;451,27;230,932;9,143;4,406;17,442
28,33;451,29;230,972;9,144;4,405;17,438
28,33;451,32;231,013;9,146;4,403;17,434
28,33;451,34;231,053;9,147;4,402;17,429
28,34;451,37;231,094;9,149;4,401;17,425
28,34;451,4;231,135;9,151;4,4;17,421
28,34;451,42;231,175;9,152;4,399;17,416
28,34;451,45;231,214;9,154;4,398;17,412
28,34;451,48;231,255;9,155;4,397;17,408
28,34;451,5;231,295;9,157;4,396;17,403
28,35;451,53;231,335;9,159;4,395;17,399
28,35;451,55;231,376;9,16;4,394;17,394
28,35;451,58;231,417;9,162;4,393;17,39
28,35;451,61;231,457;9,163;4,391;17,386
28,35;451,63;231,497;9,165;4,39;17,381
28,36;451,66;231,536;9,167;4,389;17,377
28,36;451,69;231,578;9,168;4,388;17,373
28,36;451,71;231,618;9,17;4,387;17,368
28,36;451,74;231,659;9,171;4,386;17,364
28,36;451,76;231,699;9,173;4,385;17,36
28,36;451,79;231,74;9,175;4,384;17,355
28,37;451,82;231,78;9,176;4,383;17,351
28,37;451,84;231,82;9,178;4,382;17,347
28,37;451,87;231,861;9,179;4,38;17,342
28,37;451,9;231,902;9,181;4,379;17,338
28,37;451,92;231,941;9,183;4,378;17,334
28,37;451,95;231,983;9,184;4,377;17,329
28,38;451,97;232,024;9,186;4,376;17,325
28,38;452;232,064;9,187;4,375;17,321
28,38;452,03;232,105;9,189;4,374;17,316
28,38;452,05;232,145;9,191;4,373;17,312
28,38;452,08;232,186;9,192;4,372;17,308
28,38;452,11;232,226;9,194;4,371;17,303
28,38;452,13;232,267;9,195;4,369;17,299
28,39;452,16;232,307;9,197;4,368;17,295
28,39;452,18;232,347;9,199;4,367;17,29
28,39;452,21;232,388;9,2;4,366;17,286
28,39;452,24;232,429;9,202;4,365;17,281
28,39;452,26;232,469;9,203;4,364;17,277
28,39;452,29;232,509;9,205;4,363;17,273
28,4;452,32;232,549;9,207;4,362;17,268
28,4;452,34;232,591;9,208;4,361;17,264
28,4;452,37;232,633;9,21;4,36;17,26
28,4;452,39;232,674;9,212;4,358;17,255
28,4;452,42;232,714;9,213;4,357;17,251
28,41;452,45;232,755;9,215;4,356;17,247
28,41;452,47;232,794;9,216;4,355;17,242
28,41;452,5;232,834;9,218;4,354;17,238
28,41;452,53;232,875;9,22;4,353;17,234
28,41;452,55;232,915;9,221;4,352;17,229
28,41;452,58;232,956;9,223;4,351;17,225
28,42;452,6;232,996;9,224;4,35;17,221
28,42;452,63;233,037;9,226;4,349;17,216
28,42;452,66;233,078;9,228;4,348;17,212
28,42;452,68;233,118;9,229;4,346;17,208
28,42;452,71;233,159;9,231;4,345;17,203
28,42;452,73;233,199;9,232;4,344;17,199
28,43;452,76;233,24;9,234;4,343;17,195
28,43;452,79;233,281;9,236;4,342;17,19
28,43;452,81;233,323;9,237;4,341;17,186
28,43;452,84;233,364;9,239;4,34;17,181
28,43;452,87;233,404;9,241;4,339;17,177
28,43;452,89;233,445;9,242;4,338;17,173
28,43;452,92;233,485;9,244;4,337;17,168
28,44;452,94;233,526;9,245;4,335;17,164
28,44;452,97;233,567;9,247;4,334;17,16
28,44;453;233,606;9,249;4,333;17,155
28,44;453,02;233,646;9,25;4,332;17,151
28,44;453,05;233,686;9,252;4,331;17,147
28,44;453,08;233,726;9,253;4,33;17,142
28,45;453,1;233,766;9,255;4,329;17,138
28,45;453,13;233,806;9,256;4,328;17,134
28,45;453,15;233,846;9,258;4,327;17,129
28,45;453,18;233,887;9,26;4,326;17,125
28,45;453,21;233,926;9,261;4,324;17,121
28,46;453,23;233,968;9,263;4,323;17,116
28,46;453,26;234,007;9,264;4,322;17,112
28,46;453,28;234,047;9,266;4,321;17,107
28,46;453,31;234,087;9,268;4,32;17,103
28,46;453,34;234,127;9,269;4,319;17,099
28,46;453,36;234,167;9,271;4,318;17,094
28,47;453,39;234,207;9,272;4,317;17,09
28,47;453,42;234,248;9,274;4,316;17,086
28,47;453,44;234,289;9,276;4,315;17,081
28,47;453,47;234,329;9,277;4,313;17,077
28,47;453,49;234,37;9,279;4,312;17,073
28,47;453,52;234,41;9,28;4,311;17,068
28,48;453,55;234,451;9,282;4,31;17,064
28,48;453,57;234,491;9,284;4,309;17,06
28,48;453,6;234,532;9,285;4,308;17,055
28,48;453,63;234,573;9,287;4,307;17,051
28,48;453,65;234,613;9,288;4,306;17,046
28,48;453,68;234,652;9,29;4,305;17,042
28,48;453,7;234,692;9,292;4,304;17,038
28,49;453,73;234,733;9,293;4,302;17,033
28,49;453,76;234,774;9,295;4,301;17,029
28,49;453,78;234,814;9,296;4,3;17,025
28,49;453,81;234,855;9,298;4,299;17,02
28,49;453,84;234,894;9,3;4,298;17,016
28,49;453,86;234,933;9,301;4,297;17,012
28,5;453,89;234,973;9,303;4,296;17,007
28,5;453,91;235,013;9,304;4,295;17,003
28,5;453,94;235,052;9,306;4,294;16,998
28,5;453,97;235,091;9,307;4,292;16,994
28,5;453,99;235,132;9,309;4,291;16,99
28,51;454,02;235,171;9,31;4,29;16,985
28,51;454,04;235,211;9,312;4,289;16,981
28,51;454,07;235,25;9,314;4,288;16,977
28,51;454,1;235,29;9,315;4,287;16,972
28,51;454,12;235,33;9,317;4,286;16,968
28,51;454,15;235,369;9,318;4,285;16,964
28,52;454,18;235,41;9,32;4,284;16,959
28,52;454,2;235,45;9,322;4,283;16,955
28,52;454,23;235,489;9,323;4,281;16,951
28,52;454,25;235,529;9,325;4,28;16,946
28,52;454,28;235,569;9,326;4,279;16,942
28,52;454,31;235,609;9,328;4,278;16,937
28,53;454,33;235,65;9,329;4,277;16,933
28,53;454,36;235,689;9,331;4,276;16,929
28,53;454,38;235,729;9,333;4,275;16,924
28,53;454,41;235,769;9,334;4,274;16,92
28,53;454,44;235,809;9,336;4,273;16,916
28,53;454,46;235,85;9,337;4,272;16,911
28,53;454,49;235,891;9,339;4,27;16,907
28,54;454,52;235,931;9,341;4,269;16,903
28,54;454,54;235,971;9,342;4,268;16,898
28,54;454,57;236,011;9,344;4,267;16,894
28,54;454,59;236,05;9,345;4,266;16,89
28,54;454,62;236,091;9,347;4,265;16,885
28,54;454,65;236,131;9,348;4,264;16,881
28,55;454,67;236,171;9,35;4,263;16,876
28,55;454,7;236,211;9,352;4,262;16,872
28,55;454,73;236,252;9,353;4,261;16,868
28,55;454,75;236,291;9,355;4,259;16,863
28,55;454,78;236,331;9,356;4,258;16,859
28,56;454,8;236,371;9,358;4,257;16,855
28,56;454,83;236,411;9,36;4,256;16,85
28,56;454,86;236,451;9,361;4,255;16,846
28,56;454,88;236,491;9,363;4,254;16,841
28,56;454,91;236,531;9,364;4,253;16,837
28,56;454,94;236,57;9,366;4,252;16,833
28,57;454,96;236,61;9,367;4,251;16,828
28,57;454,99;236,65;9,369;4,25;16,824
28,57;455,01;236,691;9,371;4,248;16,82
28,57;455,04;236,73;9,372;4,247;16,815
28,57;455,07;236,77;9,374;4,246;16,811
28,57;455,09;236,811;9,375;4,245;16,807
28,58;455,12;236,851;9,377;4,244;16,802
28,58;455,14;236,892;9,379;4,243;16,798
28,58;455,17;236,932;9,38;4,242;16,793
28,58;455,2;236,972;9,382;4,241;16,789
28,58;455,22;237,013;9,383;4,24;16,785
28,58;455,25;237,054;9,385;4,239;16,78
28,58;455,28;237,094;9,387;4,237;16,776
28,59;455,3;237,134;9,388;4,236;16,772
28,59;455,33;237,174;9,39;4,235;16,767
28,59;455,35;237,214;9,391;4,234;16,763
28,59;455,38;237,254;9,393;4,233;16,759
28,59;455,41;237,294;9,395;4,232;16,754
28,59;455,43;237,334;9,396;4,231;16,75
28,6;455,46;237,374;9,398;4,23;16,745
28,6;455,49;237,413;9,399;4,229;16,741
28,6;455,51;237,453;9,401;4,227;16,737
28,6;455,54;237,493;9,402;4,226;16,732
28,6;455,56;237,533;9,404;4,225;16,728
28,61;455,59;237,573;9,406;4,224;16,724
28,61;455,62;237,613;9,407;4,223;16,719
28,61;455,64;237,652;9,409;4,222;16,715
28,61;455,67;237,692;9,41;4,221;16,711
28,61;455,69;237,731;9,412;4,22;16,706
28,61;455,72;237,771;9,413;4,219;16,702
28,62;455,75;237,811;9,415;4,218;16,698
28,62;455,77;237,85;9,417;4,216;16,693
28,62;455,8;237,889;9,418;4,215;16,689
28,62;455,83;237,928;9,42;4,214;16,684
28,62;455,85;237,967;9,421;4,213;16,68
28,62;455,88;238,006;9,423;4,212;16,676
28,63;455,9;238,045;9,424;4,211;16,671
28,63;455,93;238,085;9,426;4,21;16,667
28,63;455,96;238,124;9,427;4,209;16,663
28,63;455,98;238,164;9,429;4,208;16,658
28,63;456,01;238,203;9,431;4,207;16,654
28,63;456,03;238,242;9,432;4,205;16,65
28,63;456,06;238,281;9,434;4,204;16,645
28,64;456,09;238,321;9,435;4,203;16,641
28,64;456,11;238,36;9,437;4,202;16,636
28,64;456,14;238,399;9,438;4,201;16,632
28,64;456,16;238,438;9,44;4,2;16,628
28,64;456,19;238,478;9,441;4,199;16,623
28,64;456,22;238,517;9,443;4,198;16,619
28,65;456,24;238,556;9,445;4,197;16,615
28,65;456,27;238,595;9,446;4,196;16,61
28,65;456,3;238,634;9,448;4,194;16,606
28,65;456,32;238,674;9,449;4,193;16,602
28,65;456,35;238,713;9,451;4,192;16,597
28,66;456,37;238,752;9,452;4,191;16,593
28,66;456,4;238,79;9,454;4,19;16,589
28,66;456,43;238,829;9,455;4,189;16,584
28,66;456,45;238,868;9,457;4,188;16,58
28,66;456,48;238,907;9,458;4,187;16,575
28,66;456,5;238,946;9,46;4,186;16,571
28,67;456,53;238,984;9,461;4,185;16,567
28,67;456,56;239,023;9,463;4,183;16,562
28,67;456,58;239,062;9,465;4,182;16,558
28,67;456,61;239,1;9,466;4,181;16,554
28,67;456,63;239,139;9,468;4,18;16,549
28,67;456,66;239,177;9,469;4,179;16,545
28,68;456,69;239,215;9,471;4,178;16,541
28,68;456,71;239,253;9,472;4,177;16,536
28,68;456,74;239,292;9,474;4,176;16,532
28,68;456,77;239,331;9,475;4,175;16,527
28,68;456,79;239,369;9,477;4,174;16,523
28,68;456,82;239,408;9,478;4,172;16,519
28,68;456,84;239,445;9,48;4,171;16,514
28,69;456,87;239,484;9,481;4,17;16,51
28,69;456,9;239,522;9,483;4,169;16,506
28,69;456,92;239,561;9,484;4,168;16,501
28,69;456,95;239,599;9,486;4,167;16,497
28,69;456,97;239,639;9,487;4,166;16,493
28,69;457;239,677;9,489;4,165;16,488
28,7;457,03;239,716;9,49;4,164;16,484
28,7;457,05;239,754;9,492;4,163;16,479
28,7;457,08;239,793;9,493;4,161;16,475
28,7;457,1;239,83;9,495;4,16;16,471
28,7;457,13;239,869;9,496;4,159;16,466
28,71;457,16;239,909;9,498;4,158;16,462
28,71;457,18;239,948;9,5;4,157;16,458
28,71;457,21;239,987;9,501;4,156;16,453
28,71;457,23;240,025;9,503;4,155;16,449
28,71;457,26;240,064;9,504;4,154;16,444
28,71;457,29;240,102;9,506;4,153;16,44
28,72;457,31;240,139;9,507;4,151;16,436
28,72;457,34;240,178;9,509;4,15;16,431
28,72;457,36;240,216;9,51;4,149;16,427
28,72;457,39;240,254;9,512;4,148;16,423
28,72;457,42;240,292;9,513;4,147;16,418
28,72;457,44;240,33;9,515;4,146;16,414
28,73;457,47;240,368;9,516;4,145;16,409
28,73;457,49;240,407;9,518;4,144;16,405
28,73;457,52;240,444;9,519;4,143;16,401
28,73;457,55;240,482;9,521;4,142;16,396
28,73;457,57;240,521;9,522;4,14;16,392
28,73;457,6;240,558;9,524;4,139;16,388
28,73;457,62;240,596;9,525;4,138;16,383
28,74;457,65;240,635;9,527;4,137;16,379
28,74;457,68;240,673;9,528;4,136;16,375
28,74;457,7;240,711;9,53;4,135;16,37
28,74;457,73;240,749;9,531;4,134;16,366
28,74;457,75;240,787;9,533;4,133;16,361
28,74;457,78;240,825;9,534;4,132;16,357
28,75;457,81;240,863;9,536;4,13;16,353
28,75;457,83;240,901;9,537;4,129;16,348
28,75;457,86;240,94;9,539;4,128;16,344
28,75;457,88;240,978;9,54;4,127;16,34
28,75;457,91;241,017;9,542;4,126;16,335
28,76;457,94;241,056;9,543;4,125;16,331
28,76;457,96;241,095;9,545;4,124;16,326
28,76;457,99;241,134;9,547;4,123;16,322
28,76;458,01;241,172;9,548;4,122;16,318
28,76;458,04;241,21;9,55;4,121;16,313
28,76;458,07;241,248;9,551;4,119;16,309
28,77;458,09;241,287;9,553;4,118;16,305
28,77;458,12;241,326;9,554;4,117;16,3
28,77;458,14;241,365;9,556;4,116;16,296
28,77;458,17;241,403;9,557;4,115;16,291
28,77;458,2;241,441;9,559;4,114;16,287
28,77;458,22;241,48;9,56;4,113;16,283
28,78;458,25;241,517;9,562;4,112;16,278
28,78;458,27;241,555;9,563;4,111;16,274
28,78;458,3;241,592;9,565;4,109;16,269
28,78;458,33;241,631;9,566;4,108;16,265
28,78;458,35;241,669;9,568;4,107;16,261
28,78;458,38;241,707;9,569;4,106;16,256
28,78;458,4;241,744;9,571;4,105;16,252
28,79;458,43;241,782;9,572;4,104;16,248
28,79;458,46;241,819;9,574;4,103;16,243
28,79;458,48;241,856;9,575;4,102;16,239
28,79;458,51;241,894;9,577;4,101;16,235
28,79;458,53;241,932;9,578;4,1;16,23
28,79;458,56;241,97;9,58;4,098;16,226
28,8;458,59;242,008;9,581;4,097;16,222
28,8;458,61;242,046;9,583;4,096;16,217
28,8;458,64;242,084;9,584;4,095;16,213
28,8;458,67;242,122;9,586;4,094;16,209
28,8;458,69;242,16;9,587;4,093;16,204
28,81;458,72;242,197;9,589;4,092;16,2
28,81;458,74;242,235;9,59;4,091;16,195
28,81;458,77;242,272;9,592;4,09;16,191
28,81;458,8;242,31;9,593;4,089;16,187
28,81;458,82;242,348;9,595;4,087;16,182
28,81;458,85;242,386;9,596;4,086;16,178
28,82;458,87;242,424;9,598;4,085;16,174
28,82;458,9;242,462;9,599;4,084;16,169
28,82;458,93;242,5;9,601;4,083;16,165
28,82;458,95;242,537;9,602;4,082;16,161
28,82;458,98;242,574;9,604;4,081;16,156
28,82;459;242,611;9,605;4,08;16,152
28,83;459,03;242,649;9,607;4,079;16,147
28,83;459,05;242,685;9,608;4,078;16,143
28,83;459,08;242,723;9,609;4,076;16,139
28,83;459,11;242,76;9,611;4,075;16,134
28,83;459,13;242,798;9,612;4,074;16,13
28,83;459,16;242,836;9,614;4,073;16,126
28,83;459,18;242,872;9,615;4,072;16,121
28,84;459,21;242,909;9,617;4,071;16,117
28,84;459,24;242,945;9,618;4,07;16,113
28,84;459,26;242,983;9,62;4,069;16,108
28,84;459,29;243,02;9,621;4,068;16,104
28,84;459,31;243,057;9,623;4,067;16,1
28,84;459,34;243,095;9,624;4,065;16,095
28,85;459,37;243,132;9,626;4,064;16,091
28,85;459,39;243,169;9,627;4,063;16,087
28,85;459,42;243,205;9,629;4,062;16,082
28,85;459,44;243,242;9,63;4,061;16,078
28,85;459,47;243,28;9,632;4,06;16,074
28,86;459,5;243,317;9,633;4,059;16,069
28,86;459,52;243,353;9,634;4,058;16,065
28,86;459,55;243,391;9,636;4,057;16,06
28,86;459,57;243,427;9,637;4,056;16,056
28,86;459,6;243,464;9,639;4,054;16,052
28,86;459,63;243,501;9,64;4,053;16,047
28,87;459,65;243,538;9,642;4,052;16,043
28,87;459,68;243,574;9,643;4,051;16,039
28,87;459,7;243,611;9,645;4,05;16,034
28,87;459,73;243,648;9,646;4,049;16,03
28,87;459,76;243,684;9,648;4,048;16,026
28,87;459,78;243,721;9,649;4,047;16,021
28,88;459,81;243,757;9,65;4,046;16,017
28,88;459,83;243,793;9,652;4,045;16,012
28,88;459,86;243,829;9,653;4,043;16,008
28,88;459,88;243,866;9,655;4,042;16,004
28,88;459,91;243,903;9,656;4,041;15,999
28,88;459,94;243,939;9,658;4,04;15,995
28,88;459,96;243,975;9,659;4,039;15,991
28,89;459,99;244,011;9,66;4,038;15,986
28,89;460,01;244,047;9,662;4,037;15,982
28,89;460,04;244,084;9,663;4,036;15,978
28,89;460,07;244,12;9,665;4,035;15,973
28,89;460,09;244,157;9,666;4,034;15,969
28,89;460,12;244,193;9,668;4,032;15,964
28,9;460,14;244,23;9,669;4,031;15,96
28,9;460,17;244,266;9,671;4,03;15,956
28,9;460,2;244,302;9,672;4,029;15,951
28,9;460,22;244,338;9,673;4,028;15,947
28,9;460,25;244,375;9,675;4,027;15,943
28,91;460,27;244,412;9,676;4,026;15,938
28,91;460,3;244,449;9,678;4,025;15,934
28,91;460,33;244,485;9,679;4,024;15,93
28,91;460,35;244,522;9,681;4,023;15,925
28,91;460,38;244,558;9,682;4,021;15,921
28,91;460,4;244,595;9,684;4,02;15,917
28,92;460,43;244,631;9,685;4,019;15,912
28,92;460,46;244,668;9,686;4,018;15,908
28,92;460,48;244,704;9,688;4,017;15,903
28,92;460,51;244,74;9,689;4,016;15,899
28,92;460,53;244,776;9,691;4,015;15,895
28,92;460,56;244,812;9,692;4,014;15,89
28,93;460,58;244,848;9,694;4,013;15,886
28,93;460,61;244,884;9,695;4,011;15,882
28,93;460,64;244,92;9,696;4,01;15,877
28,93;460,66;244,955;9,698;4,009;15,873
28,93;460,69;244,992;9,699;4,008;15,868
28,93;460,72;245,028;9,701;4,007;15,864
28,93;460,74;245,064;9,702;4,006;15,86
28,94;460,77;245,1;9,704;4,005;15,855
28,94;460,79;245,136;9,705;4,004;15,851
28,94;460,82;245,173;9,706;4,003;15,847
28,94;460,84;245,209;9,708;4,002;15,842
28,94;460,87;245,246;9,709;4;15,838
28,94;460,9;245,282;9,711;3,999;15,834
28,95;460,92;245,318;9,712;3,998;15,829
28,95;460,95;245,354;9,714;3,997;15,825
28,95;460,97;245,39;9,715;3,996;15,82
28,95;461;245,428;9,717;3,995;15,816
28,95;461,03;245,463;9,718;3,994;15,812
28,96;461,05;245,5;9,719;3,993;15,807
28,96;461,08;245,536;9,721;3,992;15,803
28,96;461,1;245,572;9,722;3,991;15,799
28,96;461,13;245,609;9,724;3,989;15,794
28,96;461,16;245,644;9,725;3,988;15,79
28,96;461,18;245,68;9,727;3,987;15,786
28,97;461,21;245,716;9,728;3,986;15,781
28,97;461,23;245,751;9,729;3,985;15,777
28,97;461,26;245,788;9,731;3,984;15,772
28,97;461,29;245,824;9,732;3,983;15,768
28,97;461,31;245,86;9,734;3,982;15,764
28,97;461,34;245,896;9,735;3,981;15,759
28,98;461,36;245,932;9,737;3,98;15,755
28,98;461,39;245,968;9,738;3,978;15,751
28,98;461,41;246,004;9,739;3,977;15,746
28,98;461,44;246,04;9,741;3,976;15,742
28,98;461,47;246,076;9,742;3,975;15,738
28,98;461,49;246,112;9,744;3,974;15,733
28,98;461,52;246,147;9,745;3,973;15,729
28,99;461,54;246,182;9,746;3,972;15,725
28,99;461,57;246,218;9,748;3,971;15,72
28,99;461,6;246,253;9,749;3,97;15,716
28,99;461,62;246,289;9,751;3,969;15,711
28,99;461,65;246,324;9,752;3,967;15,707
28,99;461,67;246,36;9,753;3,966;15,703
29;461,7;246,395;9,755;3,965;15,698
29;461,73;246,43;9,756;3,964;15,694
29;461,75;246,466;9,758;3,963;15,69
29;461,78;246,5;9,759;3,962;15,685
29;461,8;246,536;9,76;3,961;15,681
29,01;461,83;246,57;9,762;3,96;15,677
29,01;461,85;246,605;9,763;3,959;15,672
29,01;461,88;246,64;9,765;3,958;15,668
29,01;461,91;246,675;9,766;3,956;15,664
29,01;461,93;246,71;9,767;3,955;15,659
29,01;461,96;246,745;9,769;3,954;15,655
29,02;461,98;246,78;9,77;3,953;15,65
29,02;462,01;246,815;9,771;3,952;15,646
29,02;462,03;246,849;9,773;3,951;15,642
29,02;462,06;246,883;9,774;3,95;15,637
29,02;462,09;246,917;9,776;3,949;15,633
29,02;462,11;246,951;9,777;3,948;15,629
29,03;462,14;246,986;9,778;3,947;15,624
29,03;462,16;247,02;9,78;3,945;15,62
29,03;462,19;247,054;9,781;3,944;15,616
29,03;462,21;247,089;9,782;3,943;15,611
29,03;462,24;247,124;9,784;3,942;15,607
29,03;462,27;247,159;9,785;3,941;15,603
29,03;462,29;247,191;9,786;3,94;15,598
29,04;462,32;247,226;9,788;3,939;15,594
29,04;462,34;247,261;9,789;3,938;15,59
29,04;462,37;247,296;9,79;3,937;15,585
29,04;462,4;247,33;9,792;3,936;15,581
29,04;462,42;247,364;9,793;3,934;15,576
29,04;462,45;247,399;9,795;3,933;15,572
29,05;462,47;247,433;9,796;3,932;15,568
29,05;462,5;247,468;9,797;3,931;15,563
29,05;462,53;247,503;9,799;3,93;15,559
29,05;462,55;247,537;9,8;3,929;15,555
29,05;462,58;247,571;9,801;3,928;15,55
29,06;462,6;247,605;9,803;3,927;15,546
29,06;462,63;247,639;9,804;3,926;15,542
29,06;462,65;247,672;9,805;3,925;15,537
29,06;462,68;247,706;9,807;3,923;15,533
29,06;462,71;247,74;9,808;3,922;15,529
29,06;462,73;247,774;9,809;3,921;15,524
29,07;462,76;247,807;9,811;3,92;15,52
29,07;462,78;247,841;9,812;3,919;15,516
29,07;462,81;247,875;9,813;3,918;15,511
29,07;462,83;247,91;9,815;3,917;15,507
29,07;462,86;247,943;9,816;3,916;15,502
29,07;462,89;247,976;9,817;3,915;15,498
29,08;462,91;248,01;9,819;3,914;15,494
29,08;462,94;248,044;9,82;3,912;15,489
29,08;462,96;248,077;9,821;3,911;15,485
29,08;462,99;248,111;9,823;3,91;15,481
29,08;463,02;248,145;9,824;3,909;15,476
29,08;463,04;248,178;9,825;3,908;15,472
29,08;463,07;248,212;9,827;3,907;15,468
29,09;463,09;248,246;9,828;3,906;15,463
29,09;463,12;248,279;9,829;3,905;15,459
29,09;463,14;248,315;9,831;3,904;15,455
29,09;463,17;248,348;9,832;3,903;15,45
29,09;463,2;248,383;9,834;3,901;15,446
29,09;463,22;248,417;9,835;3,9;15,442
29,1;463,25;248,451;9,836;3,899;15,437
29,1;463,27;248,485;9,838;3,898;15,433
29,1;463,3;248,519;9,839;3,897;15,428
29,1;463,32;248,553;9,84;3,896;15,424
29,1;463,35;248,588;9,842;3,895;15,42
29,11;463,38;248,623;9,843;3,894;15,415
29,11;463,4;248,657;9,844;3,893;15,411
29,11;463,43;248,691;9,846;3,892;15,407
29,11;463,45;248,725;9,847;3,89;15,402
29,11;463,48;248,759;9,848;3,889;15,398
29,11;463,51;248,793;9,85;3,888;15,394
29,12;463,53;248,827;9,851;3,887;15,389
29,12;463,56;248,86;9,852;3,886;15,385
29,12;463,58;248,895;9,854;3,885;15,381
29,12;463,61;248,929;9,855;3,884;15,376
29,12;463,63;248,963;9,857;3,883;15,372
29,12;463,66;248,997;9,858;3,882;15,368
29,13;463,69;249,031;9,859;3,881;15,363
29,13;463,71;249,065;9,861;3,879;15,359
29,13;463,74;249,098;9,862;3,878;15,354
29,13;463,76;249,132;9,863;3,877;15,35
29,13;463,79;249,165;9,865;3,876;15,346
29,13;463,81;249,199;9,866;3,875;15,341
29,13;463,84;249,231;9,867;3,874;15,337
29,14;463,87;249,266;9,868;3,873;15,333
29,14;463,89;249,299;9,87;3,872;15,328
29,14;463,92;249,332;9,871;3,871;15,324
29,14;463,94;249,366;9,872;3,87;15,32
29,14;463,97;249,398;9,874;3,868;15,315
29,14;463,99;249,432;9,875;3,867;15,311
29,15;464,02;249,465;9,876;3,866;15,307
29,15;464,05;249,499;9,878;3,865;15,302
29,15;464,07;249,532;9,879;3,864;15,298
29,15;464,1;249,565;9,88;3,863;15,294
29,15;464,12;249,598;9,882;3,862;15,289
29,16;464,15;249,632;9,883;3,861;15,285
29,16;464,17;249,665;9,884;3,86;15,281
29,16;464,2;249,699;9,886;3,859;15,276
29,16;464,23;249,731;9,887;3,857;15,272
29,16;464,25;249,765;9,888;3,856;15,268
29,16;464,28;249,798;9,89;3,855;15,263
29,17;464,3;249,831;9,891;3,854;15,259
29,17;464,33;249,864;9,892;3,853;15,254
29,17;464,35;249,897;9,893;3,852;15,25
29,17;464,38;249,929;9,895;3,851;15,246
29,17;464,41;249,962;9,896;3,85;15,241
29,17;464,43;249,994;9,897;3,849;15,237
29,18;464,46;250,028;9,899;3,848;15,233
29,18;464,48;250,06;9,9;3,846;15,228
29,18;464,51;250,092;9,901;3,845;15,224
29,18;464,53;250,125;9,902;3,844;15,22
29,18;464,56;250,157;9,904;3,843;15,215
29,18;464,58;250,19;9,905;3,842;15,211
29,18;464,61;250,223;9,906;3,841;15,207
29,19;464,64;250,256;9,908;3,84;15,202
29,19;464,66;250,288;9,909;3,839;15,198
29,19;464,69;250,32;9,91;3,838;15,194
29,19;464,71;250,352;9,912;3,837;15,189
29,19;464,74;250,384;9,913;3,836;15,185
29,19;464,76;250,417;9,914;3,834;15,181
29,2;464,79;250,449;9,915;3,833;15,176
29,2;464,82;250,482;9,917;3,832;15,172
29,2;464,84;250,513;9,918;3,831;15,168
29,2;464,87;250,545;9,919;3,83;15,163
29,2;464,89;250,577;9,92;3,829;15,159
29,21;464,92;250,61;9,922;3,828;15,155
29,21;464,94;250,641;9,923;3,827;15,15
29,21;464,97;250,674;9,924;3,826;15,146
29,21;465;250,706;9,926;3,825;15,141
29,21;465,02;250,738;9,927;3,823;15,137
29,21;465,05;250,77;9,928;3,822;15,133
29,22;465,07;250,803;9,929;3,821;15,128
29,22;465,1;250,836;9,931;3,82;15,124
29,22;465,12;250,869;9,932;3,819;15,12
29,22;465,15;250,901;9,933;3,818;15,115
29,22;465,18;250,933;9,935;3,817;15,111
29,22;465,2;250,966;9,936;3,816;15,107
29,23;465,23;250,999;9,937;3,815;15,102
29,23;465,25;251,032;9,938;3,814;15,098
29,23;465,28;251,065;9,94;3,812;15,094
29,23;465,3;251,097;9,941;3,811;15,089
29,23;465,33;251,13;9,942;3,81;15,085
29,23;465,36;251,162;9,944;3,809;15,081
29,23;465,38;251,195;9,945;3,808;15,076
29,24;465,41;251,229;9,946;3,807;15,072
29,24;465,43;251,262;9,948;3,806;15,068
29,24;465,46;251,294;9,949;3,805;15,063
29,24;465,48;251,327;9,95;3,804;15,059
29,24;465,51;251,361;9,951;3,803;15,055
29,24;465,54;251,394;9,953;3,801;15,05
29,25;465,56;251,427;9,954;3,8;15,046
29,25;465,59;251,46;9,955;3,799;15,041
29,25;465,61;251,493;9,957;3,798;15,037
29,25;465,64;251,527;9,958;3,797;15,033
29,25;465,66;251,561;9,959;3,796;15,028
29,26;465,69;251,594;9,961;3,795;15,024
29,26;465,72;251,628;9,962;3,794;15,02
29,26;465,74;251,66;9,963;3,793;15,015
29,26;465,77;251,694;9,965;3,792;15,011
29,26;465,79;251,727;9,966;3,791;15,007
29,26;465,82;251,76;9,967;3,789;15,002
29,27;465,84;251,793;9,969;3,788;14,998
29,27;465,87;251,827;9,97;3,787;14,994
29,27;465,9;251,859;9,971;3,786;14,989
29,27;465,92;251,891;9,972;3,785;14,985
29,27;465,95;251,922;9,974;3,784;14,981
29,27;465,97;251,955;9,975;3,783;14,976
29,28;466;251,987;9,976;3,782;14,972
29,28;466,02;252,02;9,978;3,781;14,968
29,28;466,05;252,054;9,979;3,78;14,963
29,28;466,08;252,087;9,98;3,778;14,959
29,28;466,1;252,119;9,981;3,777;14,955
29,28;466,13;252,153;9,983;3,776;14,95
29,28;466,15;252,186;9,984;3,775;14,946
29,29;466,18;252,219;9,985;3,774;14,942
29,29;466,2;252,251;9,987;3,773;14,937
29,29;466,23;252,284;9,988;3,772;14,933
29,29;466,25;252,316;9,989;3,771;14,929
29,29;466,28;252,349;9,991;3,77;14,924
29,29;466,31;252,38;9,992;3,769;14,92
29,3;466,33;252,413;9,993;3,768;14,916
29,3;466,36;252,445;9,994;3,766;14,911
29,3;466,38;252,477;9,996;3,765;14,907
29,3;466,41;252,509;9,997;3,764;14,903
29,3;466,43;252,541;9,998;3,763;14,898
29,31;466,46;252,573;9,999;3,762;14,894
29,31;466,49;252,606;10,001;3,761;14,89
29,31;466,51;252,637;10,002;3,76;14,885
29,31;466,54;252,668;10,003;3,759;14,881
29,31;466,56;252,7;10,004;3,758;14,877
29,31;466,59;252,732;10,006;3,757;14,872
29,32;466,61;252,763;10,007;3,755;14,868
29,32;466,64;252,794;10,008;3,754;14,864
29,32;466,66;252,825;10,009;3,753;14,859
29,32;466,69;252,857;10,011;3,752;14,855
29,32;466,72;252,889;10,012;3,751;14,851
29,32;466,74;252,919;10,013;3,75;14,846
29,33;466,77;252,95;10,014;3,749;14,842
29,33;466,79;252,981;10,016;3,748;14,838
29,33;466,82;253,011;10,017;3,747;14,834
29,33;466,84;253,042;10,018;3,746;14,829
29,33;466,87;253,072;10,019;3,745;14,825
29,33;466,9;253,103;10,02;3,743;14,821
29,33;466,92;253,133;10,022;3,742;14,816
29,34;466,95;253,164;10,023;3,741;14,812
29,34;466,97;253,194;10,024;3,74;14,808
29,34;467;253,224;10,025;3,739;14,803
29,34;467,02;253,255;10,026;3,738;14,799
29,34;467,05;253,285;10,028;3,737;14,795
29,34;467,07;253,315;10,029;3,736;14,79
29,35;467,1;253,345;10,03;3,735;14,786
29,35;467,13;253,376;10,031;3,734;14,782
29,35;467,15;253,406;10,032;3,733;14,777
29,35;467,18;253,437;10,034;3,731;14,773
29,35;467,2;253,468;10,035;3,73;14,769
29,36;467,23;253,498;10,036;3,729;14,764
29,36;467,25;253,529;10,037;3,728;14,76
29,36;467,28;253,559;10,038;3,727;14,756
29,36;467,3;253,588;10,04;3,726;14,751
29,36;467,33;253,618;10,041;3,725;14,747
29,36;467,36;253,647;10,042;3,724;14,743
29,37;467,38;253,677;10,043;3,723;14,738
29,37;467,41;253,707;10,044;3,722;14,734
29,37;467,43;253,737;10,046;3,721;14,73
29,37;467,46;253,766;10,047;3,719;14,726
29,37;467,48;253,796;10,048;3,718;14,721
29,37;467,51;253,826;10,049;3,717;14,717
29,38;467,54;253,856;10,05;3,716;14,713
29,38;467,56;253,885;10,051;3,715;14,708
29,38;467,59;253,916;10,053;3,714;14,704
29,38;467,61;253,946;10,054;3,713;14,7
29,38;467,64;253,974;10,055;3,712;14,695
29,38;467,66;254,003;10,056;3,711;14,691
29,38;467,69;254,032;10,057;3,71;14,687
29,39;467,71;254,061;10,058;3,709;14,682
29,39;467,74;254,091;10,06;3,708;14,678
29,39;467,77;254,12;10,061;3,706;14,674
29,39;467,79;254,149;10,062;3,705;14,669
29,39;467,82;254,179;10,063;3,704;14,665
29,39;467,84;254,208;10,064;3,703;14,661
29,4;467,87;254,238;10,065;3,702;14,657
29,4;467,89;254,267;10,066;3,701;14,652
29,4;467,92;254,296;10,068;3,7;14,648
29,4;467,94;254,327;10,069;3,699;14,644
29,4;467,97;254,355;10,07;3,698;14,639
29,41;468;254,384;10,071;3,697;14,635
29,41;468,02;254,412;10,072;3,696;14,631
29,41;468,05;254,442;10,073;3,694;14,626
29,41;468,07;254,471;10,075;3,693;14,622
29,41;468,1;254,5;10,076;3,692;14,618
29,41;468,12;254,529;10,077;3,691;14,613
29,42;468,15;254,558;10,078;3,69;14,609
29,42;468,17;254,588;10,079;3,689;14,605
29,42;468,2;254,616;10,08;3,688;14,601
29,42;468,22;254,646;10,081;3,687;14,596
29,42;468,25;254,674;10,083;3,686;14,592
29,42;468,28;254,703;10,084;3,685;14,588
29,43;468,3;254,732;10,085;3,684;14,583
29,43;468,33;254,761;10,086;3,682;14,579
29,43;468,35;254,79;10,087;3,681;14,575
29,43;468,38;254,819;10,088;3,68;14,57
29,43;468,4;254,847;10,089;3,679;14,566
29,43;468,43;254,875;10,091;3,678;14,562
29,43;468,45;254,905;10,092;3,677;14,557
29,44;468,48;254,933;10,093;3,676;14,553
29,44;468,5;254,962;10,094;3,675;14,549
29,44;468,53;254,991;10,095;3,674;14,545
29,44;468,56;255,021;10,096;3,673;14,54
29,44;468,58;255,05;10,097;3,672;14,536
29,44;468,61;255,078;10,099;3,671;14,532
29,45;468,63;255,107;10,1;3,669;14,527
29,45;468,66;255,136;10,101;3,668;14,523
29,45;468,68;255,165;10,102;3,667;14,519
29,45;468,71;255,193;10,103;3,666;14,514
29,45;468,73;255,222;10,104;3,665;14,51
29,46;468,76;255,25;10,105;3,664;14,506
29,46;468,78;255,279;10,107;3,663;14,502
29,46;468,81;255,308;10,108;3,662;14,497
29,46;468,83;255,336;10,109;3,661;14,493
29,46;468,86;255,365;10,11;3,66;14,489
29,46;468,89;255,391;10,111;3,659;14,484
29,47;468,91;255,421;10,112;3,657;14,48
29,47;468,94;255,45;10,113;3,656;14,476
29,47;468,96;255,478;10,114;3,655;14,471
29,47;468,99;255,507;10,116;3,654;14,467
29,47;469,01;255,535;10,117;3,653;14,463
29,47;469,04;255,563;10,118;3,652;14,458
29,48;469,06;255,592;10,119;3,651;14,454
29,48;469,09;255,62;10,12;3,65;14,45
29,48;469,11;255,648;10,121;3,649;14,446
29,48;469,14;255,676;10,122;3,648;14,441
29,48;469,16;255,704;10,123;3,647;14,437
29,48;469,19;255,732;10,124;3,645;14,433
29,48;469,22;255,759;10,126;3,644;14,428
29,49;469,24;255,786;10,127;3,643;14,424
29,49;469,27;255,815;10,128;3,642;14,42
29,49;469,29;255,843;10,129;3,641;14,415
29,49;469,32;255,871;10,13;3,64;14,411
29,49;469,34;255,899;10,131;3,639;14,407
29,49;469,37;255,926;10,132;3,638;14,402
29,5;469,39;255,954;10,133;3,637;14,398
29,5;469,42;255,981;10,134;3,636;14,394
29,5;469,44;256,009;10,135;3,635;14,389
29,5;469,47;256,036;10,137;3,634;14,385
29,5;469,5;256,062;10,138;3,632;14,381
29,51;469,52;256,09;10,139;3,631;14,377
29,51;469,55;256,119;10,14;3,63;14,372
29,51;469,57;256,146;10,141;3,629;14,368
29,51;469,6;256,172;10,142;3,628;14,364
29,51;469,62;256,2;10,143;3,627;14,359
29,51;469,65;256,227;10,144;3,626;14,355
29,52;469,67;256,254;10,145;3,625;14,351
29,52;469,7;256,281;10,146;3,624;14,346
29,52;469,72;256,308;10,147;3,623;14,342
29,52;469,75;256,336;10,148;3,622;14,338
29,52;469,77;256,363;10,149;3,62;14,334
29,52;469,8;256,389;10,151;3,619;14,329
29,53;469,83;256,416;10,152;3,618;14,325
29,53;469,85;256,443;10,153;3,617;14,321
29,53;469,88;256,471;10,154;3,616;14,316
29,53;469,9;256,498;10,155;3,615;14,312
29,53;469,93;256,524;10,156;3,614;14,308
29,53;469,95;256,551;10,157;3,613;14,303
29,53;469,98;256,577;10,158;3,612;14,299
29,54;470;256,604;10,159;3,611;14,295
29,54;470,03;256,631;10,16;3,61;14,291
29,54;470,05;256,657;10,161;3,609;14,286
29,54;470,08;256,684;10,162;3,607;14,282
29,54;470,1;256,711;10,163;3,606;14,278
29,54;470,13;256,738;10,164;3,605;14,273
29,55;470,16;256,765;10,165;3,604;14,269
29,55;470,18;256,792;10,166;3,603;14,265
29,55;470,21;256,818;10,168;3,602;14,261
29,55;470,23;256,845;10,169;3,601;14,256
29,55;470,26;256,871;10,17;3,6;14,252
29,56;470,28;256,898;10,171;3,599;14,248
29,56;470,31;256,925;10,172;3,598;14,243
29,56;470,33;256,951;10,173;3,597;14,239
29,56;470,36;256,977;10,174;3,596;14,235
29,56;470,38;257,003;10,175;3,594;14,231
29,56;470,41;257,029;10,176;3,593;14,226
29,57;470,43;257,055;10,177;3,592;14,222
29,57;470,46;257,082;10,178;3,591;14,218
29,57;470,48;257,108;10,179;3,59;14,213
29,57;470,51;257,134;10,18;3,589;14,209
29,57;470,54;257,16;10,181;3,588;14,205
29,57;470,56;257,186;10,182;3,587;14,2
29,58;470,59;257,212;10,183;3,586;14,196
29,58;470,61;257,239;10,184;3,585;14,192
29,58;470,64;257,265;10,185;3,584;14,188
29,58;470,66;257,291;10,186;3,583;14,183
29,58;470,69;257,317;10,187;3,581;14,179
29,58;470,71;257,343;10,188;3,58;14,175
29,58;470,74;257,369;10,189;3,579;14,17
29,59;470,76;257,396;10,19;3,578;14,166
29,59;470,79;257,422;10,191;3,577;14,162
29,59;470,81;257,448;10,192;3,576;14,158
29,59;470,84;257,473;10,193;3,575;14,153
29,59;470,86;257,5;10,194;3,574;14,149
29,59;470,89;257,527;10,196;3,573;14,145
29,6;470,92;257,552;10,197;3,572;14,14
29,6;470,94;257,579;10,198;3,571;14,136
29,6;470,97;257,604;10,199;3,57;14,132
29,6;470,99;257,63;10,2;3,568;14,128
29,6;471,02;257,655;10,201;3,567;14,123
29,61;471,04;257,681;10,202;3,566;14,119
29,61;471,07;257,706;10,203;3,565;14,115
29,61;471,09;257,731;10,204;3,564;14,111
29,61;471,12;257,757;10,205;3,563;14,106
29,61;471,14;257,782;10,206;3,562;14,102
29,61;471,17;257,807;10,207;3,561;14,098
29,62;471,19;257,833;10,208;3,56;14,093
29,62;471,22;257,858;10,209;3,559;14,089
29,62;471,24;257,884;10,21;3,558;14,085
29,62;471,27;257,909;10,211;3,557;14,081
29,62;471,3;257,935;10,212;3,555;14,076
29,62;471,32;257,961;10,213;3,554;14,072
29,63;471,35;257,986;10,214;3,553;14,068
29,63;471,37;258,011;10,215;3,552;14,063
29,63;471,4;258,036;10,216;3,551;14,059
29,63;471,42;258,061;10,217;3,55;14,055
29,63;471,45;258,086;10,218;3,549;14,051
29,63;471,47;258,112;10,219;3,548;14,046
29,63;471,5;258,136;10,22;3,547;14,042
29,64;471,52;258,163;10,221;3,546;14,038
29,64;471,55;258,188;10,222;3,545;14,033
29,64;471,57;258,214;10,223;3,544;14,029
29,64;471,6;258,24;10,224;3,542;14,025
29,64;471,62;258,265;10,225;3,541;14,021
29,64;471,65;258,291;10,226;3,54;14,016
29,65;471,67;258,316;10,227;3,539;14,012
29,65;471,7;258,342;10,228;3,538;14,008
29,65;471,72;258,368;10,229;3,537;14,003
29,65;471,75;258,393;10,23;3,536;13,999
29,65;471,78;258,419;10,231;3,535;13,995
29,66;471,8;258,445;10,232;3,534;13,991
29,66;471,83;258,47;10,233;3,533;13,986
29,66;471,85;258,496;10,234;3,532;13,982
29,66;471,88;258,521;10,235;3,531;13,978
29,66;471,9;258,547;10,236;3,53;13,974
29,66;471,93;258,572;10,237;3,528;13,969
29,67;471,95;258,598;10,238;3,527;13,965
29,67;471,98;258,623;10,239;3,526;13,961
29,67;472;258,647;10,24;3,525;13,956
29,67;472,03;258,672;10,241;3,524;13,952
29,67;472,05;258,697;10,242;3,523;13,948
29,67;472,08;258,722;10,243;3,522;13,944
29,68;472,11;258,748;10,244;3,521;13,939
29,68;472,13;258,773;10,245;3,52;13,935
29,68;472,16;258,799;10,246;3,519;13,931
29,68;472,18;258,825;10,247;3,518;13,926
29,68;472,21;258,849;10,248;3,517;13,922
29,68;472,23;258,875;10,249;3,515;13,918
29,68;472,26;258,9;10,25;3,514;13,914
29,69;472,28;258,925;10,251;3,513;13,909
29,69;472,31;258,951;10,252;3,512;13,905
29,69;472,33;258,976;10,253;3,511;13,901
29,69;472,36;259,002;10,254;3,51;13,896
29,69;472,38;259,027;10,255;3,509;13,892
29,69;472,41;259,052;10,256;3,508;13,888
29,7;472,43;259,078;10,257;3,507;13,884
29,7;472,46;259,103;10,258;3,506;13,879
29,7;472,48;259,128;10,259;3,505;13,875
29,7;472,51;259,154;10,26;3,504;13,871
29,7;472,54;259,179;10,261;3,502;13,866
29,71;472,56;259,203;10,262;3,501;13,862
29,71;472,59;259,227;10,263;3,5;13,858
29,71;472,61;259,252;10,264;3,499;13,854
29,71;472,64;259,276;10,265;3,498;13,849
29,71;472,66;259,3;10,266;3,497;13,845
29,71;472,69;259,326;10,267;3,496;13,841
29,72;472,71;259,351;10,268;3,495;13,837
29,72;472,74;259,374;10,269;3,494;13,832
29,72;472,76;259,4;10,27;3,493;13,828
29,72;472,79;259,425;10,271;3,492;13,824
29,72;472,81;259,449;10,272;3,491;13,82
29,72;472,84;259,473;10,273;3,49;13,815
29,73;472,86;259,497;10,274;3,488;13,811
29,73;472,89;259,52;10,274;3,487;13,807
29,73;472,91;259,544;10,275;3,486;13,802
29,73;472,94;259,568;10,276;3,485;13,798
29,73;472,96;259,593;10,277;3,484;13,794
29,73;472,99;259,616;10,278;3,483;13,79
29,73;473,02;259,641;10,279;3,482;13,785
29,74;473,04;259,664;10,28;3,481;13,781
29,74;473,07;259,688;10,281;3,48;13,777
29,74;473,09;259,712;10,282;3,479;13,772
29,74;473,12;259,735;10,283;3,478;13,768
29,74;473,14;259,759;10,284;3,477;13,764
29,74;473,17;259,783;10,285;3,475;13,76
29,75;473,19;259,807;10,286;3,474;13,755
29,75;473,22;259,83;10,287;3,473;13,751
29,75;473,24;259,854;10,288;3,472;13,747
29,75;473,27;259,877;10,289;3,471;13,742
29,75;473,29;259,901;10,29;3,47;13,738
29,76;473,32;259,924;10,29;3,469;13,734
29,76;473,34;259,947;10,291;3,468;13,73
29,76;473,37;259,97;10,292;3,467;13,725
29,76;473,39;259,993;10,293;3,466;13,721
29,76;473,42;260,015;10,294;3,465;13,717
29,76;473,44;260,038;10,295;3,464;13,712
29,77;473,47;260,061;10,296;3,463;13,708
29,77;473,49;260,083;10,297;3,461;13,704
29,77;473,52;260,107;10,298;3,46;13,7
29,77;473,54;260,131;10,299;3,459;13,695
29,77;473,57;260,153;10,3;3,458;13,691
29,77;473,6;260,176;10,3;3,457;13,687
29,78;473,62;260,199;10,301;3,456;13,683
29,78;473,65;260,222;10,302;3,455;13,678
29,78;473,67;260,245;10,303;3,454;13,674
29,78;473,7;260,267;10,304;3,453;13,67
29,78;473,72;260,289;10,305;3,452;13,666
29,78;473,75;260,313;10,306;3,451;13,661
29,78;473,77;260,336;10,307;3,45;13,657
29,79;473,8;260,359;10,308;3,448;13,653
29,79;473,82;260,381;10,309;3,447;13,648
29,79;473,85;260,404;10,309;3,446;13,644
29,79;473,87;260,427;10,31;3,445;13,64
29,79;473,9;260,449;10,311;3,444;13,636
29,79;473,92;260,473;10,312;3,443;13,631
29,8;473,95;260,496;10,313;3,442;13,627
29,8;473,97;260,519;10,314;3,441;13,623
29,8;474;260,542;10,315;3,44;13,618
29,8;474,02;260,564;10,316;3,439;13,614
29,8;474,05;260,587;10,317;3,438;13,61
29,81;474,08;260,61;10,318;3,437;13,606
29,81;474,1;260,632;10,318;3,436;13,601
29,81;474,13;260,655;10,319;3,434;13,597
29,81;474,15;260,679;10,32;3,433;13,593
29,81;474,18;260,702;10,321;3,432;13,589
29,81;474,2;260,724;10,322;3,431;13,584
29,82;474,23;260,747;10,323;3,43;13,58
29,82;474,25;260,77;10,324;3,429;13,576
29,82;474,28;260,792;10,325;3,428;13,572
29,82;474,3;260,815;10,326;3,427;13,567
29,82;474,33;260,838;10,327;3,426;13,563
29,82;474,35;260,861;10,328;3,425;13,559
29,83;474,38;260,883;10,328;3,424;13,555
29,83;474,4;260,905;10,329;3,423;13,55
29,83;474,43;260,928;10,33;3,422;13,546
29,83;474,45;260,951;10,331;3,42;13,542
29,83;474,48;260,973;10,332;3,419;13,537
29,83;474,5;260,995;10,333;3,418;13,533
29,83;474,53;261,019;10,334;3,417;13,529
29,84;474,55;261,041;10,335;3,416;13,525
29,84;474,58;261,064;10,336;3,415;13,52
29,84;474,6;261,086;10,336;3,414;13,516
29,84;474,63;261,108;10,337;3,413;13,512
29,84;474,66;261,13;10,338;3,412;13,507
29,84;474,68;261,153;10,339;3,411;13,503
29,85;474,71;261,176;10,34;3,41;13,499
29,85;474,73;261,198;10,341;3,409;13,495
29,85;474,76;261,221;10,342;3,408;13,49
29,85;474,78;261,243;10,343;3,406;13,486
29,85;474,81;261,265;10,344;3,405;13,482
29,86;474,83;261,287;10,344;3,404;13,478
29,86;474,86;261,311;10,345;3,403;13,473
29,86;474,88;261,333;10,346;3,402;13,469
29,86;474,91;261,355;10,347;3,401;13,465
29,86;474,93;261,377;10,348;3,4;13,461
29,86;474,96;261,4;10,349;3,399;13,456
29,87;474,98;261,422;10,35;3,398;13,452
29,87;475,01;261,444;10,351;3,397;13,448
29,87;475,03;261,466;10,352;3,396;13,444
29,87;475,06;261,489;10,352;3,395;13,439
29,87;475,08;261,512;10,353;3,394;13,435
29,87;475,11;261,535;10,354;3,392;13,431
29,88;475,13;261,558;10,355;3,391;13,427
29,88;475,16;261,581;10,356;3,39;13,422
29,88;475,18;261,603;10,357;3,389;13,418
29,88;475,21;261,625;10,358;3,388;13,414
29,88;475,23;261,647;10,359;3,387;13,41
29,88;475,26;261,67;10,36;3,386;13,405
29,88;475,28;261,693;10,36;3,385;13,401
29,89;475,31;261,715;10,361;3,384;13,397
29,89;475,33;261,738;10,362;3,383;13,393
29,89;475,36;261,76;10,363;3,382;13,388
29,89;475,39;261,782;10,364;3,381;13,384
29,89;475,41;261,804;10,365;3,38;13,38
29,89;475,44;261,825;10,366;3,378;13,376
29,9;475,46;261,847;10,367;3,377;13,371
29,9;475,49;261,87;10,367;3,376;13,367
29,9;475,51;261,892;10,368;3,375;13,363
29,9;475,54;261,914;10,369;3,374;13,358
29,9;475,56;261,936;10,37;3,373;13,354
29,91;475,59;261,958;10,371;3,372;13,35
29,91;475,61;261,981;10,372;3,371;13,346
29,91;475,64;262,002;10,373;3,37;13,341
29,91;475,66;262,024;10,374;3,369;13,337
29,91;475,69;262,046;10,374;3,368;13,333
29,91;475,71;262,068;10,375;3,367;13,329
29,92;475,74;262,089;10,376;3,366;13,324
29,92;475,76;262,112;10,377;3,365;13,32
29,92;475,79;262,134;10,378;3,363;13,316
29,92;475,81;262,156;10,379;3,362;13,312
29,92;475,84;262,178;10,38;3,361;13,307
29,92;475,86;262,201;10,381;3,36;13,303
29,93;475,89;262,223;10,381;3,359;13,299
29,93;475,91;262,244;10,382;3,358;13,295
29,93;475,94;262,266;10,383;3,357;13,29
29,93;475,96;262,288;10,384;3,356;13,286
29,93;475,99;262,311;10,385;3,355;13,282
29,93;476,01;262,332;10,386;3,354;13,278
29,93;476,04;262,354;10,387;3,353;13,273
29,94;476,06;262,376;10,388;3,352;13,269
29,94;476,09;262,398;10,388;3,351;13,265
29,94;476,11;262,419;10,389;3,349;13,261
29,94;476,14;262,441;10,39;3,348;13,256
29,94;476,16;262,462;10,391;3,347;13,252
29,94;476,19;262,484;10,392;3,346;13,248
29,95;476,21;262,506;10,393;3,345;13,244
29,95;476,24;262,528;10,394;3,344;13,24
29,95;476,27;262,549;10,394;3,343;13,235
29,95;476,29;262,57;10,395;3,342;13,231
29,95;476,32;262,592;10,396;3,341;13,227
29,96;476,34;262,614;10,397;3,34;13,223
29,96;476,37;262,636;10,398;3,339;13,218
29,96;476,39;262,657;10,399;3,338;13,214
29,96;476,42;262,679;10,4;3,337;13,21
29,96;476,44;262,7;10,4;3,336;13,206
29,96;476,47;262,722;10,401;3,334;13,201
29,97;476,49;262,744;10,402;3,333;13,197
29,97;476,52;262,765;10,403;3,332;13,193
29,97;476,54;262,785;10,404;3,331;13,189
29,97;476,57;262,806;10,405;3,33;13,184
29,97;476,59;262,828;10,405;3,329;13,18
29,97;476,62;262,849;10,406;3,328;13,176
29,98;476,64;262,87;10,407;3,327;13,172
29,98;476,67;262,891;10,408;3,326;13,167
29,98;476,69;262,912;10,409;3,325;13,163
29,98;476,72;262,933;10,41;3,324;13,159
29,98;476,74;262,953;10,41;3,323;13,155
29,98;476,77;262,975;10,411;3,322;13,15
29,98;476,79;262,996;10,412;3,321;13,146
29,99;476,82;263,017;10,413;3,319;13,142
29,99;476,84;263,039;10,414;3,318;13,138
29,99;476,87;263,059;10,415;3,317;13,133
29,99;476,89;263,08;10,415;3,316;13,129
29,99;476,92;263,101;10,416;3,315;13,125
29,99;476,94;263,121;10,417;3,314;13,121
30;476,97;263,143;10,418;3,313;13,116
30;476,99;263,164;10,419;3,312;13,112
30;477,02;263,184;10,42;3,311;13,108
30;477,04;263,205;10,42;3,31;13,104
30;477,07;263,225;10,421;3,309;13,099
30,01;477,09;263,247;10,422;3,308;13,095
30,01;477,12;263,267;10,423;3,307;13,091
30,01;477,14;263,288;10,424;3,306;13,087
30,01;477,17;263,309;10,424;3,304;13,082
30,01;477,19;263,329;10,425;3,303;13,078
30,01;477,22;263,35;10,426;3,302;13,074
30,02;477,24;263,371;10,427;3,301;13,07
30,02;477,27;263,393;10,428;3,3;13,065
30,02;477,29;263,414;10,429;3,299;13,061
30,02;477,32;263,434;10,429;3,298;13,057
30,02;477,34;263,454;10,43;3,297;13,053
30,02;477,37;263,474;10,431;3,296;13,048
30,03;477,39;263,494;10,432;3,295;13,044
30,03;477,42;263,514;10,433;3,294;13,04
30,03;477,44;263,535;10,433;3,293;13,036
30,03;477,47;263,556;10,434;3,292;13,032
30,03;477,49;263,576;10,435;3,291;13,027
30,03;477,52;263,597;10,436;3,289;13,023
30,03;477,54;263,618;10,437;3,288;13,019
30,04;477,57;263,637;10,437;3,287;13,015
30,04;477,59;263,657;10,438;3,286;13,01
30,04;477,62;263,676;10,439;3,285;13,006
30,04;477,65;263,696;10,44;3,284;13,002
30,04;477,67;263,717;10,441;3,283;12,998
30,04;477,7;263,736;10,441;3,282;12,993
30,05;477,72;263,756;10,442;3,281;12,989
30,05;477,75;263,776;10,443;3,28;12,985
30,05;477,77;263,796;10,444;3,279;12,981
30,05;477,8;263,816;10,445;3,278;12,976
30,05;477,82;263,836;10,445;3,277;12,972
30,06;477,85;263,855;10,446;3,276;12,968
30,06;477,87;263,876;10,447;3,274;12,964
30,06;477,9;263,896;10,448;3,273;12,959
30,06;477,92;263,916;10,448;3,272;12,955
30,06;477,95;263,936;10,449;3,271;12,951
30,06;477,97;263,957;10,45;3,27;12,947
30,07;478;263,978;10,451;3,269;12,942
30,07;478,02;263,998;10,452;3,268;12,938
30,07;478,05;264,018;10,453;3,267;12,934
30,07;478,07;264,039;10,453;3,266;12,93
30,07;478,1;264,058;10,454;3,265;12,926
30,07;478,12;264,079;10,455;3,264;12,921
30,08;478,15;264,099;10,456;3,263;12,917
30,08;478,17;264,118;10,457;3,262;12,913
30,08;478,2;264,138;10,457;3,261;12,909
30,08;478,22;264,158;10,458;3,259;12,904
30,08;478,25;264,177;10,459;3,258;12,9
30,08;478,27;264,198;10,46;3,257;12,896
30,08;478,3;264,217;10,46;3,256;12,892
30,09;478,32;264,236;10,461;3,255;12,887
30,09;478,35;264,256;10,462;3,254;12,883
30,09;478,37;264,275;10,463;3,253;12,879
30,09;478,4;264,295;10,463;3,252;12,875
30,09;478,42;264,314;10,464;3,251;12,871
30,09;478,45;264,333;10,465;3,25;12,866
30,1;478,47;264,352;10,466;3,249;12,862
30,1;478,5;264,371;10,467;3,248;12,858
30,1;478,52;264,389;10,467;3,247;12,854
30,1;478,55;264,408;10,468;3,246;12,849
30,1;478,57;264,428;10,469;3,245;12,845
30,11;478,6;264,447;10,47;3,243;12,841
30,11;478,62;264,466;10,47;3,242;12,837
30,11;478,65;264,486;10,471;3,241;12,832
30,11;478,67;264,505;10,472;3,24;12,828
30,11;478,7;264,524;10,473;3,239;12,824
30,11;478,72;264,544;10,473;3,238;12,82
30,12;478,75;264,563;10,474;3,237;12,816
30,12;478,77;264,581;10,475;3,236;12,811
30,12;478,8;264,6;10,476;3,235;12,807
30,12;478,82;264,62;10,476;3,234;12,803
30,12;478,85;264,639;10,477;3,233;12,799
30,12;478,87;264,659;10,478;3,232;12,794
30,13;478,9;264,677;10,479;3,231;12,79
30,13;478,92;264,696;10,479;3,23;12,786
30,13;478,95;264,715;10,48;3,229;12,782
30,13;478,97;264,734;10,481;3,227;12,778
30,13;479;264,753;10,482;3,226;12,773
30,13;479,02;264,772;10,482;3,225;12,769
30,13;479,05;264,791;10,483;3,224;12,765
30,14;479,07;264,811;10,484;3,223;12,761
30,14;479,1;264,829;10,485;3,222;12,756
30,14;479,12;264,847;10,485;3,221;12,752
30,14;479,15;264,866;10,486;3,22;12,748
30,14;479,17;264,886;10,487;3,219;12,744
30,14;479,2;264,906;10,488;3,218;12,739
30,15;479,22;264,924;10,488;3,217;12,735
30,15;479,25;264,943;10,489;3,216;12,731
30,15;479,27;264,962;10,49;3,215;12,727
30,15;479,3;264,981;10,491;3,214;12,723
30,15;479,32;264,999;10,491;3,212;12,718
30,16;479,35;265,017;10,492;3,211;12,714
30,16;479,37;265,035;10,493;3,21;12,71
30,16;479,4;265,054;10,494;3,209;12,706
30,16;479,42;265,073;10,494;3,208;12,701
30,16;479,45;265,092;10,495;3,207;12,697
30,16;479,47;265,111;10,496;3,206;12,693
30,17;479,5;265,13;10,497;3,205;12,689
30,17;479,52;265,148;10,497;3,204;12,685
30,17;479,55;265,167;10,498;3,203;12,68
30,17;479,57;265,186;10,499;3,202;12,676
30,17;479,6;265,205;10,5;3,201;12,672
30,17;479,62;265,223;10,5;3,2;12,668
30,18;479,65;265,242;10,501;3,199;12,664
30,18;479,67;265,262;10,502;3,198;12,659
30,18;479,7;265,281;10,503;3,197;12,655
30,18;479,72;265,3;10,503;3,195;12,651
30,18;479,75;265,318;10,504;3,194;12,647
30,18;479,77;265,337;10,505;3,193;12,642
30,18;479,8;265,356;10,506;3,192;12,638
30,19;479,82;265,375;10,506;3,191;12,634
30,19;479,85;265,394;10,507;3,19;12,63
30,19;479,87;265,413;10,508;3,189;12,626
30,19;479,9;265,432;10,509;3,188;12,621
30,19;479,92;265,451;10,509;3,187;12,617
30,19;479,95;265,469;10,51;3,186;12,613
30,2;479,97;265,487;10,511;3,185;12,609
30,2;480;265,506;10,511;3,184;12,605
30,2;480,02;265,524;10,512;3,183;12,6
30,2;480,05;265,542;10,513;3,182;12,596
30,2;480,07;265,561;10,514;3,181;12,592
30,21;480,1;265,579;10,514;3,18;12,588
30,21;480,12;265,597;10,515;3,178;12,584
30,21;480,15;265,614;10,516;3,177;12,579
30,21;480,17;265,633;10,516;3,176;12,575
30,21;480,2;265,651;10,517;3,175;12,571
30,21;480,23;265,669;10,518;3,174;12,567
30,22;480,25;265,688;10,519;3,173;12,562
30,22;480,27;265,706;10,519;3,172;12,558
30,22;480,3;265,724;10,52;3,171;12,554
30,22;480,32;265,742;10,521;3,17;12,55
30,22;480,35;265,76;10,521;3,169;12,546
30,22;480,37;265,777;10,522;3,168;12,541
30,23;480,4;265,795;10,523;3,167;12,537
30,23;480,42;265,813;10,524;3,166;12,533
30,23;480,45;265,829;10,524;3,165;12,529
30,23;480,48;265,847;10,525;3,164;12,525
30,23;480,5;265,864;10,526;3,163;12,52
30,23;480,52;265,881;10,526;3,161;12,516
30,23;480,55;265,899;10,527;3,16;12,512
30,24;480,58;265,916;10,528;3,159;12,508
30,24;480,6;265,934;10,528;3,158;12,504
30,24;480,63;265,951;10,529;3,157;12,499
30,24;480,65;265,969;10,53;3,156;12,495
30,24;480,68;265,987;10,53;3,155;12,491
30,24;480,7;266,004;10,531;3,154;12,487
30,25;480,72;266,021;10,532;3,153;12,483
30,25;480,75;266,038;10,533;3,152;12,478
30,25;480,77;266,055;10,533;3,151;12,474
30,25;480,8;266,072;10,534;3,15;12,47
30,25;480,82;266,09;10,535;3,149;12,466
30,26;480,85;266,107;10,535;3,148;12,462
30,26;480,87;266,125;10,536;3,147;12,457
30,26;480,9;266,142;10,537;3,146;12,453
30,26;480,92;266,159;10,537;3,144;12,449
30,26;480,95;266,176;10,538;3,143;12,445
30,26;480,97;266,194;10,539;3,142;12,441
30,27;481;266,212;10,539;3,141;12,436
30,27;481,02;266,229;10,54;3,14;12,432
30,27;481,05;266,246;10,541;3,139;12,428
30,27;481,07;266,263;10,541;3,138;12,424
30,27;481,1;266,28;10,542;3,137;12,42
30,27;481,12;266,297;10,543;3,136;12,416
30,28;481,15;266,313;10,543;3,135;12,411
30,28;481,17;266,33;10,544;3,134;12,407
30,28;481,2;266,347;10,545;3,133;12,403
30,28;481,22;266,364;10,545;3,132;12,399
30,28;481,25;266,381;10,546;3,131;12,395
30,28;481,27;266,399;10,547;3,13;12,39
30,28;481,3;266,416;10,547;3,129;12,386
30,29;481,32;266,433;10,548;3,128;12,382
30,29;481,35;266,451;10,549;3,126;12,378
30,29;481,37;266,468;10,55;3,125;12,374
30,29;481,4;266,485;10,55;3,124;12,369
30,29;481,42;266,502;10,551;3,123;12,365
30,29;481,45;266,52;10,552;3,122;12,361
30,3;481,47;266,537;10,552;3,121;12,357
30,3;481,5;266,554;10,553;3,12;12,353
30,3;481,52;266,571;10,554;3,119;12,348
30,3;481,55;266,587;10,554;3,118;12,344
30,3;481,57;266,604;10,555;3,117;12,34
30,31;481,6;266,621;10,556;3,116;12,336
30,31;481,62;266,638;10,556;3,115;12,332
30,31;481,65;266,656;10,557;3,114;12,327
30,31;481,67;266,672;10,558;3,113;12,323
30,31;481,7;266,689;10,558;3,112;12,319
30,31;481,72;266,706;10,559;3,111;12,315
30,32;481,75;266,723;10,56;3,11;12,311
30,32;481,77;266,741;10,56;3,108;12,307
30,32;481,8;266,758;10,561;3,107;12,302
30,32;481,82;266,774;10,562;3,106;12,298
30,32;481,85;266,791;10,562;3,105;12,294
30,32;481,87;266,809;10,563;3,104;12,29
30,33;481,9;266,826;10,564;3,103;12,286
30,33;481,92;266,843;10,564;3,102;12,281
30,33;481,95;266,86;10,565;3,101;12,277
30,33;481,97;266,877;10,566;3,1;12,273
30,33;482;266,894;10,566;3,099;12,269
30,33;482,02;266,911;10,567;3,098;12,265
30,33;482,05;266,927;10,568;3,097;12,261
30,34;482,07;266,944;10,568;3,096;12,256
30,34;482,1;266,96;10,569;3,095;12,252
30,34;482,12;266,977;10,57;3,094;12,248
30,34;482,15;266,994;10,57;3,093;12,244
30,34;482,17;267,011;10,571;3,092;12,24
30,34;482,2;267,027;10,572;3,091;12,235
30,35;482,22;267,044;10,572;3,089;12,231
30,35;482,25;267,061;10,573;3,088;12,227
30,35;482,27;267,077;10,574;3,087;12,223
30,35;482,3;267,094;10,574;3,086;12,219
30,35;482,32;267,111;10,575;3,085;12,215
30,36;482,35;267,127;10,576;3,084;12,21
30,36;482,37;267,144;10,576;3,083;12,206
30,36;482,4;267,161;10,577;3,082;12,202
30,36;482,42;267,178;10,578;3,081;12,198
30,36;482,45;267,194;10,578;3,08;12,194
30,36;482,47;267,211;10,579;3,079;12,189
30,37;482,49;267,227;10,58;3,078;12,185
30,37;482,52;267,243;10,58;3,077;12,181
30,37;482,54;267,259;10,581;3,076;12,177
30,37;482,57;267,276;10,582;3,075;12,173
30,37;482,59;267,292;10,582;3,074;12,169
30,37;482,62;267,308;10,583;3,073;12,164
30,38;482,64;267,324;10,583;3,072;12,16
30,38;482,67;267,34;10,584;3,07;12,156
30,38;482,69;267,356;10,585;3,069;12,152
30,38;482,72;267,373;10,585;3,068;12,148
30,38;482,74;267,389;10,586;3,067;12,143
30,38;482,77;267,404;10,587;3,066;12,139
30,38;482,79;267,421;10,587;3,065;12,135
30,39;482,82;267,437;10,588;3,064;12,131
30,39;482,84;267,453;10,589;3,063;12,127
30,39;482,87;267,469;10,589;3,062;12,123
30,39;482,89;267,484;10,59;3,061;12,118
30,39;482,92;267,5;10,59;3,06;12,114
30,39;482,94;267,516;10,591;3,059;12,11
30,4;482,97;267,531;10,592;3,058;12,106
30,4;482,99;267,547;10,592;3,057;12,102
30,4;483,02;267,562;10,593;3,056;12,097
30,4;483,04;267,577;10,593;3,055;12,093
30,4;483,07;267,592;10,594;3,054;12,089
30,41;483,09;267,608;10,595;3,053;12,085
30,41;483,12;267,622;10,595;3,051;12,081
30,41;483,14;267,638;10,596;3,05;12,077
30,41;483,17;267,653;10,596;3,049;12,072
30,41;483,19;267,668;10,597;3,048;12,068
30,41;483,22;267,684;10,598;3,047;12,064
30,42;483,24;267,699;10,598;3,046;12,06
30,42;483,27;267,715;10,599;3,045;12,056
30,42;483,29;267,73;10,6;3,044;12,052
30,42;483,32;267,745;10,6;3,043;12,047
30,42;483,34;267,761;10,601;3,042;12,043
30,42;483,37;267,776;10,601;3,041;12,039
30,43;483,39;267,791;10,602;3,04;12,035
30,43;483,42;267,806;10,603;3,039;12,031
30,43;483,44;267,821;10,603;3,038;12,027
30,43;483,47;267,836;10,604;3,037;12,022
30,43;483,49;267,851;10,604;3,036;12,018
30,43;483,52;267,865;10,605;3,035;12,014
30,43;483,54;267,88;10,605;3,034;12,01
30,44;483,57;267,895;10,606;3,032;12,006
30,44;483,59;267,91;10,607;3,031;12,002
30,44;483,62;267,924;10,607;3,03;11,997
30,44;483,64;267,938;10,608;3,029;11,993
30,44;483,67;267,953;10,608;3,028;11,989
30,44;483,69;267,968;10,609;3,027;11,985
30,45;483,72;267,982;10,609;3,026;11,981
30,45;483,74;267,997;10,61;3,025;11,977
30,45;483,76;268,011;10,611;3,024;11,972
30,45;483,79;268,026;10,611;3,023;11,968
30,45;483,81;268,04;10,612;3,022;11,964
30,46;483,84;268,054;10,612;3,021;11,96
30,46;483,86;268,069;10,613;3,02;11,956
30,46;483,89;268,084;10,613;3,019;11,952
30,46;483,91;268,098;10,614;3,018;11,948
30,46;483,94;268,112;10,615;3,017;11,943
30,46;483,96;268,127;10,615;3,016;11,939
30,47;483,99;268,141;10,616;3,015;11,935
30,47;484,01;268,155;10,616;3,014;11,931
30,47;484,04;268,17;10,617;3,013;11,927
30,47;484,06;268,184;10,617;3,011;11,923
30,47;484,09;268,199;10,618;3,01;11,918
30,47;484,11;268,213;10,619;3,009;11,914
30,48;484,14;268,228;10,619;3,008;11,91
30,48;484,16;268,242;10,62;3,007;11,906
30,48;484,19;268,257;10,62;3,006;11,902
30,48;484,21;268,272;10,621;3,005;11,898
30,48;484,24;268,287;10,622;3,004;11,893
30,48;484,26;268,302;10,622;3,003;11,889
30,48;484,29;268,317;10,623;3,002;11,885
30,49;484,31;268,332;10,623;3,001;11,881
30,49;484,34;268,347;10,624;3;11,877
30,49;484,36;268,362;10,625;2,999;11,873
30,49;484,39;268,376;10,625;2,998;11,868
30,49;484,41;268,391;10,626;2,997;11,864
30,49;484,44;268,405;10,626;2,996;11,86
30,5;484,46;268,42;10,627;2,995;11,856
30,5;484,49;268,434;10,627;2,994;11,852
30,5;484,51;268,449;10,628;2,993;11,848
30,5;484,54;268,463;10,629;2,992;11,843
30,5;484,56;268,478;10,629;2,99;11,839
30,51;484,58;268,492;10,63;2,989;11,835
30,51;484,61;268,507;10,63;2,988;11,831
30,51;484,63;268,521;10,631;2,987;11,827
30,51;484,66;268,535;10,631;2,986;11,823
30,51;484,68;268,549;10,632;2,985;11,818
30,51;484,71;268,564;10,632;2,984;11,814
30,52;484,73;268,578;10,633;2,983;11,81
30,52;484,76;268,592;10,634;2,982;11,806
30,52;484,78;268,606;10,634;2,981;11,802
30,52;484,81;268,62;10,635;2,98;11,798
30,52;484,83;268,635;10,635;2,979;11,794
30,52;484,86;268,649;10,636;2,978;11,789
30,53;484,88;268,663;10,636;2,977;11,785
30,53;484,91;268,677;10,637;2,976;11,781
30,53;484,93;268,691;10,638;2,975;11,777
30,53;484,96;268,705;10,638;2,974;11,773
30,53;484,98;268,72;10,639;2,973;11,769
30,53;485,01;268,734;10,639;2,972;11,764
30,53;485,03;268,749;10,64;2,971;11,76
30,54;485,06;268,763;10,64;2,969;11,756
30,54;485,08;268,778;10,641;2,968;11,752
30,54;485,11;268,792;10,642;2,967;11,748
30,54;485,13;268,806;10,642;2,966;11,744
30,54;485,16;268,821;10,643;2,965;11,74
30,54;485,18;268,835;10,643;2,964;11,735
30,55;485,2;268,849;10,644;2,963;11,731
30,55;485,23;268,864;10,644;2,962;11,727
30,55;485,25;268,878;10,645;2,961;11,723
30,55;485,28;268,892;10,646;2,96;11,719
30,55;485,3;268,906;10,646;2,959;11,715
30,56;485,33;268,921;10,647;2,958;11,711
30,56;485,35;268,935;10,647;2,957;11,707
30,56;485,38;268,949;10,648;2,956;11,702
30,56;485,4;268,963;10,648;2,955;11,698
30,56;485,43;268,977;10,649;2,954;11,694
30,56;485,45;268,99;10,649;2,953;11,69
30,57;485,48;269,004;10,65;2,952;11,686
30,57;485,5;269,018;10,65;2,951;11,682
30,57;485,53;269,031;10,651;2,95;11,678
30,57;485,55;269,045;10,652;2,949;11,673
30,57;485,58;269,058;10,652;2,948;11,669
30,57;485,6;269,072;10,653;2,946;11,665
30,58;485,63;269,085;10,653;2,945;11,661
30,58;485,65;269,099;10,654;2,944;11,657
30,58;485,68;269,113;10,654;2,943;11,653
30,58;485,7;269,126;10,655;2,942;11,649
30,58;485,73;269,14;10,655;2,941;11,645
30,58;485,75;269,154;10,656;2,94;11,64
30,58;485,77;269,168;10,656;2,939;11,636
30,59;485,8;269,181;10,657;2,938;11,632
30,59;485,82;269,195;10,658;2,937;11,628
30,59;485,85;269,209;10,658;2,936;11,624
30,59;485,87;269,222;10,659;2,935;11,62
30,59;485,9;269,236;10,659;2,934;11,616
30,59;485,92;269,249;10,66;2,933;11,612
30,6;485,95;269,263;10,66;2,932;11,607
30,6;485,97;269,277;10,661;2,931;11,603
30,6;486;269,29;10,661;2,93;11,599
30,6;486,02;269,304;10,662;2,929;11,595
30,6;486,05;269,317;10,662;2,928;11,591
30,61;486,07;269,331;10,663;2,927;11,587
30,61;486,1;269,344;10,663;2,926;11,583
30,61;486,12;269,358;10,664;2,925;11,578
30,61;486,15;269,371;10,664;2,924;11,574
30,61;486,17;269,384;10,665;2,922;11,57
30,61;486,2;269,397;10,666;2,921;11,566
30,62;486,22;269,41;10,666;2,92;11,562
30,62;486,25;269,423;10,667;2,919;11,558
30,62;486,27;269,436;10,667;2,918;11,554
30,62;486,3;269,449;10,668;2,917;11,55
30,62;486,32;269,462;10,668;2,916;11,545
30,62;486,34;269,475;10,669;2,915;11,541
30,63;486,37;269,488;10,669;2,914;11,537
30,63;486,39;269,501;10,67;2,913;11,533
30,63;486,42;269,514;10,67;2,912;11,529
30,63;486,44;269,527;10,671;2,911;11,525
30,63;486,47;269,54;10,671;2,91;11,521
30,63;486,49;269,553;10,672;2,909;11,517
30,63;486,52;269,565;10,672;2,908;11,512
30,64;486,54;269,578;10,673;2,907;11,508
30,64;486,57;269,591;10,673;2,906;11,504
30,64;486,59;269,604;10,674;2,905;11,5
30,64;486,62;269,616;10,674;2,904;11,496
30,64;486,64;269,629;10,675;2,903;11,492
30,64;486,67;269,642;10,675;2,902;11,488
30,65;486,69;269,654;10,676;2,901;11,484
30,65;486,72;269,667;10,676;2,9;11,479
30,65;486,74;269,68;10,677;2,899;11,475
30,65;486,77;269,692;10,677;2,897;11,471
30,65;486,79;269,705;10,678;2,896;11,467
30,66;486,82;269,717;10,678;2,895;11,463
30,66;486,84;269,73;10,679;2,894;11,459
30,66;486,86;269,742;10,679;2,893;11,455
30,66;486,89;269,755;10,68;2,892;11,451
30,66;486,91;269,767;10,68;2,891;11,447
30,66;486,94;269,779;10,681;2,89;11,443
30,67;486,96;269,791;10,681;2,889;11,438
30,67;486,99;269,803;10,682;2,888;11,434
30,67;487,01;269,815;10,682;2,887;11,43
30,67;487,04;269,827;10,683;2,886;11,426
30,67;487,06;269,839;10,683;2,885;11,422
30,67;487,09;269,851;10,683;2,884;11,418
30,68;487,11;269,863;10,684;2,883;11,414
30,68;487,14;269,876;10,684;2,882;11,41
30,68;487,16;269,888;10,685;2,881;11,406
30,68;487,19;269,9;10,685;2,88;11,401
30,68;487,21;269,912;10,686;2,879;11,397
30,68;487,24;269,924;10,686;2,878;11,393
30,68;487,26;269,936;10,687;2,877;11,389
30,69;487,29;269,948;10,687;2,876;11,385
30,69;487,31;269,96;10,688;2,875;11,381
30,69;487,34;269,972;10,688;2,874;11,377
30,69;487,36;269,984;10,689;2,873;11,373
30,69;487,38;269,996;10,689;2,872;11,369
30,69;487,41;270,008;10,69;2,871;11,365
30,7;487,43;270,02;10,69;2,87;11,361
30,7;487,46;270,032;10,691;2,868;11,356
30,7;487,48;270,044;10,691;2,867;11,352
30,7;487,51;270,056;10,692;2,866;11,348
30,7;487,53;270,068;10,692;2,865;11,344
30,71;487,56;270,08;10,693;2,864;11,34
30,71;487,58;270,091;10,693;2,863;11,336
30,71;487,61;270,103;10,693;2,862;11,332
30,71;487,63;270,115;10,694;2,861;11,328
30,71;487,66;270,127;10,694;2,86;11,324
30,71;487,68;270,139;10,695;2,859;11,319
30,72;487,71;270,151;10,695;2,858;11,315
30,72;487,73;270,162;10,696;2,857;11,311
30,72;487,76;270,174;10,696;2,856;11,307
30,72;487,78;270,186;10,697;2,855;11,303
30,72;487,81;270,198;10,697;2,854;11,299
30,72;487,83;270,209;10,698;2,853;11,295
30,73;487,85;270,221;10,698;2,852;11,291
30,73;487,88;270,233;10,699;2,851;11,287
30,73;487,9;270,245;10,699;2,85;11,283
30,73;487,93;270,256;10,7;2,849;11,279
30,73;487,95;270,268;10,7;2,848;11,274
30,73;487,98;270,279;10,7;2,847;11,27
30,73;488;270,291;10,701;2,846;11,266
30,74;488,03;270,303;10,701;2,845;11,262
30,74;488,05;270,314;10,702;2,844;11,258
30,74;488,08;270,326;10,702;2,843;11,254
30,74;488,1;270,338;10,703;2,842;11,25
30,74;488,13;270,35;10,703;2,841;11,246
30,74;488,15;270,361;10,704;2,84;11,242
30,75;488,18;270,373;10,704;2,838;11,238
30,75;488,2;270,384;10,705;2,837;11,233
30,75;488,22;270,396;10,705;2,836;11,229
30,75;488,25;270,408;10,706;2,835;11,225
30,75;488,27;270,419;10,706;2,834;11,221
30,76;488,3;270,431;10,706;2,833;11,217
30,76;488,32;270,442;10,707;2,832;11,213
30,76;488,35;270,453;10,707;2,831;11,209
30,76;488,37;270,465;10,708;2,83;11,205
30,76;488,4;270,476;10,708;2,829;11,201
30,76;488,42;270,487;10,709;2,828;11,197
30,77;488,45;270,499;10,709;2,827;11,193
30,77;488,47;270,51;10,71;2,826;11,188
30,77;488,5;270,521;10,71;2,825;11,184
30,77;488,52;270,532;10,71;2,824;11,18
30,77;488,55;270,544;10,711;2,823;11,176
30,77;488,57;270,555;10,711;2,822;11,172
30,78;488,6;270,566;10,712;2,821;11,168
30,78;488,62;270,577;10,712;2,82;11,164
30,78;488,64;270,588;10,713;2,819;11,16
30,78;488,67;270,599;10,713;2,818;11,156
30,78;488,69;270,61;10,714;2,817;11,152
30,78;488,72;270,621;10,714;2,816;11,148
30,78;488,74;270,632;10,714;2,815;11,144
30,79;488,77;270,643;10,715;2,814;11,139
30,79;488,79;270,654;10,715;2,813;11,135
30,79;488,82;270,665;10,716;2,812;11,131
30,79;488,84;270,675;10,716;2,811;11,127
30,79;488,87;270,686;10,717;2,81;11,123
30,79;488,89;270,697;10,717;2,809;11,119
30,8;488,91;270,707;10,717;2,808;11,115
30,8;488,94;270,718;10,718;2,806;11,111
30,8;488,96;270,728;10,718;2,805;11,107
30,8;488,99;270,739;10,719;2,804;11,103
30,8;489,01;270,749;10,719;2,803;11,099
30,81;489,04;270,76;10,719;2,802;11,095
30,81;489,06;270,77;10,72;2,801;11,091
30,81;489,09;270,78;10,72;2,8;11,086
30,81;489,11;270,791;10,721;2,799;11,082
30,81;489,14;270,801;10,721;2,798;11,078
30,81;489,16;270,811;10,721;2,797;11,074
30,82;489,19;270,822;10,722;2,796;11,07
30,82;489,21;270,832;10,722;2,795;11,066
30,82;489,23;270,842;10,723;2,794;11,062
30,82;489,26;270,852;10,723;2,793;11,058
30,82;489,28;270,862;10,724;2,792;11,054
30,82;489,31;270,872;10,724;2,791;11,05
30,83;489,33;270,882;10,724;2,79;11,046
30,83;489,36;270,893;10,725;2,789;11,042
30,83;489,38;270,903;10,725;2,788;11,038
30,83;489,41;270,912;10,725;2,787;11,034
30,83;489,43;270,923;10,726;2,786;11,03
30,83;489,46;270,932;10,726;2,785;11,025
30,83;489,48;270,942;10,727;2,784;11,021
30,84;489,51;270,952;10,727;2,783;11,017
30,84;489,53;270,962;10,727;2,782;11,013
30,84;489,55;270,971;10,728;2,781;11,009
30,84;489,58;270,981;10,728;2,78;11,005
30,84;489,6;270,991;10,729;2,779;11,001
30,84;489,63;271,001;10,729;2,778;10,997
30,85;489,65;271,011;10,729;2,777;10,993
30,85;489,68;271,021;10,73;2,776;10,989
30,85;489,7;271,03;10,73;2,775;10,985
30,85;489,73;271,04;10,731;2,774;10,981
30,85;489,75;271,05;10,731;2,773;10,977
30,86;489,78;271,059;10,731;2,772;10,973
30,86;489,8;271,069;10,732;2,771;10,969
30,86;489,83;271,078;10,732;2,77;10,965
30,86;489,85;271,088;10,732;2,769;10,961
30,86;489,87;271,097;10,733;2,767;10,957
30,86;489,9;271,106;10,733;2,766;10,952
30,87;489,92;271,116;10,734;2,765;10,948
30,87;489,95;271,125;10,734;2,764;10,944
30,87;489,97;271,134;10,734;2,763;10,94
30,87;490;271,143;10,735;2,762;10,936
30,87;490,02;271,151;10,735;2,761;10,932
30,87;490,05;271,16;10,735;2,76;10,928
30,88;490,07;271,169;10,736;2,759;10,924
30,88;490,1;271,178;10,736;2,758;10,92
30,88;490,12;271,187;10,736;2,757;10,916
30,88;490,15;271,196;10,737;2,756;10,912
30,88;490,17;271,205;10,737;2,755;10,908
30,88;490,19;271,214;10,737;2,754;10,904
30,88;490,22;271,222;10,738;2,753;10,9
30,89;490,24;271,231;10,738;2,752;10,896
30,89;490,27;271,24;10,738;2,751;10,892
30,89;490,29;271,248;10,739;2,75;10,888
30,89;490,32;271,257;10,739;2,749;10,884
30,89;490,34;271,266;10,739;2,748;10,88
30,89;490,37;271,274;10,74;2,747;10,875
30,9;490,39;271,283;10,74;2,746;10,871
30,9;490,42;271,291;10,74;2,745;10,867
30,9;490,44;271,3;10,741;2,744;10,863
30,9;490,47;271,308;10,741;2,743;10,859
30,9;490,49;271,317;10,741;2,742;10,855
30,91;490,51;271,325;10,742;2,741;10,851
30,91;490,54;271,333;10,742;2,74;10,847
30,91;490,56;271,342;10,742;2,739;10,843
30,91;490,59;271,35;10,743;2,738;10,839
30,91;490,61;271,358;10,743;2,737;10,835
30,91;490,64;271,367;10,743;2,736;10,831
30,92;490,66;271,375;10,744;2,735;10,827
30,92;490,69;271,384;10,744;2,734;10,823
30,92;490,71;271,392;10,744;2,733;10,819
30,92;490,74;271,4;10,745;2,732;10,815
30,92;490,76;271,409;10,745;2,731;10,811
30,92;490,79;271,417;10,745;2,73;10,807
30,93;490,81;271,425;10,746;2,729;10,803
30,93;490,83;271,433;10,746;2,728;10,799
30,93;490,86;271,441;10,746;2,727;10,795
30,93;490,88;271,45;10,747;2,726;10,791
30,93;490,91;271,457;10,747;2,725;10,787
30,93;490,93;271,465;10,747;2,724;10,783
30,93;490,96;271,473;10,748;2,723;10,779
30,94;490,98;271,481;10,748;2,722;10,775
30,94;491,01;271,489;10,748;2,72;10,77
30,94;491,03;271,497;10,749;2,719;10,766
30,94;491,06;271,505;10,749;2,718;10,762
30,94;491,08;271,513;10,749;2,717;10,758
30,94;491,1;271,521;10,75;2,716;10,754
30,95;491,13;271,529;10,75;2,715;10,75
30,95;491,15;271,536;10,75;2,714;10,746
30,95;491,18;271,545;10,751;2,713;10,742
30,95;491,2;271,553;10,751;2,712;10,738
30,95;491,23;271,561;10,751;2,711;10,734
30,96;491,25;271,57;10,752;2,71;10,73
30,96;491,28;271,578;10,752;2,709;10,726
30,96;491,3;271,586;10,752;2,708;10,722
30,96;491,33;271,594;10,752;2,707;10,718
30,96;491,35;271,602;10,753;2,706;10,714
30,96;491,38;271,61;10,753;2,705;10,71
30,97;491,4;271,618;10,753;2,704;10,706
30,97;491,42;271,625;10,754;2,703;10,702
30,97;491,45;271,633;10,754;2,702;10,698
30,97;491,47;271,641;10,754;2,701;10,694
30,97;491,5;271,649;10,755;2,7;10,69
30,97;491,52;271,656;10,755;2,699;10,686
30,98;491,55;271,663;10,755;2,698;10,682
30,98;491,57;271,67;10,755;2,697;10,678
30,98;491,6;271,677;10,756;2,696;10,674
30,98;491,62;271,684;10,756;2,695;10,67
30,98;491,65;271,691;10,756;2,694;10,666
30,98;491,67;271,698;10,757;2,693;10,662
30,98;491,69;271,705;10,757;2,692;10,658
30,99;491,72;271,712;10,757;2,691;10,654
30,99;491,74;271,719;10,757;2,69;10,65
30,99;491,77;271,726;10,758;2,689;10,645
30,99;491,79;271,733;10,758;2,688;10,641
30,99;491,82;271,74;10,758;2,687;10,637
30,99;491,84;271,747;10,759;2,686;10,633
31;491,87;271,754;10,759;2,685;10,629
31;491,89;271,76;10,759;2,684;10,625
31;491,91;271,767;10,759;2,683;10,621
31;491,94;271,773;10,76;2,682;10,617
31;491,96;271,78;10,76;2,681;10,613
31,01;491,99;271,786;10,76;2,68;10,609
31,01;492,01;271,792;10,76;2,679;10,605
31,01;492,04;271,799;10,761;2,678;10,601
31,01;492,06;271,806;10,761;2,677;10,597
31,01;492,09;271,812;10,761;2,676;10,593
31,01;492,11;271,819;10,761;2,675;10,589
31,02;492,14;271,825;10,762;2,674;10,585
31,02;492,16;271,832;10,762;2,673;10,581
31,02;492,18;271,838;10,762;2,672;10,577
31,02;492,21;271,845;10,762;2,671;10,573
31,02;492,23;271,851;10,763;2,67;10,569
31,02;492,26;271,858;10,763;2,669;10,565
31,03;492,28;271,864;10,763;2,668;10,561
31,03;492,31;271,871;10,763;2,667;10,557
31,03;492,33;271,877;10,764;2,666;10,553
31,03;492,36;271,884;10,764;2,665;10,549
31,03;492,38;271,89;10,764;2,664;10,545
31,03;492,4;271,896;10,764;2,663;10,541
31,03;492,43;271,903;10,765;2,662;10,537
31,04;492,45;271,909;10,765;2,661;10,533
31,04;492,48;271,915;10,765;2,66;10,529
31,04;492,5;271,922;10,765;2,659;10,525
31,04;492,53;271,928;10,766;2,658;10,521
31,04;492,55;271,934;10,766;2,656;10,517
31,04;492,58;271,94;10,766;2,655;10,513
31,05;492,6;271,946;10,766;2,654;10,509
31,05;492,63;271,953;10,767;2,653;10,505
31,05;492,65;271,959;10,767;2,652;10,501
31,05;492,67;271,965;10,767;2,651;10,497
31,05;492,7;271,972;10,767;2,65;10,493
31,06;492,72;271,978;10,768;2,649;10,489
31,06;492,75;271,984;10,768;2,648;10,485
31,06;492,77;271,991;10,768;2,647;10,481
31,06;492,8;271,998;10,768;2,646;10,477
31,06;492,82;272,005;10,769;2,645;10,473
31,06;492,85;272,011;10,769;2,644;10,469
31,07;492,87;272,018;10,769;2,643;10,465
31,07;492,89;272,024;10,77;2,642;10,461
31,07;492,92;272,03;10,77;2,641;10,457
31,07;492,94;272,036;10,77;2,64;10,453
31,07;492,97;272,043;10,77;2,639;10,449
31,07;492,99;272,049;10,77;2,638;10,445
31,08;493,02;272,056;10,771;2,637;10,441
31,08;493,04;272,062;10,771;2,636;10,437
31,08;493,07;272,069;10,771;2,635;10,433
31,08;493,09;272,075;10,772;2,634;10,429
31,08;493,12;272,082;10,772;2,633;10,425
31,08;493,14;272,088;10,772;2,632;10,421
31,08;493,16;272,095;10,772;2,631;10,417
31,09;493,19;272,101;10,773;2,63;10,413
31,09;493,21;272,108;10,773;2,629;10,409
31,09;493,24;272,114;10,773;2,628;10,405
31,09;493,26;272,119;10,773;2,627;10,401
31,09;493,29;272,125;10,773;2,626;10,397
31,09;493,31;272,131;10,774;2,625;10,393
31,1;493,34;272,137;10,774;2,624;10,389
31,1;493,36;272,143;10,774;2,623;10,385
31,1;493,38;272,149;10,774;2,622;10,381
31,1;493,41;272,155;10,775;2,621;10,377
31,1;493,43;272,161;10,775;2,62;10,373
31,11;493,46;272,167;10,775;2,619;10,369
31,11;493,48;272,173;10,775;2,618;10,365
31,11;493,51;272,178;10,776;2,617;10,361
31,11;493,53;272,184;10,776;2,616;10,357
31,11;493,56;272,19;10,776;2,615;10,353
31,11;493,58;272,196;10,776;2,614;10,349
31,12;493,6;272,201;10,777;2,613;10,345
31,12;493,63;272,207;10,777;2,612;10,341
31,12;493,65;272,213;10,777;2,611;10,337
31,12;493,68;272,218;10,777;2,61;10,333
31,12;493,7;272,223;10,777;2,609;10,329
31,12;493,73;272,228;10,778;2,608;10,326
31,13;493,75;272,233;10,778;2,607;10,322
31,13;493,78;272,238;10,778;2,606;10,318
31,13;493,8;272,244;10,778;2,605;10,314
31,13;493,82;272,249;10,778;2,604;10,31
31,13;493,85;272,254;10,779;2,603;10,306
31,13;493,87;272,259;10,779;2,602;10,302
31,13;493,9;272,264;10,779;2,601;10,298
31,14;493,92;272,269;10,779;2,6;10,294
31,14;493,95;272,274;10,779;2,599;10,29
31,14;493,97;272,279;10,78;2,598;10,286
31,14;494;272,284;10,78;2,597;10,282
31,14;494,02;272,289;10,78;2,596;10,278
31,14;494,04;272,294;10,78;2,595;10,274
31,15;494,07;272,298;10,78;2,594;10,27
31,15;494,09;272,302;10,781;2,593;10,266
31,15;494,12;272,307;10,781;2,592;10,262
31,15;494,14;272,311;10,781;2,591;10,258
31,15;494,17;272,315;10,781;2,59;10,254
31,16;494,19;272,32;10,781;2,589;10,25
31,16;494,21;272,324;10,781;2,588;10,246
31,16;494,24;272,328;10,782;2,587;10,242
31,16;494,26;272,332;10,782;2,586;10,238
31,16;494,29;272,336;10,782;2,585;10,234
31,16;494,31;272,34;10,782;2,584;10,23
31,17;494,34;272,343;10,782;2,583;10,226
31,17;494,36;272,347;10,782;2,582;10,222
31,17;494,38;272,351;10,782;2,581;10,218
31,17;494,41;272,354;10,783;2,58;10,214
31,17;494,43;272,358;10,783;2,579;10,21
31,17;494,46;272,362;10,783;2,578;10,206
31,18;494,48;272,367;10,783;2,577;10,202
31,18;494,51;272,371;10,783;2,576;10,198
31,18;494,53;272,375;10,783;2,575;10,194
31,18;494,56;272,379;10,784;2,574;10,191
31,18;494,58;272,383;10,784;2,573;10,187
31,18;494,6;272,387;10,784;2,572;10,183
31,18;494,63;272,391;10,784;2,571;10,179
31,19;494,65;272,396;10,784;2,57;10,175
31,19;494,68;272,4;10,784;2,569;10,171
31,19;494,7;272,403;10,785;2,568;10,167
31,19;494,73;272,407;10,785;2,567;10,163
31,19;494,75;272,411;10,785;2,566;10,159
31,19;494,78;272,414;10,785;2,565;10,155
31,2;494,8;272,418;10,785;2,564;10,151
31,2;494,82;272,421;10,785;2,563;10,147
31,2;494,85;272,425;10,785;2,562;10,143
31,2;494,87;272,428;10,785;2,561;10,139
31,2;494,9;272,432;10,786;2,56;10,135
31,21;494,92;272,436;10,786;2,559;10,131
31,21;494,95;272,44;10,786;2,558;10,127
31,21;494,97;272,444;10,786;2,557;10,123
31,21;494,99;272,448;10,786;2,556;10,119
31,21;495,02;272,451;10,786;2,555;10,115
31,21;495,04;272,455;10,787;2,554;10,111
31,22;495,07;272,459;10,787;2,553;10,107
31,22;495,09;272,462;10,787;2,552;10,103
31,22;495,12;272,466;10,787;2,551;10,1
31,22;495,14;272,47;10,787;2,55;10,096
31,22;495,16;272,473;10,787;2,549;10,092
31,22;495,19;272,477;10,787;2,548;10,088
31,23;495,21;272,481;10,788;2,547;10,084
31,23;495,24;272,484;10,788;2,546;10,08
31,23;495,26;272,488;10,788;2,545;10,076
31,23;495,29;272,492;10,788;2,544;10,072
31,23;495,31;272,496;10,788;2,543;10,068
31,23;495,34;272,5;10,788;2,542;10,064
31,23;495,36;272,504;10,788;2,541;10,06
31,24;495,38;272,507;10,789;2,54;10,056
31,24;495,41;272,51;10,789;2,539;10,052
31,24;495,43;272,513;10,789;2,538;10,048
31,24;495,46;272,516;10,789;2,537;10,044
31,24;495,48;272,519;10,789;2,536;10,04
31,24;495,51;272,522;10,789;2,535;10,036
31,25;495,53;272,525;10,789;2,534;10,033
31,25;495,55;272,528;10,789;2,533;10,029
31,25;495,58;272,531;10,79;2,532;10,025
31,25;495,6;272,534;10,79;2,531;10,021
31,25;495,63;272,538;10,79;2,53;10,017
31,26;495,65;272,541;10,79;2,529;10,013
31,26;495,68;272,543;10,79;2,528;10,009
31,26;495,7;272,546;10,79;2,527;10,005
31,26;495,73;272,548;10,79;2,526;10,001
31,26;495,75;272,55;10,79;2,525;9,997
31,26;495,77;272,552;10,79;2,524;9,993
31,27;495,8;272,555;10,791;2,523;9,989
31,27;495,82;272,557;10,791;2,522;9,985
31,27;495,85;272,56;10,791;2,521;9,981
31,27;495,87;272,563;10,791;2,52;9,978
31,27;495,9;272,565;10,791;2,519;9,974
31,27;495,92;272,567;10,791;2,518;9,97
31,28;495,94;272,57;10,791;2,517;9,966
31,28;495,97;272,572;10,791;2,516;9,962
31,28;495,99;272,575;10,791;2,515;9,958
31,28;496,02;272,578;10,791;2,514;9,954
31,28;496,04;272,581;10,792;2,513;9,95
31,28;496,07;272,583;10,792;2,512;9,946
31,28;496,09;272,586;10,792;2,511;9,942
31,29;496,11;272,589;10,792;2,51;9,938
31,29;496,14;272,591;10,792;2,509;9,934
31,29;496,16;272,593;10,792;2,508;9,931
31,29;496,19;272,595;10,792;2,507;9,927
31,29;496,21;272,597;10,792;2,506;9,923
31,29;496,24;272,599;10,792;2,505;9,919
31,3;496,26;272,601;10,792;2,504;9,915
31,3;496,28;272,602;10,792;2,503;9,911
31,3;496,31;272,605;10,792;2,502;9,907
31,3;496,33;272,606;10,793;2,501;9,903
31,3;496,36;272,607;10,793;2,5;9,899
31,31;496,38;272,609;10,793;2,499;9,895
31,31;496,41;272,61;10,793;2,498;9,891
31,31;496,43;272,611;10,793;2,497;9,888
31,31;496,45;272,613;10,793;2,496;9,884
31,31;496,48;272,614;10,793;2,495;9,88
31,31;496,5;272,616;10,793;2,495;9,876
31,32;496,53;272,617;10,793;2,494;9,872
31,32;496,55;272,618;10,793;2,493;9,868
31,32;496,58;272,619;10,793;2,492;9,864
31,32;496,6;272,62;10,793;2,491;9,86
31,32;496,62;272,622;10,793;2,49;9,856
31,32;496,65;272,624;10,793;2,489;9,852
31,33;496,67;272,626;10,793;2,488;9,848
31,33;496,7;272,628;10,793;2,487;9,845
31,33;496,72;272,628;10,793;2,486;9,841
31,33;496,75;272,63;10,793;2,485;9,837
31,33;496,77;272,632;10,794;2,484;9,833
31,33;496,79;272,633;10,794;2,483;9,829
31,33;496,82;272,634;10,794;2,482;9,825
31,34;496,84;272,635;10,794;2,481;9,821
31,34;496,87;272,637;10,794;2,48;9,817
31,34;496,89;272,639;10,794;2,479;9,813
31,34;496,92;272,639;10,794;2,478;9,809
31,34;496,94;272,641;10,794;2,477;9,806
31,34;496,96;272,644;10,794;2,476;9,802
31,35;496,99;272,646;10,794;2,475;9,798
31,35;497,01;272,647;10,794;2,474;9,794
31,35;497,04;272,648;10,794;2,473;9,79
31,35;497,06;272,649;10,794;2,472;9,786
31,35;497,09;272,649;10,794;2,471;9,782
31,36;497,11;272,649;10,794;2,47;9,778
31,36;497,13;272,651;10,794;2,469;9,774
31,36;497,16;272,652;10,794;2,468;9,77
31,36;497,18;272,653;10,794;2,467;9,767
31,36;497,21;272,654;10,794;2,466;9,763
31,36;497,23;272,655;10,794;2,465;9,759
31,37;497,26;272,655;10,794;2,464;9,755
31,37;497,28;272,656;10,795;2,463;9,751
31,37;497,3;272,656;10,795;2,462;9,747
31,37;497,33;272,657;10,795;2,461;9,743
31,37;497,35;272,658;10,795;2,46;9,739
31,37;497,38;272,658;10,795;2,459;9,735
31,38;497,4;272,659;10,795;2,458;9,731
31,38;497,43;272,66;10,795;2,457;9,728
31,38;497,45;272,659;10,795;2,456;9,724
31,38;497,47;272,659;10,795;2,455;9,72
31,38;497,5;272,659;10,795;2,454;9,716
31,38;497,52;272,66;10,795;2,453;9,712
31,38;497,55;272,66;10,795;2,452;9,708
31,39;497,57;272,66;10,795;2,451;9,704
31,39;497,6;272,661;10,795;2,45;9,7
31,39;497,62;272,661;10,795;2,449;9,696
31,39;497,64;272,66;10,795;2,448;9,693
31,39;497,67;272,66;10,795;2,447;9,689
31,39;497,69;272,66;10,795;2,446;9,685
31,4;497,72;272,66;10,795;2,445;9,681
31,4;497,74;272,659;10,795;2,444;9,677
31,4;497,76;272,659;10,795;2,443;9,673
31,4;497,79;272,659;10,795;2,442;9,669
31,4;497,81;272,658;10,795;2,441;9,665
31,41;497,84;272,658;10,795;2,44;9,662
31,41;497,86;272,658;10,795;2,439;9,658
31,41;497,89;272,658;10,795;2,438;9,654
31,41;497,91;272,658;10,795;2,437;9,65
31,41;497,93;272,657;10,795;2,436;9,646
31,41;497,96;272,657;10,795;2,436;9,642
31,42;497,98;272,655;10,794;2,435;9,638
31,42;498,01;272,655;10,794;2,434;9,635
31,42;498,03;272,655;10,794;2,433;9,631
31,42;498,06;272,655;10,794;2,432;9,627
31,42;498,08;272,653;10,794;2,431;9,623
31,42;498,1;272,653;10,794;2,43;9,619
31,43;498,13;272,653;10,794;2,429;9,615
31,43;498,15;272,652;10,794;2,428;9,611
31,43;498,18;272,651;10,794;2,427;9,608
31,43;498,2;272,649;10,794;2,426;9,604
31,43;498,22;272,647;10,794;2,425;9,6
31,43;498,25;272,647;10,794;2,424;9,596
31,43;498,27;272,645;10,794;2,423;9,592
31,44;498,3;272,644;10,794;2,422;9,588
31,44;498,32;272,644;10,794;2,421;9,584
31,44;498,35;272,642;10,794;2,42;9,581
31,44;498,37;272,639;10,794;2,419;9,577
31,44;498,39;272,638;10,794;2,418;9,573
31,44;498,42;272,636;10,794;2,417;9,569
31,45;498,44;272,635;10,794;2,416;9,565
31,45;498,47;272,632;10,794;2,415;9,561
31,45;498,49;272,63;10,793;2,414;9,557
31,45;498,51;272,629;10,793;2,413;9,554
31,45;498,54;272,627;10,793;2,412;9,55
31,46;498,56;272,625;10,793;2,411;9,546
31,46;498,59;272,623;10,793;2,41;9,542
31,46;498,61;272,621;10,793;2,409;9,538
31,46;498,64;272,619;10,793;2,408;9,534
31,46;498,66;272,618;10,793;2,407;9,531
31,46;498,68;272,617;10,793;2,406;9,527
31,47;498,71;272,615;10,793;2,405;9,523
31,47;498,73;272,613;10,793;2,404;9,519
31,47;498,76;272,611;10,793;2,403;9,515
31,47;498,78;272,608;10,793;2,402;9,511
31,47;498,8;272,606;10,793;2,401;9,507
31,47;498,83;272,605;10,792;2,4;9,504
31,48;498,85;272,603;10,792;2,4;9,5
31,48;498,88;272,601;10,792;2,399;9,496
31,48;498,9;272,6;10,792;2,398;9,492
31,48;498,93;272,598;10,792;2,397;9,488
31,48;498,95;272,596;10,792;2,396;9,484
31,48;498,97;272,593;10,792;2,395;9,481
31,48;499;272,591;10,792;2,394;9,477
31,49;499,02;272,59;10,792;2,393;9,473
31,49;499,05;272,588;10,792;2,392;9,469
31,49;499,07;272,586;10,792;2,391;9,465
31,49;499,09;272,583;10,792;2,39;9,461
31,49;499,12;272,58;10,792;2,389;9,458
31,49;499,14;272,578;10,791;2,388;9,454
31,5;499,17;272,575;10,791;2,387;9,45
31,5;499,19;272,572;10,791;2,386;9,446
31,5;499,21;272,57;10,791;2,385;9,442
31,5;499,24;272,567;10,791;2,384;9,438
31,5;499,26;272,563;10,791;2,383;9,435
31,51;499,29;272,56;10,791;2,382;9,431
31,51;499,31;272,556;10,791;2,381;9,427
31,51;499,33;272,553;10,79;2,38;9,423
31,51;499,36;272,55;10,79;2,379;9,419
31,51;499,38;272,546;10,79;2,378;9,416
31,51;499,41;272,544;10,79;2,377;9,412
31,52;499,43;272,541;10,79;2,376;9,408
31,52;499,46;272,538;10,79;2,375;9,404
31,52;499,48;272,535;10,79;2,374;9,4
31,52;499,5;272,532;10,79;2,373;9,396
31,52;499,53;272,528;10,789;2,372;9,393
31,52;499,55;272,524;10,789;2,371;9,389
31,53;499,58;272,521;10,789;2,371;9,385
31,53;499,6;272,518;10,789;2,37;9,381
31,53;499,62;272,516;10,789;2,369;9,377
31,53;499,65;272,511;10,789;2,368;9,373
31,53;499,67;272,507;10,789;2,367;9,37
31,53;499,7;272,503;10,788;2,366;9,366
31,53;499,72;272,499;10,788;2,365;9,362
31,54;499,74;272,495;10,788;2,364;9,358
31,54;499,77;272,492;10,788;2,363;9,354
31,54;499,79;272,487;10,788;2,362;9,351
31,54;499,82;272,483;10,788;2,361;9,347
31,54;499,84;272,478;10,787;2,36;9,343
31,54;499,86;272,475;10,787;2,359;9,339
31,55;499,89;272,471;10,787;2,358;9,335
31,55;499,91;272,466;10,787;2,357;9,332
31,55;499,94;272,462;10,787;2,356;9,328
31,55;499,96;272,459;10,787;2,355;9,324
31,55;499,99;272,455;10,787;2,354;9,32
31,56;500,01;272,451;10,786;2,353;9,316
31,56;500,03;272,447;10,786;2,352;9,313
31,56;500,06;272,443;10,786;2,351;9,309
31,56;500,08;272,439;10,786;2,35;9,305
31,56;500,11;272,434;10,786;2,349;9,301
31,56;500,13;272,429;10,786;2,348;9,297
31,57;500,15;272,425;10,785;2,347;9,294
31,57;500,18;272,421;10,785;2,346;9,29
31,57;500,2;272,417;10,785;2,346;9,286
31,57;500,23;272,411;10,785;2,345;9,282
31,57;500,25;272,406;10,785;2,344;9,278
31,57;500,27;272,401;10,784;2,343;9,275
31,58;500,3;272,397;10,784;2,342;9,271
31,58;500,32;272,393;10,784;2,341;9,267
31,58;500,35;272,389;10,784;2,34;9,263
31,58;500,37;272,385;10,784;2,339;9,259
31,58;500,39;272,381;10,784;2,338;9,256
31,58;500,42;272,376;10,783;2,337;9,252
31,58;500,44;272,372;10,783;2,336;9,248
31,59;500,47;272,367;10,783;2,335;9,244
31,59;500,49;272,362;10,783;2,334;9,24
31,59;500,51;272,357;10,783;2,333;9,236
31,59;500,54;272,353;10,783;2,332;9,233
31,59;500,56;272,348;10,782;2,331;9,229
31,59;500,59;272,344;10,782;2,33;9,225
31,6;500,61;272,338;10,782;2,329;9,221
31,6;500,63;272,332;10,782;2,328;9,218
31,6;500,66;272,327;10,781;2,327;9,214
31,6;500,68;272,323;10,781;2,326;9,21
31,6;500,71;272,317;10,781;2,325;9,206
31,61;500,73;272,312;10,781;2,324;9,202
31,61;500,75;272,307;10,781;2,323;9,199
31,61;500,78;272,302;10,78;2,323;9,195
31,61;500,8;272,296;10,78;2,322;9,191
31,61;500,83;272,29;10,78;2,321;9,187
31,61;500,85;272,285;10,78;2,32;9,184
31,62;500,87;272,279;10,78;2,319;9,18
31,62;500,9;272,274;10,779;2,318;9,176
31,62;500,92;272,269;10,779;2,317;9,172
31,62;500,95;272,264;10,779;2,316;9,168
31,62;500,97;272,257;10,779;2,315;9,165
31,62;500,99;272,251;10,779;2,314;9,161
31,63;501,02;272,246;10,778;2,313;9,157
31,63;501,04;272,24;10,778;2,312;9,153
31,63;501,07;272,234;10,778;2,311;9,15
31,63;501,09;272,228;10,778;2,31;9,146
31,63;501,11;272,223;10,777;2,309;9,142
31,63;501,14;272,218;10,777;2,308;9,138
31,63;501,16;272,211;10,777;2,307;9,134
31,64;501,19;272,205;10,777;2,306;9,131
31,64;501,21;272,198;10,776;2,305;9,127
31,64;501,23;272,191;10,776;2,304;9,123
31,64;501,26;272,185;10,776;2,303;9,119
31,64;501,28;272,178;10,776;2,302;9,116
31,64;501,31;272,171;10,775;2,302;9,112
31,65;501,33;272,165;10,775;2,301;9,108
31,65;501,35;272,159;10,775;2,3;9,104
31,65;501,38;272,153;10,775;2,299;9,101
31,65;501,4;272,145;10,774;2,298;9,097
31,65;501,42;272,14;10,774;2,297;9,093
31,66;501,45;272,133;10,774;2,296;9,089
31,66;501,47;272,126;10,774;2,295;9,086
31,66;501,5;272,119;10,773;2,294;9,082
31,66;501,52;272,112;10,773;2,293;9,078
31,66;501,54;272,104;10,773;2,292;9,074
31,66;501,57;272,096;10,772;2,291;9,071
31,67;501,59;272,088;10,772;2,29;9,067
31,67;501,62;272,081;10,772;2,289;9,063
31,67;501,64;272,074;10,771;2,288;9,06
31,67;501,66;272,068;10,771;2,287;9,056
31,67;501,69;272,061;10,771;2,286;9,052
31,67;501,71;272,054;10,771;2,285;9,048
31,68;501,74;272,046;10,77;2,285;9,045
31,68;501,76;272,039;10,77;2,284;9,041
31,68;501,78;272,031;10,77;2,283;9,037
31,68;501,81;272,024;10,77;2,282;9,033
31,68;501,83;272,017;10,769;2,281;9,03
31,68;501,86;272,009;10,769;2,28;9,026
31,68;501,88;272;10,769;2,279;9,022
31,69;501,9;271,992;10,768;2,278;9,018
31,69;501,93;271,984;10,768;2,277;9,015
31,69;501,95;271,976;10,768;2,276;9,011
31,69;501,97;271,968;10,767;2,275;9,007
31,69;502;271,96;10,767;2,274;9,004
31,69;502,02;271,953;10,767;2,273;9
31,7;502,05;271,944;10,766;2,272;8,996
31,7;502,07;271,936;10,766;2,271;8,992
31,7;502,09;271,929;10,766;2,27;8,989
31,7;502,12;271,92;10,765;2,269;8,985
31,7;502,14;271,912;10,765;2,269;8,981
31,71;502,17;271,904;10,765;2,268;8,977
31,71;502,19;271,896;10,764;2,267;8,974
31,71;502,21;271,887;10,764;2,266;8,97
31,71;502,24;271,879;10,764;2,265;8,966
31,71;502,26;271,87;10,763;2,264;8,963
31,71;502,29;271,861;10,763;2,263;8,959
31,72;502,31;271,851;10,763;2,262;8,955
31,72;502,33;271,842;10,762;2,261;8,952
31,72;502,36;271,833;10,762;2,26;8,948
31,72;502,38;271,824;10,762;2,259;8,944
31,72;502,4;271,816;10,761;2,258;8,94
31,72;502,43;271,807;10,761;2,257;8,937
31,73;502,45;271,798;10,761;2,256;8,933
31,73;502,48;271,789;10,76;2,255;8,929
31,73;502,5;271,78;10,76;2,254;8,926
31,73;502,52;271,771;10,759;2,254;8,922
31,73;502,55;271,761;10,759;2,253;8,918
31,73;502,57;271,752;10,759;2,252;8,914
31,73;502,6;271,743;10,758;2,251;8,911
31,74;502,62;271,733;10,758;2,25;8,907
31,74;502,64;271,723;10,758;2,249;8,903
31,74;502,67;271,714;10,757;2,248;8,9
31,74;502,69;271,704;10,757;2,247;8,896
31,74;502,72;271,695;10,756;2,246;8,892
31,74;502,74;271,686;10,756;2,245;8,888
31,75;502,76;271,676;10,756;2,244;8,885
31,75;502,79;271,667;10,755;2,243;8,881
31,75;502,81;271,657;10,755;2,242;8,877
31,75;502,83;271,647;10,755;2,241;8,874
31,75;502,86;271,637;10,754;2,24;8,87
31,76;502,88;271,626;10,754;2,239;8,866
31,76;502,91;271,615;10,753;2,239;8,862
31,76;502,93;271,606;10,753;2,238;8,859
31,76;502,95;271,596;10,753;2,237;8,855
31,76;502,98;271,585;10,752;2,236;8,851
31,76;503;271,574;10,752;2,235;8,848
31,77;503,03;271,564;10,751;2,234;8,844
31,77;503,05;271,554;10,751;2,233;8,84
31,77;503,07;271,543;10,75;2,232;8,837
31,77;503,1;271,533;10,75;2,231;8,833
31,77;503,12;271,523;10,75;2,23;8,829
31,77;503,14;271,512;10,749;2,229;8,826
31,78;503,17;271,501;10,749;2,228;8,822
31,78;503,19;271,491;10,748;2,227;8,818
31,78;503,22;271,479;10,748;2,226;8,814
31,78;503,24;271,469;10,748;2,225;8,811
31,78;503,26;271,457;10,747;2,225;8,807
31,78;503,29;271,446;10,747;2,224;8,803
31,78;503,31;271,435;10,746;2,223;8,8
31,79;503,33;271,424;10,746;2,222;8,796
31,79;503,36;271,413;10,745;2,221;8,792
31,79;503,38;271,401;10,745;2,22;8,789
31,79;503,41;271,39;10,744;2,219;8,785
31,79;503,43;271,379;10,744;2,218;8,781
31,79;503,45;271,368;10,744;2,217;8,778
31,8;503,48;271,357;10,743;2,216;8,774
31,8;503,5;271,346;10,743;2,215;8,77
31,8;503,52;271,335;10,742;2,214;8,766
31,8;503,55;271,323;10,742;2,213;8,763
31,8;503,57;271,312;10,741;2,212;8,759
31,81;503,6;271,3;10,741;2,212;8,755
31,81;503,62;271,288;10,74;2,211;8,752
31,81;503,64;271,276;10,74;2,21;8,748
31,81;503,67;271,265;10,739;2,209;8,744
31,81;503,69;271,254;10,739;2,208;8,741
31,81;503,71;271,242;10,739;2,207;8,737
31,82;503,74;271,231;10,738;2,206;8,733
31,82;503,76;271,219;10,738;2,205;8,73
31,82;503,78;271,206;10,737;2,204;8,726
31,82;503,81;271,194;10,737;2,203;8,722
31,82;503,83;271,181;10,736;2,202;8,719
31,82;503,86;271,168;10,736;2,201;8,715
31,83;503,88;271,157;10,735;2,2;8,711
31,83;503,9;271,143;10,735;2,199;8,708
31,83;503,93;271,131;10,734;2,199;8,704
31,83;503,95;271,118;10,734;2,198;8,7
31,83;503,97;271,106;10,733;2,197;8,697
31,83;504;271,094;10,733;2,196;8,693
31,83;504,02;271,082;10,732;2,195;8,689
31,84;504,05;271,069;10,732;2,194;8,686
31,84;504,07;271,056;10,731;2,193;8,682
31,84;504,09;271,044;10,731;2,192;8,679
31,84;504,12;271,03;10,73;2,191;8,675
31,84;504,14;271,018;10,73;2,19;8,671
31,84;504,16;271,005;10,729;2,189;8,668
31,85;504,19;270,992;10,729;2,188;8,664
31,85;504,21;270,979;10,728;2,187;8,66
31,85;504,23;270,966;10,728;2,187;8,657
31,85;504,26;270,953;10,727;2,186;8,653
31,85;504,28;270,94;10,727;2,185;8,649
31,86;504,31;270,926;10,726;2,184;8,646
31,86;504,33;270,912;10,725;2,183;8,642
31,86;504,35;270,9;10,725;2,182;8,638
31,86;504,38;270,886;10,724;2,181;8,635
31,86;504,4;270,873;10,724;2,18;8,631
31,86;504,42;270,859;10,723;2,179;8,627
31,87;504,45;270,846;10,723;2,178;8,624
31,87;504,47;270,832;10,722;2,177;8,62
31,87;504,49;270,819;10,722;2,176;8,617
31,87;504,52;270,806;10,721;2,176;8,613
31,87;504,54;270,793;10,721;2,175;8,609
31,87;504,57;270,778;10,72;2,174;8,606
31,88;504,59;270,764;10,72;2,173;8,602
31,88;504,61;270,751;10,719;2,172;8,598
31,88;504,64;270,736;10,718;2,171;8,595
31,88;504,66;270,722;10,718;2,17;8,591
31,88;504,68;270,708;10,717;2,169;8,588
31,88;504,71;270,692;10,717;2,168;8,584
31,88;504,73;270,678;10,716;2,167;8,58
31,89;504,75;270,663;10,716;2,166;8,577
31,89;504,78;270,649;10,715;2,165;8,573
31,89;504,8;270,635;10,714;2,165;8,569
31,89;504,83;270,62;10,714;2,164;8,566
31,89;504,85;270,605;10,713;2,163;8,562
31,89;504,87;270,59;10,713;2,162;8,559
31,9;504,9;270,575;10,712;2,161;8,555
31,9;504,92;270,56;10,712;2,16;8,551
31,9;504,94;270,545;10,711;2,159;8,548
31,9;504,97;270,529;10,71;2,158;8,544
31,9;504,99;270,514;10,71;2,157;8,54
31,91;505,01;270,499;10,709;2,156;8,537
31,91;505,04;270,484;10,709;2,155;8,533
31,91;505,06;270,468;10,708;2,154;8,53
31,91;505,08;270,453;10,707;2,154;8,526
31,91;505,11;270,437;10,707;2,153;8,522
31,91;505,13;270,421;10,706;2,152;8,519
31,92;505,16;270,405;10,705;2,151;8,515
31,92;505,18;270,388;10,705;2,15;8,512
31,92;505,2;270,372;10,704;2,149;8,508
31,92;505,23;270,357;10,703;2,148;8,504
31,92;505,25;270,341;10,703;2,147;8,501
31,92;505,27;270,325;10,702;2,146;8,497
31,93;505,3;270,309;10,702;2,145;8,494
31,93;505,32;270,291;10,701;2,144;8,49
31,93;505,34;270,275;10,7;2,144;8,486
31,93;505,37;270,259;10,7;2,143;8,483
31,93;505,39;270,242;10,699;2,142;8,479
31,93;505,41;270,226;10,698;2,141;8,476
31,93;505,44;270,209;10,698;2,14;8,472
31,94;505,46;270,192;10,697;2,139;8,468
31,94;505,48;270,177;10,696;2,138;8,465
31,94;505,51;270,161;10,696;2,137;8,461
31,94;505,53;270,144;10,695;2,136;8,458
31,94;505,56;270,127;10,694;2,135;8,454
31,94;505,58;270,109;10,694;2,135;8,451
31,95;505,6;270,092;10,693;2,134;8,447
31,95;505,63;270,075;10,692;2,133;8,443
31,95;505,65;270,058;10,692;2,132;8,44
31,95;505,67;270,04;10,691;2,131;8,436
31,95;505,7;270,022;10,69;2,13;8,433
31,96;505,72;270,004;10,69;2,129;8,429
31,96;505,74;269,987;10,689;2,128;8,426
31,96;505,77;269,969;10,688;2,127;8,422
31,96;505,79;269,951;10,687;2,126;8,418
31,96;505,81;269,934;10,687;2,125;8,415
31,96;505,84;269,916;10,686;2,125;8,411
31,97;505,86;269,898;10,685;2,124;8,408
31,97;505,88;269,88;10,685;2,123;8,404
31,97;505,91;269,861;10,684;2,122;8,401
31,97;505,93;269,843;10,683;2,121;8,397
31,97;505,95;269,825;10,682;2,12;8,393
31,97;505,98;269,807;10,682;2,119;8,39
31,98;506;269,788;10,681;2,118;8,386
31,98;506,03;269,77;10,68;2,117;8,383
31,98;506,05;269,751;10,68;2,116;8,379
31,98;506,07;269,732;10,679;2,116;8,376
31,98;506,1;269,713;10,678;2,115;8,372
31,98;506,12;269,694;10,677;2,114;8,369
31,98;506,14;269,675;10,677;2,113;8,365
31,99;506,17;269,656;10,676;2,112;8,361
31,99;506,19;269,636;10,675;2,111;8,358
31,99;506,21;269,617;10,674;2,11;8,354
31,99;506,24;269,597;10,673;2,109;8,351
31,99;506,26;269,577;10,673;2,108;8,347
31,99;506,28;269,558;10,672;2,108;8,344
32;506,31;269,538;10,671;2,107;8,34
32;506,33;269,519;10,67;2,106;8,337
32;506,35;269,5;10,67;2,105;8,333
32;506,38;269,48;10,669;2,104;8,329
32;506,4;269,46;10,668;2,103;8,326
32,01;506,42;269,439;10,667;2,102;8,322
32,01;506,45;269,419;10,666;2,101;8,319
32,01;506,47;269,399;10,666;2,1;8,315
32,01;506,49;269,38;10,665;2,099;8,312
32,01;506,52;269,361;10,664;2,099;8,308
32,01;506,54;269,341;10,663;2,098;8,305
32,02;506,56;269,321;10,662;2,097;8,301
32,02;506,59;269,3;10,662;2,096;8,298
32,02;506,61;269,279;10,661;2,095;8,294
32,02;506,63;269,258;10,66;2,094;8,291
32,02;506,66;269,236;10,659;2,093;8,287
32,02;506,68;269,215;10,658;2,092;8,284
32,03;506,7;269,194;10,657;2,091;8,28
32,03;506,73;269,174;10,657;2,091;8,276
32,03;506,75;269,153;10,656;2,09;8,273
32,03;506,77;269,132;10,655;2,089;8,269
32,03;506,8;269,11;10,654;2,088;8,266
32,03;506,82;269,088;10,653;2,087;8,262
32,03;506,84;269,067;10,652;2,086;8,259
32,04;506,87;269,045;10,652;2,085;8,255
32,04;506,89;269,024;10,651;2,084;8,252
32,04;506,91;269,001;10,65;2,083;8,248
32,04;506,94;268,98;10,649;2,083;8,245
32,04;506,96;268,959;10,648;2,082;8,241
32,04;506,98;268,936;10,647;2,081;8,238
32,05;507,01;268,913;10,646;2,08;8,234
32,05;507,03;268,891;10,645;2,079;8,231
32,05;507,05;268,869;10,645;2,078;8,227
32,05;507,08;268,846;10,644;2,077;8,224
32,05;507,1;268,823;10,643;2,076;8,22
32,06;507,12;268,8;10,642;2,075;8,217
32,06;507,15;268,778;10,641;2,075;8,213
32,06;507,17;268,756;10,64;2,074;8,21
32,06;507,19;268,731;10,639;2,073;8,206
32,06;507,22;268,708;10,638;2,072;8,203
32,06;507,24;268,686;10,637;2,071;8,199
32,07;507,26;268,663;10,636;2,07;8,196
32,07;507,29;268,64;10,636;2,069;8,192
32,07;507,31;268,618;10,635;2,068;8,189
32,07;507,33;268,594;10,634;2,067;8,185
32,07;507,36;268,572;10,633;2,067;8,182
32,07;507,38;268,548;10,632;2,066;8,178
32,08;507,4;268,527;10,631;2,065;8,175
32,08;507,43;268,503;10,63;2,064;8,171
32,08;507,45;268,479;10,629;2,063;8,168
32,08;507,47;268,456;10,628;2,062;8,164
32,08;507,5;268,432;10,627;2,061;8,161
32,08;507,52;268,409;10,626;2,06;8,157
32,08;507,54;268,385;10,625;2,06;8,154
32,09;507,57;268,361;10,624;2,059;8,15
32,09;507,59;268,338;10,624;2,058;8,147
32,09;507,61;268,314;10,623;2,057;8,143
32,09;507,64;268,29;10,622;2,056;8,14
32,09;507,66;268,266;10,621;2,055;8,136
32,09;507,68;268,241;10,62;2,054;8,133
32,1;507,71;268,216;10,619;2,053;8,13
32,1;507,73;268,191;10,618;2,053;8,126
32,1;507,75;268,166;10,617;2,052;8,123
32,1;507,78;268,142;10,616;2,051;8,119
32,1;507,8;268,117;10,615;2,05;8,116
32,11;507,82;268,091;10,614;2,049;8,112
32,11;507,85;268,067;10,613;2,048;8,109
32,11;507,87;268,042;10,612;2,047;8,105
32,11;507,89;268,017;10,611;2,046;8,102
32,11;507,91;267,991;10,61;2,046;8,098
32,11;507,94;267,966;10,609;2,045;8,095
32,12;507,96;267,941;10,608;2,044;8,091
32,12;507,98;267,916;10,607;2,043;8,088
32,12;508,01;267,89;10,606;2,042;8,085
32,12;508,03;267,865;10,605;2,041;8,081
32,12;508,05;267,839;10,604;2,04;8,078
32,12;508,08;267,814;10,603;2,039;8,074
32,13;508,1;267,788;10,602;2,039;8,071
32,13;508,12;267,762;10,601;2,038;8,067
32,13;508,15;267,736;10,6;2,037;8,064
32,13;508,17;267,711;10,599;2,036;8,06
32,13;508,19;267,685;10,598;2,035;8,057
32,13;508,22;267,659;10,597;2,034;8,053
32,13;508,24;267,633;10,596;2,033;8,05
32,14;508,26;267,608;10,595;2,032;8,047
32,14;508,29;267,581;10,594;2,032;8,043
32,14;508,31;267,554;10,593;2,031;8,04
32,14;508,33;267,527;10,591;2,03;8,036
32,14;508,35;267,501;10,59;2,029;8,033
32,14;508,38;267,476;10,589;2,028;8,029
32,15;508,4;267,449;10,588;2,027;8,026
32,15;508,42;267,422;10,587;2,026;8,023
32,15;508,45;267,395;10,586;2,026;8,019
32,15;508,47;267,368;10,585;2,025;8,016
32,15;508,49;267,341;10,584;2,024;8,012
32,16;508,52;267,314;10,583;2,023;8,009
32,16;508,54;267,286;10,582;2,022;8,005
32,16;508,56;267,258;10,581;2,021;8,002
32,16;508,59;267,231;10,58;2,02;7,999
32,16;508,61;267,203;10,579;2,019;7,995
32,16;508,63;267,176;10,578;2,019;7,992
32,17;508,66;267,148;10,576;2,018;7,988
32,17;508,68;267,121;10,575;2,017;7,985
32,17;508,7;267,093;10,574;2,016;7,981
32,17;508,72;267,065;10,573;2,015;7,978
32,17;508,75;267,036;10,572;2,014;7,975
32,17;508,77;267,007;10,571;2,013;7,971
32,18;508,79;266,979;10,57;2,013;7,968
32,18;508,82;266,95;10,569;2,012;7,964
32,18;508,84;266,922;10,568;2,011;7,961
32,18;508,86;266,893;10,566;2,01;7,957
32,18;508,89;266,864;10,565;2,009;7,954
32,18;508,91;266,835;10,564;2,008;7,951
32,18;508,93;266,807;10,563;2,007;7,947
32,19;508,96;266,779;10,562;2,007;7,944
32,19;508,98;266,751;10,561;2,006;7,94
32,19;509;266,722;10,56;2,005;7,937
32,19;509,02;266,692;10,558;2,004;7,934
32,19;509,05;266,662;10,557;2,003;7,93
32,19;509,07;266,632;10,556;2,002;7,927
32,2;509,09;266,603;10,555;2,001;7,924
32,2;509,12;266,573;10,554;2,001;7,92
32,2;509,14;266,543;10,552;2;7,917
32,2;509,16;266,514;10,551;1,999;7,913
32,2;509,19;266,483;10,55;1,998;7,91
32,21;509,21;266,452;10,549;1,997;7,906
32,21;509,23;266,422;10,548;1,996;7,903
32,21;509,25;266,392;10,547;1,995;7,9
32,21;509,28;266,361;10,545;1,995;7,896
32,21;509,3;266,331;10,544;1,994;7,893
32,21;509,32;266,3;10,543;1,993;7,89
32,22;509,35;266,269;10,542;1,992;7,886
32,22;509,37;266,238;10,54;1,991;7,883
32,22;509,39;266,208;10,539;1,99;7,879
32,22;509,42;266,176;10,538;1,989;7,876
32,22;509,44;266,145;10,537;1,989;7,873
32,22;509,46;266,114;10,536;1,988;7,869
32,23;509,48;266,082;10,534;1,987;7,866
32,23;509,51;266,051;10,533;1,986;7,862
32,23;509,53;266,018;10,532;1,985;7,859
32,23;509,55;265,986;10,53;1,984;7,856
32,23;509,58;265,954;10,529;1,983;7,852
32,23;509,6;265,92;10,528;1,983;7,849
32,23;509,62;265,888;10,527;1,982;7,846
32,24;509,64;265,856;10,525;1,981;7,842
32,24;509,67;265,824;10,524;1,98;7,839
32,24;509,69;265,791;10,523;1,979;7,835
32,24;509,71;265,758;10,521;1,978;7,832
32,24;509,74;265,725;10,52;1,977;7,829
32,24;509,76;265,693;10,519;1,977;7,825
32,25;509,78;265,66;10,518;1,976;7,822
32,25;509,8;265,626;10,516;1,975;7,819
32,25;509,83;265,592;10,515;1,974;7,815
32,25;509,85;265,558;10,514;1,973;7,812
32,25;509,87;265,525;10,512;1,972;7,809
32,26;509,9;265,492;10,511;1,972;7,805
32,26;509,92;265,458;10,51;1,971;7,802
32,26;509,94;265,424;10,508;1,97;7,799
32,26;509,96;265,389;10,507;1,969;7,795
32,26;509,99;265,354;10,505;1,968;7,792
32,26;510,01;265,321;10,504;1,967;7,788
32,27;510,03;265,286;10,503;1,966;7,785
32,27;510,06;265,252;10,501;1,966;7,782
32,27;510,08;265,217;10,5;1,965;7,778
32,27;510,1;265,182;10,499;1,964;7,775
32,27;510,12;265,147;10,497;1,963;7,772
32,27;510,15;265,112;10,496;1,962;7,768
32,28;510,17;265,078;10,495;1,961;7,765
32,28;510,19;265,043;10,493;1,961;7,762
32,28;510,22;265,007;10,492;1,96;7,758
32,28;510,24;264,972;10,49;1,959;7,755
32,28;510,26;264,937;10,489;1,958;7,752
32,28;510,28;264,902;10,488;1,957;7,748
32,28;510,31;264,864;10,486;1,956;7,745
32,29;510,33;264,829;10,485;1,955;7,742
32,29;510,35;264,794;10,483;1,955;7,738
32,29;510,37;264,758;10,482;1,954;7,735
32,29;510,4;264,722;10,48;1,953;7,732
32,29;510,42;264,685;10,479;1,952;7,728
32,29;510,44;264,648;10,477;1,951;7,725
32,3;510,47;264,612;10,476;1,95;7,722
32,3;510,49;264,575;10,475;1,95;7,719
32,3;510,51;264,538;10,473;1,949;7,715
32,3;510,53;264,5;10,472;1,948;7,712
32,3;510,56;264,464;10,47;1,947;7,709
32,31;510,58;264,426;10,469;1,946;7,705
32,31;510,6;264,389;10,467;1,945;7,702
32,31;510,62;264,353;10,466;1,945;7,699
32,31;510,65;264,314;10,464;1,944;7,695
32,31;510,67;264,277;10,463;1,943;7,692
32,31;510,69;264,24;10,461;1,942;7,689
32,32;510,72;264,203;10,46;1,941;7,685
32,32;510,74;264,165;10,458;1,94;7,682
32,32;510,76;264,126;10,457;1,94;7,679
32,32;510,78;264,086;10,455;1,939;7,676
32,32;510,81;264,048;10,454;1,938;7,672
32,32;510,83;264,01;10,452;1,937;7,669
32,33;510,85;263,971;10,451;1,936;7,666
32,33;510,87;263,932;10,449;1,935;7,663
32,33;510,9;263,893;10,448;1,935;7,659
32,33;510,92;263,854;10,446;1,934;7,656
32,33;510,94;263,816;10,445;1,933;7,653
32,33;510,97;263,777;10,443;1,932;7,649
32,33;510,99;263,737;10,441;1,931;7,646
32,34;511,01;263,697;10,44;1,931;7,643
32,34;511,03;263,658;10,438;1,93;7,64
32,34;511,06;263,618;10,437;1,929;7,636
32,34;511,08;263,579;10,435;1,928;7,633
32,34;511,1;263,539;10,434;1,927;7,63
32,34;511,12;263,499;10,432;1,926;7,627
32,35;511,15;263,459;10,43;1,926;7,623
32,35;511,17;263,419;10,429;1,925;7,62
32,35;511,19;263,378;10,427;1,924;7,617
32,35;511,21;263,337;10,426;1,923;7,614
32,35;511,24;263,295;10,424;1,922;7,61
32,36;511,26;263,255;10,422;1,921;7,607
32,36;511,28;263,213;10,421;1,921;7,604
32,36;511,3;263,172;10,419;1,92;7,601
32,36;511,33;263,131;10,417;1,919;7,597
32,36;511,35;263,09;10,416;1,918;7,594
32,36;511,37;263,049;10,414;1,917;7,591
32,37;511,39;263,008;10,413;1,917;7,588
32,37;511,42;262,966;10,411;1,916;7,584
32,37;511,44;262,924;10,409;1,915;7,581
32,37;511,46;262,882;10,408;1,914;7,578
32,37;511,48;262,84;10,406;1,913;7,575
32,37;511,51;262,797;10,404;1,912;7,571
32,38;511,53;262,754;10,403;1,912;7,568
32,38;511,55;262,712;10,401;1,911;7,565
32,38;511,57;262,668;10,399;1,91;7,562
32,38;511,6;262,625;10,397;1,909;7,559
32,38;511,62;262,583;10,396;1,908;7,555
32,38;511,64;262,54;10,394;1,908;7,552
32,38;511,66;262,496;10,392;1,907;7,549
32,39;511,69;262,453;10,391;1,906;7,546
32,39;511,71;262,409;10,389;1,905;7,542
32,39;511,73;262,366;10,387;1,904;7,539
32,39;511,75;262,321;10,385;1,904;7,536
32,39;511,78;262,278;10,384;1,903;7,533
32,39;511,8;262,234;10,382;1,902;7,53
32,4;511,82;262,189;10,38;1,901;7,526
32,4;511,84;262,145;10,378;1,9;7,523
32,4;511,87;262,101;10,377;1,899;7,52
32,4;511,89;262,057;10,375;1,899;7,517
32,4;511,91;262,012;10,373;1,898;7,514
32,41;511,93;261,967;10,371;1,897;7,51
32,41;511,96;261,923;10,37;1,896;7,507
32,41;511,98;261,877;10,368;1,895;7,504
32,41;512;261,832;10,366;1,895;7,501
32,41;512,02;261,786;10,364;1,894;7,498
32,41;512,05;261,74;10,362;1,893;7,494
32,42;512,07;261,694;10,361;1,892;7,491
32,42;512,09;261,647;10,359;1,891;7,488
32,42;512,11;261,601;10,357;1,891;7,485
32,42;512,14;261,555;10,355;1,89;7,482
32,42;512,16;261,508;10,353;1,889;7,478
32,42;512,18;261,462;10,351;1,888;7,475
32,43;512,2;261,414;10,349;1,887;7,472
32,43;512,22;261,368;10,348;1,887;7,469
32,43;512,25;261,32;10,346;1,886;7,466
32,43;512,27;261,274;10,344;1,885;7,462
32,43;512,29;261,227;10,342;1,884;7,459
32,43;512,31;261,18;10,34;1,883;7,456
32,43;512,34;261,132;10,338;1,883;7,453
32,44;512,36;261,085;10,336;1,882;7,45
32,44;512,38;261,037;10,335;1,881;7,447
32,44;512,4;260,989;10,333;1,88;7,443
32,44;512,43;260,94;10,331;1,879;7,44
32,44;512,45;260,892;10,329;1,879;7,437
32,44;512,47;260,844;10,327;1,878;7,434
32,45;512,49;260,794;10,325;1,877;7,431
32,45;512,51;260,746;10,323;1,876;7,428
32,45;512,54;260,698;10,321;1,875;7,424
32,45;512,56;260,649;10,319;1,875;7,421
32,45;512,58;260,599;10,317;1,874;7,418
32,46;512,6;260,549;10,315;1,873;7,415
32,46;512,63;260,501;10,313;1,872;7,412
32,46;512,65;260,451;10,311;1,871;7,409
32,46;512,67;260,402;10,309;1,871;7,406
32,46;512,69;260,352;10,307;1,87;7,402
32,46;512,71;260,303;10,305;1,869;7,399
32,47;512,74;260,252;10,303;1,868;7,396
32,47;512,76;260,202;10,301;1,867;7,393
32,47;512,78;260,152;10,299;1,867;7,39
32,47;512,8;260,101;10,297;1,866;7,387
32,47;512,83;260,05;10,295;1,865;7,384
32,47;512,85;259,998;10,293;1,864;7,38
32,48;512,87;259,948;10,291;1,863;7,377
32,48;512,89;259,897;10,289;1,863;7,374
32,48;512,91;259,845;10,287;1,862;7,371
32,48;512,94;259,794;10,285;1,861;7,368
32,48;512,96;259,742;10,283;1,86;7,365
32,48;512,98;259,69;10,281;1,859;7,362
32,48;513;259,637;10,279;1,859;7,358
32,49;513,02;259,585;10,277;1,858;7,355
32,49;513,05;259,532;10,275;1,857;7,352
32,49;513,07;259,48;10,273;1,856;7,349
32,49;513,09;259,428;10,271;1,855;7,346
32,49;513,11;259,375;10,269;1,855;7,343
32,49;513,13;259,323;10,267;1,854;7,34
32,5;513,16;259,27;10,265;1,853;7,337
32,5;513,18;259,216;10,262;1,852;7,334
32,5;513,2;259,164;10,26;1,852;7,33
32,5;513,22;259,111;10,258;1,851;7,327
32,5;513,25;259,057;10,256;1,85;7,324
32,51;513,27;259,003;10,254;1,849;7,321
32,51;513,29;258,95;10,252;1,848;7,318
32,51;513,31;258,896;10,25;1,848;7,315
32,51;513,33;258,841;10,248;1,847;7,312
32,51;513,36;258,788;10,245;1,846;7,309
32,51;513,38;258,732;10,243;1,845;7,306
32,52;513,4;258,677;10,241;1,845;7,302
32,52;513,42;258,622;10,239;1,844;7,299
32,52;513,44;258,566;10,237;1,843;7,296
32,52;513,47;258,511;10,235;1,842;7,293
32,52;513,49;258,454;10,232;1,841;7,29
32,52;513,51;258,398;10,23;1,841;7,287
32,53;513,53;258,341;10,228;1,84;7,284
32,53;513,55;258,285;10,226;1,839;7,281
32,53;513,58;258,228;10,223;1,838;7,278
32,53;513,6;258,171;10,221;1,837;7,275
32,53;513,62;258,115;10,219;1,837;7,272
32,53;513,64;258,057;10,217;1,836;7,268
32,53;513,66;257,999;10,214;1,835;7,265
32,54;513,68;257,942;10,212;1,834;7,262
32,54;513,71;257,885;10,21;1,834;7,259
32,54;513,73;257,827;10,207;1,833;7,256
32,54;513,75;257,77;10,205;1,832;7,253
32,54;513,77;257,712;10,203;1,831;7,25
32,54;513,79;257,653;10,201;1,83;7,247
32,55;513,82;257,594;10,198;1,83;7,244
32,55;513,84;257,536;10,196;1,829;7,241
32,55;513,86;257,477;10,194;1,828;7,238
32,55;513,88;257,417;10,191;1,827;7,235
32,55;513,9;257,357;10,189;1,827;7,232
32,56;513,93;257,298;10,186;1,826;7,229
32,56;513,95;257,237;10,184;1,825;7,226
32,56;513,97;257,177;10,182;1,824;7,222
32,56;513,99;257,116;10,179;1,824;7,219
32,56;514,01;257,056;10,177;1,823;7,216
32,56;514,03;256,995;10,175;1,822;7,213
32,57;514,06;256,934;10,172;1,821;7,21
32,57;514,08;256,874;10,17;1,82;7,207
32,57;514,1;256,814;10,167;1,82;7,204
32,57;514,12;256,753;10,165;1,819;7,201
32,57;514,14;256,691;10,162;1,818;7,198
32,57;514,17;256,629;10,16;1,817;7,195
32,58;514,19;256,567;10,158;1,817;7,192
32,58;514,21;256,504;10,155;1,816;7,189
32,58;514,23;256,442;10,153;1,815;7,186
32,58;514,25;256,38;10,15;1,814;7,183
32,58;514,27;256,317;10,148;1,814;7,18
32,58;514,3;256,253;10,145;1,813;7,177
32,58;514,32;256,189;10,143;1,812;7,174
32,59;514,34;256,125;10,14;1,811;7,171
32,59;514,36;256,062;10,138;1,811;7,168
32,59;514,38;255,998;10,135;1,81;7,165
32,59;514,4;255,934;10,132;1,809;7,162
32,59;514,43;255,87;10,13;1,808;7,159
32,59;514,45;255,805;10,127;1,808;7,156
32,6;514,47;255,74;10,125;1,807;7,153
32,6;514,49;255,675;10,122;1,806;7,15
32,6;514,51;255,61;10,12;1,805;7,147
32,6;514,53;255,544;10,117;1,805;7,144
32,6;514,55;255,479;10,114;1,804;7,141
32,61;514,58;255,415;10,112;1,803;7,138
32,61;514,6;255,348;10,109;1,802;7,135
32,61;514,62;255,283;10,107;1,801;7,132
32,61;514,64;255,216;10,104;1,801;7,129
32,61;514,66;255,15;10,101;1,8;7,126
32,61;514,68;255,083;10,099;1,799;7,123
32,62;514,71;255,016;10,096;1,798;7,12
32,62;514,73;254,95;10,094;1,798;7,117
32,62;514,75;254,882;10,091;1,797;7,114
32,62;514,77;254,814;10,088;1,796;7,111
32,62;514,79;254,747;10,085;1,796;7,108
32,62;514,81;254,678;10,083;1,795;7,106
32,63;514,83;254,61;10,08;1,794;7,103
32,63;514,86;254,542;10,077;1,793;7,1
32,63;514,88;254,475;10,075;1,793;7,097
32,63;514,9;254,406;10,072;1,792;7,094
32,63;514,92;254,337;10,069;1,791;7,091
32,63;514,94;254,268;10,067;1,79;7,088
32,63;514,96;254,2;10,064;1,79;7,085
32,64;514,99;254,131;10,061;1,789;7,082
32,64;515,01;254,061;10,058;1,788;7,079
32,64;515,03;253,992;10,056;1,787;7,076
32,64;515,05;253,921;10,053;1,787;7,073
32,64;515,07;253,852;10,05;1,786;7,07
32,64;515,09;253,782;10,047;1,785;7,067
32,65;515,11;253,711;10,044;1,784;7,064
32,65;515,14;253,641;10,042;1,784;7,061
32,65;515,16;253,57;10,039;1,783;7,058
32,65;515,18;253,498;10,036;1,782;7,056
32,65;515,2;253,427;10,033;1,781;7,053
32,66;515,22;253,356;10,03;1,781;7,05
32,66;515,24;253,284;10,028;1,78;7,047
32,66;515,26;253,212;10,025;1,779;7,044
32,66;515,29;253,14;10,022;1,778;7,041
32,66;515,31;253,068;10,019;1,778;7,038
32,66;515,33;252,996;10,016;1,777;7,035
32,67;515,35;252,924;10,013;1,776;7,032
32,67;515,37;252,851;10,01;1,776;7,029
32,67;515,39;252,778;10,008;1,775;7,027
32,67;515,41;252,705;10,005;1,774;7,024
32,67;515,43;252,632;10,002;1,773;7,021
32,67;515,46;252,557;9,999;1,773;7,018
32,68;515,48;252,483;9,996;1,772;7,015
32,68;515,5;252,41;9,993;1,771;7,012
32,68;515,52;252,336;9,99;1,77;7,009
32,68;515,54;252,261;9,987;1,77;7,006
32,68;515,56;252,186;9,984;1,769;7,003
32,68;515,58;252,111;9,981;1,768;7,001
32,68;515,6;252,036;9,978;1,768;6,998
32,69;515,63;251,962;9,975;1,767;6,995
32,69;515,65;251,886;9,972;1,766;6,992
32,69;515,67;251,811;9,969;1,765;6,989
32,69;515,69;251,735;9,966;1,765;6,986
32,69;515,71;251,659;9,963;1,764;6,983
32,69;515,73;251,583;9,96;1,763;6,98
32,7;515,75;251,506;9,957;1,762;6,978
32,7;515,77;251,429;9,954;1,762;6,975
32,7;515,8;251,351;9,951;1,761;6,972
32,7;515,82;251,275;9,948;1,76;6,969
32,7;515,84;251,198;9,945;1,76;6,966
32,71;515,86;251,12;9,942;1,759;6,963
32,71;515,88;251,044;9,939;1,758;6,96
32,71;515,9;250,966;9,936;1,757;6,958
32,71;515,92;250,887;9,933;1,757;6,955
32,71;515,94;250,808;9,93;1,756;6,952
32,71;515,96;250,73;9,926;1,755;6,949
32,72;515,99;250,652;9,923;1,755;6,946
32,72;516,01;250,573;9,92;1,754;6,943
32,72;516,03;250,493;9,917;1,753;6,941
32,72;516,05;250,414;9,914;1,752;6,938
32,72;516,07;250,334;9,911;1,752;6,935
32,72;516,09;250,254;9,908;1,751;6,932
32,73;516,11;250,174;9,904;1,75;6,929
32,73;516,13;250,093;9,901;1,75;6,926
32,73;516,15;250,011;9,898;1,749;6,924
32,73;516,17;249,931;9,895;1,748;6,921
32,73;516,2;249,849;9,892;1,747;6,918
32,73;516,22;249,767;9,888;1,747;6,915
32,73;516,24;249,686;9,885;1,746;6,912
32,74;516,26;249,604;9,882;1,745;6,909
32,74;516,28;249,522;9,879;1,745;6,907
32,74;516,3;249,44;9,875;1,744;6,904
32,74;516,32;249,357;9,872;1,743;6,901
32,74;516,34;249,275;9,869;1,742;6,898
32,74;516,36;249,192;9,866;1,742;6,895
32,75;516,38;249,109;9,862;1,741;6,893
32,75;516,4;249,026;9,859;1,74;6,89
32,75;516,43;248,943;9,856;1,74;6,887
32,75;516,45;248,859;9,852;1,739;6,884
32,75;516,47;248,776;9,849;1,738;6,881
32,76;516,49;248,692;9,846;1,737;6,879
32,76;516,51;248,608;9,842;1,737;6,876
32,76;516,53;248,523;9,839;1,736;6,873
32,76;516,55;248,438;9,836;1,735;6,87
32,76;516,57;248,353;9,832;1,735;6,867
32,76;516,59;248,268;9,829;1,734;6,865
32,77;516,61;248,183;9,826;1,733;6,862
32,77;516,63;248,097;9,822;1,733;6,859
32,77;516,65;248,012;9,819;1,732;6,856
32,77;516,68;247,926;9,815;1,731;6,854
32,77;516,7;247,84;9,812;1,73;6,851
32,77;516,72;247,753;9,809;1,73;6,848
32,78;516,74;247,666;9,805;1,729;6,845
32,78;516,76;247,579;9,802;1,728;6,843
32,78;516,78;247,492;9,798;1,728;6,84
32,78;516,8;247,405;9,795;1,727;6,837
32,78;516,82;247,317;9,791;1,726;6,834
32,78;516,84;247,23;9,788;1,726;6,831
32,78;516,86;247,142;9,784;1,725;6,829
32,79;516,88;247,054;9,781;1,724;6,826
32,79;516,9;246,965;9,777;1,723;6,823
32,79;516,92;246,875;9,774;1,723;6,82
32,79;516,94;246,785;9,77;1,722;6,818
32,79;516,96;246,695;9,767;1,721;6,815
32,79;516,99;246,606;9,763;1,721;6,812
32,8;517,01;246,515;9,76;1,72;6,81
32,8;517,03;246,424;9,756;1,719;6,807
32,8;517,05;246,333;9,752;1,719;6,804
32,8;517,07;246,243;9,749;1,718;6,801
32,8;517,09;246,153;9,745;1,717;6,799
32,81;517,11;246,062;9,742;1,717;6,796
32,81;517,13;245,971;9,738;1,716;6,793
32,81;517,15;245,88;9,734;1,715;6,791
32,81;517,17;245,789;9,731;1,715;6,788
32,81;517,19;245,699;9,727;1,714;6,785
32,81;517,21;245,606;9,724;1,713;6,782
32,82;517,23;245,514;9,72;1,712;6,78
32,82;517,25;245,421;9,716;1,712;6,777
32,82;517,27;245,328;9,713;1,711;6,774
32,82;517,29;245,237;9,709;1,71;6,772
32,82;517,31;245,144;9,705;1,71;6,769
32,82;517,34;245,05;9,702;1,709;6,766
32,83;517,36;244,956;9,698;1,708;6,764
32,83;517,38;244,862;9,694;1,708;6,761
32,83;517,4;244,768;9,69;1,707;6,758
32,83;517,42;244,673;9,687;1,706;6,756
32,83;517,44;244,578;9,683;1,706;6,753
32,83;517,46;244,483;9,679;1,705;6,75
32,83;517,48;244,387;9,675;1,704;6,748
32,84;517,5;244,291;9,672;1,704;6,745
32,84;517,52;244,195;9,668;1,703;6,742
32,84;517,54;244,098;9,664;1,702;6,74
32,84;517,56;244,001;9,66;1,702;6,737
32,84;517,58;243,905;9,656;1,701;6,734
32,84;517,6;243,807;9,652;1,7;6,732
32,85;517,62;243,71;9,649;1,7;6,729
32,85;517,64;243,613;9,645;1,699;6,726
32,85;517,66;243,514;9,641;1,698;6,724
32,85;517,68;243,415;9,637;1,698;6,721
32,85;517,7;243,316;9,633;1,697;6,718
32,86;517,72;243,218;9,629;1,696;6,716
32,86;517,74;243,119;9,625;1,696;6,713
32,86;517,76;243,02;9,621;1,695;6,711
32,86;517,78;242,921;9,617;1,694;6,708
32,86;517,8;242,821;9,613;1,694;6,705
32,86;517,82;242,721;9,609;1,693;6,703
32,87;517,84;242,62;9,605;1,692;6,7
32,87;517,86;242,52;9,601;1,692;6,697
32,87;517,88;242,419;9,597;1,691;6,695
32,87;517,9;242,318;9,593;1,69;6,692
32,87;517,92;242,217;9,589;1,69;6,69
32,87;517,94;242,115;9,585;1,689;6,687
32,88;517,96;242,014;9,581;1,688;6,684
32,88;517,98;241,912;9,577;1,688;6,682
32,88;518;241,811;9,573;1,687;6,679
32,88;518,02;241,71;9,569;1,686;6,677
32,88;518,05;241,607;9,565;1,686;6,674
32,88;518,07;241,504;9,561;1,685;6,671
32,88;518,09;241,401;9,557;1,684;6,669
32,89;518,11;241,297;9,553;1,684;6,666
32,89;518,13;241,194;9,549;1,683;6,664
32,89;518,15;241,09;9,545;1,682;6,661
32,89;518,17;240,986;9,541;1,682;6,658
32,89;518,19;240,881;9,537;1,681;6,656
32,89;518,21;240,777;9,532;1,681;6,653
32,9;518,23;240,671;9,528;1,68;6,651
32,9;518,25;240,566;9,524;1,679;6,648
32,9;518,27;240,459;9,52;1,679;6,646
32,9;518,29;240,353;9,516;1,678;6,643
32,9;518,31;240,246;9,511;1,677;6,64
32,91;518,33;240,14;9,507;1,677;6,638
32,91;518,35;240,034;9,503;1,676;6,635
32,91;518,37;239,926;9,499;1,675;6,633
32,91;518,39;239,82;9,495;1,675;6,63
32,91;518,41;239,712;9,49;1,674;6,628
32,91;518,43;239,605;9,486;1,673;6,625
32,92;518,45;239,498;9,482;1,673;6,623
32,92;518,47;239,391;9,478;1,672;6,62
32,92;518,49;239,283;9,473;1,671;6,617
32,92;518,51;239,175;9,469;1,671;6,615
32,92;518,53;239,067;9,465;1,67;6,612
32,92;518,55;238,958;9,46;1,67;6,61
32,93;518,57;238,85;9,456;1,669;6,607
32,93;518,59;238,74;9,452;1,668;6,605
32,93;518,61;238,63;9,447;1,668;6,602
32,93;518,63;238,52;9,443;1,667;6,6
32,93;518,64;238,409;9,439;1,666;6,597
32,93;518,66;238,299;9,434;1,666;6,595
32,93;518,68;238,189;9,43;1,665;6,592
32,94;518,7;238,078;9,426;1,664;6,59
32,94;518,72;237,967;9,421;1,664;6,587
32,94;518,74;237,855;9,417;1,663;6,585
32,94;518,76;237,744;9,412;1,663;6,582
32,94;518,78;237,631;9,408;1,662;6,58
32,94;518,8;237,519;9,403;1,661;6,577
32,95;518,82;237,406;9,399;1,661;6,575
32,95;518,84;237,293;9,394;1,66;6,572
32,95;518,86;237,179;9,39;1,659;6,57
32,95;518,88;237,065;9,385;1,659;6,567
32,95;518,9;236,951;9,381;1,658;6,565
32,96;518,92;236,837;9,376;1,658;6,562
32,96;518,94;236,723;9,372;1,657;6,56
32,96;518,96;236,608;9,367;1,656;6,557
32,96;518,98;236,494;9,363;1,656;6,555
32,96;519;236,378;9,358;1,655;6,552
32,96;519,02;236,262;9,354;1,654;6,55
32,97;519,04;236,146;9,349;1,654;6,547
32,97;519,06;236,031;9,345;1,653;6,545
32,97;519,08;235,913;9,34;1,653;6,542
32,97;519,1;235,796;9,335;1,652;6,54
32,97;519,12;235,678;9,331;1,651;6,537
32,97;519,14;235,56;9,326;1,651;6,535
32,98;519,16;235,444;9,321;1,65;6,533
32,98;519,18;235,326;9,317;1,649;6,53
32,98;519,19;235,207;9,312;1,649;6,528
32,98;519,21;235,089;9,307;1,648;6,525
32,98;519,23;234,971;9,303;1,648;6,523
32,98;519,25;234,853;9,298;1,647;6,52
32,98;519,27;234,734;9,293;1,646;6,518
32,99;519,29;234,614;9,288;1,646;6,516
32,99;519,31;234,494;9,284;1,645;6,513
32,99;519,33;234,375;9,279;1,645;6,511
32,99;519,35;234,255;9,274;1,644;6,508
32,99;519,37;234,133;9,269;1,643;6,506
32,99;519,39;234,012;9,265;1,643;6,504
33;519,41;233,89;9,26;1,642;6,501
33;519,43;233,767;9,255;1,642;6,499
33;519,45;233,646;9,25;1,641;6,496
33;519,47;233,523;9,245;1,64;6,494
33;519,49;233,4;9,24;1,64;6,492
33,01;519,5;233,277;9,235;1,639;6,489
33,01;519,52;233,154;9,231;1,638;6,487
33,01;519,54;233,03;9,226;1,638;6,484
33,01;519,56;232,907;9,221;1,637;6,482
33,01;519,58;232,783;9,216;1,637;6,48
33,01;519,6;232,66;9,211;1,636;6,477
33,02;519,62;232,535;9,206;1,635;6,475
33,02;519,64;232,411;9,201;1,635;6,473
33,02;519,66;232,285;9,196;1,634;6,47
33,02;519,68;232,161;9,191;1,634;6,468
33,02;519,7;232,035;9,186;1,633;6,465
33,02;519,72;231,909;9,181;1,632;6,463
33,03;519,74;231,782;9,176;1,632;6,461
33,03;519,75;231,656;9,171;1,631;6,458
33,03;519,77;231,529;9,166;1,631;6,456
33,03;519,79;231,402;9,161;1,63;6,454
33,03;519,81;231,274;9,156;1,63;6,451
33,03;519,83;231,147;9,151;1,629;6,449
33,03;519,85;231,019;9,146;1,628;6,447
33,04;519,87;230,891;9,141;1,628;6,444
33,04;519,89;230,762;9,136;1,627;6,442
33,04;519,91;230,634;9,131;1,627;6,44
33,04;519,93;230,504;9,126;1,626;6,437
33,04;519,95;230,375;9,121;1,625;6,435
33,04;519,97;230,245;9,115;1,625;6,433
33,05;519,98;230,114;9,11;1,624;6,43
33,05;520;229,984;9,105;1,624;6,428
33,05;520,02;229,853;9,1;1,623;6,426
33,05;520,04;229,724;9,095;1,622;6,423
33,05;520,06;229,592;9,09;1,622;6,421
33,06;520,08;229,461;9,084;1,621;6,419
33,06;520,1;229,329;9,079;1,621;6,416
33,06;520,12;229,196;9,074;1,62;6,414
33,06;520,14;229,063;9,069;1,62;6,412
33,06;520,16;228,931;9,063;1,619;6,41
33,06;520,17;228,796;9,058;1,618;6,407
33,07;520,19;228,663;9,053;1,618;6,405
33,07;520,21;228,528;9,047;1,617;6,403
33,07;520,23;228,394;9,042;1,617;6,4
33,07;520,25;228,26;9,037;1,616;6,398
33,07;520,27;228,124;9,031;1,615;6,396
33,07;520,29;227,988;9,026;1,615;6,393
33,08;520,31;227,852;9,021;1,614;6,391
33,08;520,32;227,717;9,015;1,614;6,389
33,08;520,34;227,58;9,01;1,613;6,387
33,08;520,36;227,444;9,005;1,613;6,384
33,08;520,38;227,307;8,999;1,612;6,382
33,08;520,4;227,17;8,994;1,611;6,38
33,08;520,42;227,032;8,988;1,611;6,378
33,09;520,44;226,895;8,983;1,61;6,375
33,09;520,46;226,757;8,977;1,61;6,373
33,09;520,48;226,619;8,972;1,609;6,371
33,09;520,49;226,48;8,966;1,609;6,369
33,09;520,51;226,34;8,961;1,608;6,366
33,09;520,53;226,201;8,955;1,607;6,364
33,1;520,55;226,06;8,95;1,607;6,362
33,1;520,57;225,92;8,944;1,606;6,36
33,1;520,59;225,78;8,939;1,606;6,357
33,1;520,61;225,639;8,933;1,605;6,355
33,1;520,62;225,498;8,928;1,605;6,353
33,11;520,64;225,356;8,922;1,604;6,351
33,11;520,66;225,215;8,916;1,604;6,348
33,11;520,68;225,073;8,911;1,603;6,346
33,11;520,7;224,93;8,905;1,602;6,344
33,11;520,72;224,787;8,899;1,602;6,342
33,11;520,74;224,644;8,894;1,601;6,34
33,12;520,76;224,501;8,888;1,601;6,337
33,12;520,77;224,356;8,882;1,6;6,335
33,12;520,79;224,212;8,877;1,6;6,333
33,12;520,81;224,068;8,871;1,599;6,331
33,12;520,83;223,922;8,865;1,599;6,329
33,12;520,85;223,777;8,859;1,598;6,326
33,13;520,87;223,631;8,854;1,597;6,324
33,13;520,88;223,486;8,848;1,597;6,322
33,13;520,9;223,339;8,842;1,596;6,32
33,13;520,92;223,192;8,836;1,596;6,318
33,13;520,94;223,045;8,83;1,595;6,316
33,13;520,96;222,897;8,825;1,595;6,313
33,13;520,98;222,75;8,819;1,594;6,311
33,14;520,99;222,602;8,813;1,594;6,309
33,14;521,01;222,454;8,807;1,593;6,307
33,14;521,03;222,306;8,801;1,592;6,305
33,14;521,05;222,157;8,795;1,592;6,303
33,14;521,07;222,009;8,789;1,591;6,3
33,14;521,09;221,86;8,783;1,591;6,298
33,15;521,1;221,71;8,778;1,59;6,296
33,15;521,12;221,56;8,772;1,59;6,294
33,15;521,14;221,41;8,766;1,589;6,292
33,15;521,16;221,26;8,76;1,589;6,29
33,15;521,18;221,109;8,754;1,588;6,288
33,16;521,2;220,957;8,748;1,588;6,286
33,16;521,21;220,805;8,742;1,587;6,283
33,16;521,23;220,653;8,736;1,587;6,281
33,16;521,25;220,501;8,73;1,586;6,279
33,16;521,27;220,348;8,724;1,586;6,277
33,16;521,29;220,195;8,718;1,585;6,275
33,17;521,31;220,041;8,711;1,584;6,273
33,17;521,32;219,887;8,705;1,584;6,271
33,17;521,34;219,733;8,699;1,583;6,269
33,17;521,36;219,579;8,693;1,583;6,267
33,17;521,38;219,423;8,687;1,582;6,265
33,17;521,4;219,267;8,681;1,582;6,263
33,18;521,41;219,112;8,675;1,581;6,26
33,18;521,43;218,956;8,669;1,581;6,258
33,18;521,45;218,8;8,662;1,58;6,256
33,18;521,47;218,644;8,656;1,58;6,254
33,18;521,49;218,487;8,65;1,579;6,252
33,18;521,5;218,33;8,644;1,579;6,25
33,18;521,52;218,173;8,638;1,578;6,248
33,19;521,54;218,015;8,631;1,578;6,246
33,19;521,56;217,858;8,625;1,577;6,244
33,19;521,58;217,698;8,619;1,577;6,242
33,19;521,59;217,54;8,612;1,576;6,24
33,19;521,61;217,381;8,606;1,576;6,238
33,19;521,63;217,221;8,6;1,575;6,236
33,2;521,65;217,062;8,594;1,575;6,234
33,2;521,67;216,903;8,587;1,574;6,232
33,2;521,68;216,742;8,581;1,574;6,23
33,2;521,7;216,582;8,575;1,573;6,228
33,2;521,72;216,42;8,568;1,573;6,226
33,21;521,74;216,259;8,562;1,572;6,224
33,21;521,75;216,097;8,555;1,572;6,222
33,21;521,77;215,935;8,549;1,571;6,22
33,21;521,79;215,772;8,542;1,571;6,218
33,21;521,81;215,609;8,536;1,57;6,216
33,21;521,83;215,447;8,53;1,57;6,214
33,22;521,84;215,284;8,523;1,569;6,212
33,22;521,86;215,12;8,517;1,569;6,21
33,22;521,88;214,955;8,51;1,568;6,208
33,22;521,9;214,791;8,504;1,568;6,206
33,22;521,91;214,625;8,497;1,567;6,204
33,22;521,93;214,459;8,49;1,567;6,202
33,23;521,95;214,293;8,484;1,566;6,2
33,23;521,97;214,127;8,477;1,566;6,198
33,23;521,98;213,959;8,471;1,565;6,196
33,23;522;213,791;8,464;1,565;6,194
33,23;522,02;213,624;8,457;1,564;6,192
33,23;522,04;213,457;8,451;1,564;6,19
33,23;522,06;213,289;8,444;1,563;6,188
33,24;522,07;213,121;8,437;1,563;6,186
33,24;522,09;212,952;8,431;1,562;6,184
33,24;522,11;212,783;8,424;1,562;6,183
33,24;522,12;212,613;8,417;1,561;6,181
33,24;522,14;212,443;8,411;1,561;6,179
33,24;522,16;212,273;8,404;1,56;6,177
33,25;522,18;212,103;8,397;1,56;6,175
33,25;522,19;211,932;8,39;1,559;6,173
33,25;522,21;211,761;8,384;1,559;6,171
33,25;522,23;211,59;8,377;1,558;6,169
33,25;522,25;211,417;8,37;1,558;6,167
33,26;522,26;211,245;8,363;1,557;6,165
33,26;522,28;211,073;8,356;1,557;6,163
33,26;522,3;210,899;8,35;1,556;6,161
33,26;522,32;210,725;8,343;1,556;6,16
33,26;522,33;210,551;8,336;1,555;6,158
33,26;522,35;210,376;8,329;1,555;6,156
33,27;522,37;210,203;8,322;1,554;6,154
33,27;522,39;210,028;8,315;1,554;6,152
33,27;522,4;209,853;8,308;1,553;6,15
33,27;522,42;209,677;8,301;1,553;6,148
33,27;522,44;209,501;8,294;1,553;6,146
33,27;522,45;209,325;8,287;1,552;6,145
33,28;522,47;209,148;8,28;1,552;6,143
33,28;522,49;208,971;8,273;1,551;6,141
33,28;522,51;208,795;8,266;1,551;6,139
33,28;522,52;208,616;8,259;1,55;6,137
33,28;522,54;208,438;8,252;1,55;6,135
33,28;522,56;208,26;8,245;1,549;6,133
33,28;522,57;208,081;8,238;1,549;6,132
33,29;522,59;207,904;8,231;1,548;6,13
33,29;522,61;207,725;8,224;1,548;6,128
33,29;522,63;207,544;8,217;1,547;6,126
33,29;522,64;207,364;8,21;1,547;6,124
33,29;522,66;207,185;8,202;1,546;6,122
33,29;522,68;207,004;8,195;1,546;6,121
33,3;522,69;206,824;8,188;1,546;6,119
33,3;522,71;206,642;8,181;1,545;6,117
33,3;522,73;206,461;8,174;1,545;6,115
33,3;522,74;206,279;8,167;1,544;6,113
33,3;522,76;206,096;8,159;1,544;6,112
33,31;522,78;205,913;8,152;1,543;6,11
33,31;522,8;205,731;8,145;1,543;6,108
33,31;522,81;205,548;8,138;1,542;6,106
33,31;522,83;205,364;8,13;1,542;6,104
33,31;522,85;205,18;8,123;1,541;6,103
33,31;522,86;204,997;8,116;1,541;6,101
33,32;522,88;204,812;8,109;1,541;6,099
33,32;522,9;204,627;8,101;1,54;6,097
33,32;522,91;204,442;8,094;1,54;6,095
33,32;522,93;204,256;8,087;1,539;6,094
33,32;522,95;204,071;8,079;1,539;6,092
33,32;522,96;203,885;8,072;1,538;6,09
33,33;522,98;203,699;8,064;1,538;6,088
33,33;523;203,512;8,057;1,537;6,087
33,33;523,02;203,325;8,05;1,537;6,085
33,33;523,03;203,136;8,042;1,537;6,083
33,33;523,05;202,949;8,035;1,536;6,081
33,33;523,07;202,761;8,027;1,536;6,08
33,33;523,08;202,572;8,02;1,535;6,078
33,34;523,1;202,384;8,012;1,535;6,076
33,34;523,12;202,195;8,005;1,534;6,074
33,34;523,13;202,005;7,997;1,534;6,073
33,34;523,15;201,815;7,99;1,533;6,071
33,34;523,17;201,625;7,982;1,533;6,069
33,34;523,18;201,435;7,975;1,533;6,068
33,35;523,2;201,245;7,967;1,532;6,066
33,35;523,22;201,053;7,96;1,532;6,064
33,35;523,23;200,862;7,952;1,531;6,062
33,35;523,25;200,669;7,945;1,531;6,061
33,35;523,27;200,476;7,937;1,53;6,059
33,36;523,28;200,284;7,929;1,53;6,057
33,36;523,3;200,091;7,922;1,53;6,056
33,36;523,32;199,899;7,914;1,529;6,054
33,36;523,33;199,705;7,906;1,529;6,052
33,36;523,35;199,51;7,899;1,528;6,051
33,36;523,37;199,316;7,891;1,528;6,049
33,37;523,38;199,121;7,883;1,527;6,047
33,37;523,4;198,926;7,876;1,527;6,046
33,37;523,42;198,731;7,868;1,527;6,044
33,37;523,43;198,534;7,86;1,526;6,042
33,37;523,45;198,338;7,852;1,526;6,041
33,37;523,46;198,143;7,845;1,525;6,039
33,38;523,48;197,946;7,837;1,525;6,037
33,38;523,5;197,749;7,829;1,525;6,036
33,38;523,51;197,551;7,821;1,524;6,034
33,38;523,53;197,353;7,813;1,524;6,032
33,38;523,55;197,155;7,805;1,523;6,031
33,38;523,56;196,957;7,798;1,523;6,029
33,38;523,58;196,758;7,79;1,522;6,027
33,39;523,6;196,561;7,782;1,522;6,026
33,39;523,61;196,362;7,774;1,522;6,024
33,39;523,63;196,162;7,766;1,521;6,023
33,39;523,65;195,962;7,758;1,521;6,021
33,39;523,66;195,762;7,75;1,52;6,019
33,39;523,68;195,56;7,742;1,52;6,018
33,4;523,69;195,36;7,734;1,52;6,016
33,4;523,71;195,16;7,726;1,519;6,015
33,4;523,73;194,958;7,718;1,519;6,013
33,4;523,74;194,756;7,71;1,518;6,011
33,4;523,76;194,554;7,702;1,518;6,01
33,41;523,78;194,353;7,694;1,518;6,008
33,41;523,79;194,151;7,686;1,517;6,007
33,41;523,81;193,949;7,678;1,517;6,005
33,41;523,82;193,746;7,67;1,516;6,004
33,41;523,84;193,543;7,662;1,516;6,002
33,41;523,86;193,34;7,654;1,516;6
33,42;523,87;193,136;7,646;1,515;5,999
33,42;523,89;192,932;7,638;1,515;5,997
33,42;523,9;192,728;7,63;1,514;5,996
33,42;523,92;192,523;7,622;1,514;5,994
33,42;523,94;192,318;7,614;1,514;5,993
33,42;523,95;192,113;7,606;1,513;5,991
33,43;523,97;191,908;7,598;1,513;5,99
33,43;523,99;191,703;7,59;1,513;5,988
33,43;524;191,497;7,581;1,512;5,987
33,43;524,02;191,29;7,573;1,512;5,985
33,43;524,03;191,084;7,565;1,511;5,984
33,43;524,05;190,877;7,557;1,511;5,982
33,43;524,07;190,67;7,549;1,511;5,981
33,44;524,08;190,462;7,54;1,51;5,979
33,44;524,1;190,253;7,532;1,51;5,978
33,44;524,11;190,044;7,524;1,509;5,976
33,44;524,13;189,836;7,516;1,509;5,975
33,44;524,15;189,627;7,507;1,509;5,973
33,44;524,16;189,418;7,499;1,508;5,972
33,45;524,18;189,209;7,491;1,508;5,97
33,45;524,19;189;7,483;1,508;5,969
33,45;524,21;188,791;7,474;1,507;5,967
33,45;524,22;188,581;7,466;1,507;5,966
33,45;524,24;188,37;7,458;1,506;5,964
33,46;524,26;188,16;7,449;1,506;5,963
33,46;524,27;187,949;7,441;1,506;5,961
33,46;524,29;187,737;7,433;1,505;5,96
33,46;524,3;187,526;7,424;1,505;5,958
33,46;524,32;187,314;7,416;1,505;5,957
33,46;524,34;187,102;7,407;1,504;5,956
33,47;524,35;186,889;7,399;1,504;5,954
33,47;524,37;186,677;7,391;1,504;5,953
33,47;524,38;186,464;7,382;1,503;5,951
33,47;524,4;186,251;7,374;1,503;5,95
33,47;524,42;186,038;7,365;1,503;5,948
33,47;524,43;185,824;7,357;1,502;5,947
33,48;524,45;185,611;7,348;1,502;5,946
33,48;524,46;185,396;7,34;1,501;5,944
33,48;524,48;185,183;7,331;1,501;5,943
33,48;524,49;184,968;7,323;1,501;5,941
33,48;524,51;184,753;7,314;1,5;5,94
33,48;524,53;184,537;7,306;1,5;5,939
33,48;524,54;184,321;7,297;1,5;5,937
33,49;524,56;184,106;7,289;1,499;5,936
33,49;524,57;183,89;7,28;1,499;5,935
33,49;524,59;183,672;7,272;1,499;5,933
33,49;524,6;183,455;7,263;1,498;5,932
33,49;524,62;183,238;7,254;1,498;5,93
33,49;524,64;183,021;7,246;1,498;5,929
33,5;524,65;182,804;7,237;1,497;5,928
33,5;524,67;182,587;7,229;1,497;5,926
33,5;524,68;182,369;7,22;1,497;5,925
33,5;524,7;182,15;7,211;1,496;5,924
33,5;524,71;181,932;7,203;1,496;5,922
33,51;524,73;181,713;7,194;1,496;5,921
33,51;524,75;181,495;7,185;1,495;5,92
33,51;524,76;181,275;7,177;1,495;5,918
33,51;524,78;181,056;7,168;1,495;5,917
33,51;524,79;180,837;7,159;1,494;5,916
33,51;524,81;180,618;7,151;1,494;5,914
33,52;524,82;180,397;7,142;1,494;5,913
33,52;524,84;180,177;7,133;1,493;5,912
33,52;524,85;179,957;7,125;1,493;5,91
33,52;524,87;179,737;7,116;1,493;5,909
33,52;524,89;179,517;7,107;1,492;5,908
33,52;524,9;179,296;7,098;1,492;5,906
33,53;524,92;179,076;7,09;1,492;5,905
33,53;524,93;178,856;7,081;1,491;5,904
33,53;524,95;178,635;7,072;1,491;5,902
33,53;524,96;178,412;7,063;1,491;5,901
33,53;524,98;178,191;7,055;1,49;5,9
33,53;524,99;177,969;7,046;1,49;5,899
33,53;525,01;177,747;7,037;1,49;5,897
33,54;525,02;177,526;7,028;1,489;5,896
33,54;525,04;177,304;7,019;1,489;5,895
33,54;525,06;177,08;7,011;1,489;5,893
33,54;525,07;176,857;7,002;1,488;5,892
33,54;525,09;176,634;6,993;1,488;5,891
33,54;525,1;176,412;6,984;1,488;5,89
33,55;525,12;176,188;6,975;1,487;5,888
33,55;525,13;175,964;6,966;1,487;5,887
33,55;525,15;175,738;6,958;1,487;5,886
33,55;525,16;175,514;6,949;1,486;5,885
33,55;525,18;175,289;6,94;1,486;5,883
33,56;525,19;175,065;6,931;1,486;5,882
33,56;525,21;174,84;6,922;1,485;5,881
33,56;525,23;174,615;6,913;1,485;5,88
33,56;525,24;174,39;6,904;1,485;5,878
33,56;525,26;174,164;6,895;1,485;5,877
33,56;525,27;173,939;6,886;1,484;5,876
33,57;525,29;173,714;6,877;1,484;5,875
33,57;525,3;173,489;6,868;1,484;5,874
33,57;525,32;173,263;6,86;1,483;5,872
33,57;525,33;173,036;6,851;1,483;5,871
33,57;525,35;172,81;6,842;1,483;5,87
33,57;525,36;172,585;6,833;1,482;5,869
33,58;525,38;172,358;6,824;1,482;5,868
33,58;525,39;172,131;6,815;1,482;5,866
33,58;525,41;171,904;6,806;1,481;5,865
33,58;525,42;171,675;6,797;1,481;5,864
33,58;525,44;171,448;6,788;1,481;5,863
33,58;525,46;171,22;6,779;1,481;5,862
33,58;525,47;170,992;6,77;1,48;5,86
33,59;525,49;170,765;6,761;1,48;5,859
33,59;525,5;170,536;6,752;1,48;5,858
33,59;525,52;170,308;6,743;1,479;5,857
33,59;525,53;170,08;6,733;1,479;5,856
33,59;525,55;169,852;6,724;1,479;5,855
33,59;525,56;169,623;6,715;1,479;5,853
33,6;525,58;169,394;6,706;1,478;5,852
33,6;525,59;169,165;6,697;1,478;5,851
33,6;525,61;168,936;6,688;1,478;5,85
33,6;525,62;168,706;6,679;1,477;5,849
33,6;525,64;168,476;6,67;1,477;5,848
33,61;525,65;168,247;6,661;1,477;5,847
33,61;525,67;168,017;6,652;1,476;5,845
33,61;525,68;167,786;6,643;1,476;5,844
33,61;525,7;167,555;6,634;1,476;5,843
33,61;525,71;167,325;6,624;1,476;5,842
33,61;525,73;167,095;6,615;1,475;5,841
33,62;525,74;166,864;6,606;1,475;5,84
33,62;525,76;166,633;6,597;1,475;5,839
33,62;525,77;166,402;6,588;1,475;5,838
33,62;525,79;166,17;6,579;1,474;5,836
33,62;525,81;165,938;6,57;1,474;5,835
33,62;525,82;165,707;6,56;1,474;5,834
33,63;525,84;165,475;6,551;1,473;5,833
33,63;525,85;165,244;6,542;1,473;5,832
33,63;525,87;165,012;6,533;1,473;5,831
33,63;525,88;164,78;6,524;1,473;5,83
33,63;525,9;164,548;6,515;1,472;5,829
33,63;525,91;164,318;6,505;1,472;5,828
33,63;525,93;164,086;6,496;1,472;5,827
33,64;525,94;163,854;6,487;1,472;5,826
33,64;525,96;163,621;6,478;1,471;5,825
33,64;525,97;163,388;6,469;1,471;5,824
33,64;525,99;163,156;6,459;1,471;5,823
33,64;526;162,924;6,45;1,47;5,821
33,64;526,02;162,692;6,441;1,47;5,82
33,65;526,03;162,459;6,432;1,47;5,819
33,65;526,05;162,226;6,423;1,47;5,818
33,65;526,06;161,993;6,413;1,469;5,817
33,65;526,08;161,759;6,404;1,469;5,816
33,65;526,09;161,526;6,395;1,469;5,815
33,66;526,11;161,293;6,386;1,469;5,814
33,66;526,12;161,059;6,376;1,468;5,813
33,66;526,14;160,826;6,367;1,468;5,812
33,66;526,15;160,592;6,358;1,468;5,811
33,66;526,17;160,359;6,349;1,468;5,81
33,66;526,18;160,126;6,339;1,467;5,809
33,67;526,2;159,893;6,33;1,467;5,808
33,67;526,21;159,659;6,321;1,467;5,807
33,67;526,23;159,426;6,312;1,467;5,806
33,67;526,24;159,191;6,302;1,466;5,805
33,67;526,26;158,957;6,293;1,466;5,804
33,67;526,27;158,723;6,284;1,466;5,803
33,68;526,29;158,488;6,275;1,466;5,802
33,68;526,3;158,253;6,265;1,465;5,801
33,68;526,32;158,02;6,256;1,465;5,8
33,68;526,33;157,785;6,247;1,465;5,799
33,68;526,35;157,55;6,237;1,465;5,798
33,68;526,36;157,316;6,228;1,464;5,797
33,68;526,38;157,082;6,219;1,464;5,796
33,69;526,39;156,847;6,21;1,464;5,796
33,69;526,41;156,612;6,2;1,464;5,795
33,69;526,42;156,378;6,191;1,463;5,794
33,69;526,44;156,143;6,182;1,463;5,793
33,69;526,45;155,907;6,172;1,463;5,792
33,69;526,47;155,672;6,163;1,463;5,791
33,7;526,49;155,436;6,154;1,462;5,79
33,7;526,5;155,2;6,144;1,462;5,789
33,7;526,52;154,965;6,135;1,462;5,788
33,7;526,53;154,729;6,126;1,462;5,787
33,7;526,55;154,494;6,116;1,462;5,786
33,71;526,56;154,259;6,107;1,461;5,785
33,71;526,58;154,023;6,098;1,461;5,784
33,71;526,59;153,788;6,088;1,461;5,784
33,71;526,61;153,552;6,079;1,461;5,783
33,71;526,62;153,316;6,07;1,46;5,782
33,71;526,64;153,081;6,061;1,46;5,781
33,72;526,65;152,846;6,051;1,46;5,78
33,72;526,67;152,609;6,042;1,46;5,779
33,72;526,68;152,373;6,032;1,459;5,778
33,72;526,7;152,136;6,023;1,459;5,777
33,72;526,71;151,9;6,014;1,459;5,776
33,72;526,73;151,664;6,004;1,459;5,775
33,73;526,74;151,427;5,995;1,459;5,775
33,73;526,76;151,19;5,986;1,458;5,774
33,73;526,77;150,954;5,976;1,458;5,773
33,73;526,79;150,718;5,967;1,458;5,772
33,73;526,8;150,482;5,958;1,458;5,771
33,73;526,82;150,246;5,948;1,458;5,77
33,73;526,83;150,01;5,939;1,457;5,769
33,74;526,85;149,773;5,93;1,457;5,769
33,74;526,86;149,536;5,92;1,457;5,768
33,74;526,88;149,3;5,911;1,457;5,767
33,74;526,89;149,063;5,901;1,456;5,766
33,74;526,91;148,826;5,892;1,456;5,765
33,74;526,92;148,588;5,883;1,456;5,764
33,75;526,94;148,352;5,873;1,456;5,764
33,75;526,95;148,114;5,864;1,456;5,763
33,75;526,97;147,876;5,854;1,455;5,762
33,75;526,98;147,639;5,845;1,455;5,761
33,75;527;147,403;5,836;1,455;5,76
33,76;527,01;147,166;5,826;1,455;5,76
33,76;527,03;146,93;5,817;1,455;5,759
33,76;527,04;146,693;5,808;1,454;5,758
33,76;527,06;146,455;5,798;1,454;5,757
33,76;527,07;146,217;5,789;1,454;5,756
33,76;527,09;145,981;5,779;1,454;5,756
33,77;527,1;145,744;5,77;1,454;5,755
33,77;527,12;145,507;5,761;1,453;5,754
33,77;527,13;145,27;5,751;1,453;5,753
33,77;527,15;145,033;5,742;1,453;5,752
33,77;527,16;144,796;5,733;1,453;5,752
33,77;527,18;144,558;5,723;1,453;5,751
33,78;527,19;144,321;5,714;1,452;5,75
33,78;527,21;144,084;5,704;1,452;5,749
33,78;527,22;143,848;5,695;1,452;5,749
33,78;527,24;143,611;5,686;1,452;5,748
33,78;527,25;143,375;5,676;1,452;5,747
33,78;527,27;143,138;5,667;1,451;5,746
33,78;527,28;142,901;5,658;1,451;5,746
33,79;527,3;142,664;5,648;1,451;5,745
33,79;527,31;142,427;5,639;1,451;5,744
33,79;527,33;142,191;5,629;1,451;5,743
33,79;527,34;141,953;5,62;1,451;5,743
33,79;527,36;141,716;5,611;1,45;5,742
33,79;527,37;141,479;5,601;1,45;5,741
33,8;527,39;141,242;5,592;1,45;5,74
33,8;527,4;141,005;5,582;1,45;5,74
33,8;527,42;140,769;5,573;1,45;5,739
33,8;527,43;140,532;5,564;1,449;5,738
33,8;527,45;140,295;5,554;1,449;5,738
33,81;527,46;140,058;5,545;1,449;5,737
33,81;527,48;139,822;5,536;1,449;5,736
33,81;527,49;139,587;5,526;1,449;5,735
33,81;527,51;139,35;5,517;1,449;5,735
33,81;527,52;139,113;5,508;1,448;5,734
33,81;527,54;138,876;5,498;1,448;5,733
33,82;527,55;138,639;5,489;1,448;5,733
33,82;527,57;138,401;5,479;1,448;5,732
33,82;527,58;138,164;5,47;1,448;5,731
33,82;527,6;137,927;5,461;1,447;5,73
33,82;527,61;137,691;5,451;1,447;5,73
33,82;527,63;137,454;5,442;1,447;5,729
33,83;527,64;137,218;5,433;1,447;5,728
33,83;527,66;136,982;5,423;1,447;5,728
33,83;527,67;136,745;5,414;1,447;5,727
33,83;527,69;136,509;5,404;1,446;5,726
33,83;527,7;136,274;5,395;1,446;5,726
33,83;527,72;136,039;5,386;1,446;5,725
33,83;527,73;135,803;5,376;1,446;5,724
33,84;527,75;135,567;5,367;1,446;5,724
33,84;527,76;135,331;5,358;1,446;5,723
33,84;527,78;135,094;5,348;1,445;5,722
33,84;527,79;134,858;5,339;1,445;5,722
33,84;527,81;134,622;5,33;1,445;5,721
33,84;527,82;134,387;5,32;1,445;5,72
33,85;527,84;134,152;5,311;1,445;5,72
33,85;527,86;133,916;5,302;1,445;5,719
33,85;527,87;133,68;5,292;1,444;5,718
33,85;527,89;133,444;5,283;1,444;5,718
33,85;527,9;133,208;5,274;1,444;5,717
33,86;527,92;132,972;5,264;1,444;5,716
33,86;527,93;132,737;5,255;1,444;5,716
33,86;527,95;132,502;5,246;1,444;5,715
33,86;527,96;132,266;5,236;1,443;5,715
33,86;527,98;132,031;5,227;1,443;5,714
33,86;527,99;131,796;5,218;1,443;5,713
33,87;528,01;131,562;5,209;1,443;5,713
33,87;528,02;131,326;5,199;1,443;5,712
33,87;528,04;131,092;5,19;1,443;5,711
33,87;528,05;130,857;5,181;1,442;5,711
33,87;528,07;130,621;5,171;1,442;5,71
33,87;528,08;130,386;5,162;1,442;5,71
33,88;528,1;130,152;5,153;1,442;5,709
33,88;528,11;129,917;5,143;1,442;5,708
33,88;528,13;129,682;5,134;1,442;5,708
33,88;528,14;129,448;5,125;1,442;5,707
33,88;528,16;129,214;5,116;1,441;5,706
33,88;528,17;128,98;5,106;1,441;5,706
33,88;528,19;128,745;5,097;1,441;5,705
33,89;528,2;128,512;5,088;1,441;5,705
33,89;528,22;128,278;5,079;1,441;5,704
33,89;528,23;128,042;5,069;1,441;5,703
33,89;528,25;127,808;5,06;1,44;5,703
33,89;528,27;127,575;5,051;1,44;5,702
33,89;528,28;127,341;5,041;1,44;5,702
33,9;528,3;127,107;5,032;1,44;5,701
33,9;528,31;126,874;5,023;1,44;5,7
33,9;528,33;126,641;5,014;1,44;5,7
33,9;528,34;126,408;5,005;1,44;5,699
33,9;528,36;126,175;4,995;1,439;5,699
33,91;528,37;125,941;4,986;1,439;5,698
33,91;528,39;125,708;4,977;1,439;5,697
33,91;528,4;125,475;4,968;1,439;5,697
33,91;528,42;125,242;4,958;1,439;5,696
33,91;528,43;125,011;4,949;1,439;5,696
33,91;528,45;124,778;4,94;1,438;5,695
33,92;528,46;124,546;4,931;1,438;5,694
33,92;528,48;124,314;4,922;1,438;5,694
33,92;528,49;124,081;4,912;1,438;5,693
33,92;528,51;123,849;4,903;1,438;5,692
33,92;528,53;123,617;4,894;1,438;5,692
33,92;528,54;123,386;4,885;1,438;5,691
33,93;528,56;123,154;4,876;1,437;5,691
33,93;528,57;122,922;4,867;1,437;5,69
33,93;528,59;122,691;4,857;1,437;5,689
33,93;528,6;122,46;4,848;1,437;5,689
33,93;528,62;122,229;4,839;1,437;5,688
33,93;528,63;121,999;4,83;1,437;5,688
33,93;528,65;121,768;4,821;1,436;5,687
33,94;528,66;121,537;4,812;1,436;5,686
33,94;528,68;121,306;4,803;1,436;5,686
33,94;528,7;121,076;4,793;1,436;5,685
33,94;528,71;120,846;4,784;1,436;5,685
33,94;528,73;120,616;4,775;1,436;5,684
33,94;528,74;120,386;4,766;1,436;5,683
33,95;528,76;120,156;4,757;1,435;5,683
33,95;528,77;119,925;4,748;1,435;5,682
33,95;528,79;119,695;4,739;1,435;5,682
33,95;528,8;119,465;4,73;1,435;5,681
33,95;528,82;119,236;4,721;1,435;5,68
33,96;528,84;119,008;4,712;1,435;5,68
33,96;528,85;118,778;4,702;1,434;5,679
33,96;528,87;118,549;4,693;1,434;5,678
33,96;528,88;118,32;4,684;1,434;5,678
33,96;528,9;118,091;4,675;1,434;5,677
33,96;528,91;117,862;4,666;1,434;5,677
33,97;528,93;117,633;4,657;1,434;5,676
33,97;528,94;117,405;4,648;1,434;5,675
33,97;528,96;117,177;4,639;1,433;5,675
33,97;528,98;116,948;4,63;1,433;5,674
33,97;528,99;116,72;4,621;1,433;5,674
33,97;529,01;116,493;4,612;1,433;5,673
33,98;529,02;116,266;4,603;1,433;5,672
33,98;529,04;116,038;4,594;1,433;5,672
33,98;529,05;115,812;4,585;1,432;5,671
33,98;529,07;115,585;4,576;1,432;5,67
33,98;529,08;115,358;4,567;1,432;5,67
33,98;529,1;115,131;4,558;1,432;5,669
33,98;529,12;114,904;4,549;1,432;5,669
33,99;529,13;114,677;4,54;1,432;5,668
33,99;529,15;114,45;4,531;1,432;5,667
33,99;529,16;114,224;4,522;1,431;5,667
33,99;529,18;113,997;4,513;1,431;5,666
33,99;529,19;113,772;4,504;1,431;5,666
33,99;529,21;113,545;4,495;1,431;5,665
34;529,22;113,319;4,486;1,431;5,664
34;529,24;113,093;4,477;1,431;5,664
34;529,26;112,867;4,468;1,43;5,663
34;529,27;112,642;4,46;1,43;5,663
34;529,29;112,417;4,451;1,43;5,662
34,01;529,3;112,192;4,442;1,43;5,661
34,01;529,32;111,966;4,433;1,43;5,661
34,01;529,33;111,741;4,424;1,43;5,66
34,01;529,35;111,518;4,415;1,43;5,66
34,01;529,37;111,292;4,406;1,429;5,659
34,01;529,38;111,067;4,397;1,429;5,658
34,02;529,4;110,842;4,388;1,429;5,658
34,02;529,41;110,617;4,379;1,429;5,657
34,02;529,43;110,394;4,371;1,429;5,657
34,02;529,44;110,17;4,362;1,429;5,656
34,02;529,46;109,946;4,353;1,428;5,655
34,02;529,48;109,722;4,344;1,428;5,655
34,03;529,49;109,498;4,335;1,428;5,654
34,03;529,51;109,274;4,326;1,428;5,654
34,03;529,52;109,05;4,317;1,428;5,653
34,03;529,54;108,827;4,308;1,428;5,652
34,03;529,56;108,604;4,3;1,428;5,652
34,03;529,57;108,381;4,291;1,427;5,651
34,03;529,59;108,158;4,282;1,427;5,651
34,04;529,6;107,936;4,273;1,427;5,65
34,04;529,62;107,713;4,264;1,427;5,649
34,04;529,63;107,492;4,256;1,427;5,649
34,04;529,65;107,27;4,247;1,427;5,648
34,04;529,67;107,049;4,238;1,426;5,648
34,04;529,68;106,826;4,229;1,426;5,647
34,05;529,7;106,605;4,221;1,426;5,646
34,05;529,71;106,384;4,212;1,426;5,646
34,05;529,73;106,164;4,203;1,426;5,645
34,05;529,75;105,943;4,194;1,426;5,645
34,05;529,76;105,723;4,186;1,426;5,644
34,06;529,78;105,502;4,177;1,425;5,643
34,06;529,79;105,282;4,168;1,425;5,643
34,06;529,81;105,061;4,159;1,425;5,642
34,06;529,83;104,841;4,151;1,425;5,642
34,06;529,84;104,622;4,142;1,425;5,641
34,06;529,86;104,402;4,133;1,425;5,64
34,07;529,87;104,182;4,125;1,425;5,64
34,07;529,89;103,964;4,116;1,424;5,639
34,07;529,91;103,746;4,107;1,424;5,639
34,07;529,92;103,528;4,099;1,424;5,638
34,07;529,94;103,31;4,09;1,424;5,638
34,07;529,95;103,092;4,081;1,424;5,637
34,08;529,97;102,874;4,073;1,424;5,636
34,08;529,99;102,656;4,064;1,424;5,636
34,08;530;102,439;4,056;1,423;5,635
34,08;530,02;102,221;4,047;1,423;5,635
34,08;530,03;102,003;4,038;1,423;5,634
34,08;530,05;101,786;4,03;1,423;5,634
34,08;530,07;101,569;4,021;1,423;5,633
34,09;530,08;101,351;4,013;1,423;5,632
34,09;530,1;101,135;4,004;1,423;5,632
34,09;530,11;100,92;3,995;1,422;5,631
34,09;530,13;100,703;3,987;1,422;5,631
34,09;530,15;100,486;3,978;1,422;5,63
34,09;530,16;100,271;3,97;1,422;5,63
34,1;530,18;100,056;3,961;1,422;5,629
34,1;530,2;99,841;3,953;1,422;5,628
34,1;530,21;99,627;3,944;1,422;5,628
34,1;530,23;99,412;3,936;1,421;5,627
34,1;530,24;99,198;3,927;1,421;5,627
34,11;530,26;98,983;3,919;1,421;5,626
34,11;530,28;98,769;3,91;1,421;5,626
34,11;530,29;98,557;3,902;1,421;5,625
34,11;530,31;98,344;3,893;1,421;5,625
34,11;530,33;98,132;3,885;1,421;5,624
34,11;530,34;97,919;3,877;1,42;5,623
34,12;530,36;97,706;3,868;1,42;5,623
34,12;530,37;97,494;3,86;1,42;5,622
34,12;530,39;97,281;3,851;1,42;5,622
34,12;530,41;97,069;3,843;1,42;5,621
34,12;530,42;96,857;3,835;1,42;5,621
34,12;530,44;96,645;3,826;1,42;5,62
34,13;530,46;96,434;3,818;1,419;5,62
34,13;530,47;96,222;3,809;1,419;5,619
34,13;530,49;96,012;3,801;1,419;5,618
34,13;530,51;95,802;3,793;1,419;5,618
34,13;530,52;95,591;3,784;1,419;5,617
34,13;530,54;95,381;3,776;1,419;5,617
34,14;530,55;95,171;3,768;1,419;5,616
34,14;530,57;94,962;3,76;1,418;5,616
34,14;530,59;94,753;3,751;1,418;5,615
34,14;530,6;94,542;3,743;1,418;5,615
34,14;530,62;94,333;3,735;1,418;5,614
34,14;530,64;94,125;3,726;1,418;5,614
34,14;530,65;93,915;3,718;1,418;5,613
34,15;530,67;93,706;3,71;1,418;5,613
34,15;530,69;93,498;3,702;1,418;5,612
34,15;530,7;93,29;3,693;1,417;5,611
34,15;530,72;93,081;3,685;1,417;5,611
34,15;530,74;92,873;3,677;1,417;5,61
34,16;530,75;92,665;3,669;1,417;5,61
34,16;530,77;92,458;3,66;1,417;5,609
34,16;530,79;92,251;3,652;1,417;5,609
34,16;530,8;92,045;3,644;1,417;5,608
34,16;530,82;91,838;3,636;1,416;5,608
34,16;530,84;91,632;3,628;1,416;5,607
34,16;530,85;91,426;3,62;1,416;5,607
34,17;530,87;91,22;3,611;1,416;5,606
34,17;530,89;91,015;3,603;1,416;5,606
34,17;530,9;90,81;3,595;1,416;5,605
34,17;530,92;90,605;3,587;1,416;5,605
34,17;530,94;90,399;3,579;1,416;5,604
34,18;530,95;90,195;3,571;1,415;5,604
34,18;530,97;89,992;3,563;1,415;5,603
34,18;530,99;89,788;3,555;1,415;5,603
34,18;531;89,584;3,547;1,415;5,602
34,18;531,02;89,381;3,539;1,415;5,602
34,18;531,04;89,177;3,531;1,415;5,601
34,19;531,05;88,974;3,522;1,415;5,601
34,19;531,07;88,77;3,514;1,414;5,6
34,19;531,09;88,568;3,506;1,414;5,6
34,19;531,1;88,366;3,498;1,414;5,599
34,19;531,12;88,164;3,49;1,414;5,599
34,19;531,14;87,962;3,482;1,414;5,598
34,19;531,15;87,759;3,474;1,414;5,598
34,2;531,17;87,557;3,466;1,414;5,597
34,2;531,19;87,355;3,458;1,414;5,597
34,2;531,2;87,154;3,45;1,413;5,596
34,2;531,22;86,954;3,443;1,413;5,596
34,2;531,24;86,753;3,435;1,413;5,595
34,21;531,25;86,553;3,427;1,413;5,595
34,21;531,27;86,354;3,419;1,413;5,594
34,21;531,29;86,155;3,411;1,413;5,594
34,21;531,31;85,955;3,403;1,413;5,593
34,21;531,32;85,755;3,395;1,413;5,593
34,21;531,34;85,556;3,387;1,412;5,592
34,21;531,36;85,356;3,379;1,412;5,592
34,22;531,37;85,158;3,371;1,412;5,591
34,22;531,39;84,96;3,364;1,412;5,591
34,22;531,41;84,761;3,356;1,412;5,59
34,22;531,42;84,563;3,348;1,412;5,59
34,22;531,44;84,366;3,34;1,412;5,589
34,23;531,46;84,168;3,332;1,412;5,589
34,23;531,48;83,971;3,324;1,412;5,588
34,23;531,49;83,775;3,317;1,411;5,588
34,23;531,51;83,577;3,309;1,411;5,587
34,23;531,53;83,381;3,301;1,411;5,587
34,23;531,54;83,184;3,293;1,411;5,586
34,24;531,56;82,989;3,286;1,411;5,586
34,24;531,58;82,793;3,278;1,411;5,585
34,24;531,59;82,597;3,27;1,411;5,585
34,24;531,61;82,402;3,262;1,411;5,584
34,24;531,63;82,207;3,255;1,41;5,584
34,24;531,65;82,013;3,247;1,41;5,584
34,24;531,66;81,819;3,239;1,41;5,583
34,25;531,68;81,624;3,232;1,41;5,583
34,25;531,7;81,431;3,224;1,41;5,582
34,25;531,71;81,238;3,216;1,41;5,582
34,25;531,73;81,045;3,209;1,41;5,581
34,25;531,75;80,852;3,201;1,41;5,581
34,26;531,77;80,659;3,193;1,41;5,58
34,26;531,78;80,466;3,186;1,409;5,58
34,26;531,8;80,274;3,178;1,409;5,579
34,26;531,82;80,082;3,17;1,409;5,579
34,26;531,84;79,891;3,163;1,409;5,579
34,26;531,85;79,698;3,155;1,409;5,578
34,26;531,87;79,505;3,148;1,409;5,578
34,27;531,89;79,315;3,14;1,409;5,577
34,27;531,9;79,124;3,133;1,409;5,577
34,27;531,92;78,934;3,125;1,409;5,576
34,27;531,94;78,743;3,117;1,408;5,576
34,27;531,96;78,553;3,11;1,408;5,575
34,28;531,97;78,363;3,102;1,408;5,575
34,28;531,99;78,172;3,095;1,408;5,575
34,28;532,01;77,983;3,087;1,408;5,574
34,28;532,03;77,794;3,08;1,408;5,574
34,28;532,04;77,606;3,072;1,408;5,573
34,28;532,06;77,417;3,065;1,408;5,573
34,29;532,08;77,229;3,058;1,408;5,572
34,29;532,1;77,041;3,05;1,407;5,572
34,29;532,11;76,853;3,043;1,407;5,572
34,29;532,13;76,665;3,035;1,407;5,571
34,29;532,15;76,478;3,028;1,407;5,571
34,29;532,17;76,291;3,02;1,407;5,57
34,29;532,18;76,105;3,013;1,407;5,57
34,3;532,2;75,918;3,006;1,407;5,569
34,3;532,22;75,733;2,998;1,407;5,569
34,3;532,24;75,547;2,991;1,407;5,569
34,3;532,25;75,361;2,984;1,406;5,568
34,3;532,27;75,175;2,976;1,406;5,568
34,31;532,29;74,99;2,969;1,406;5,567
34,31;532,31;74,806;2,962;1,406;5,567
34,31;532,32;74,623;2,954;1,406;5,566
34,31;532,34;74,438;2,947;1,406;5,566
34,31;532,36;74,253;2,94;1,406;5,566
34,31;532,38;74,07;2,932;1,406;5,565
34,31;532,39;73,885;2,925;1,406;5,565
34,32;532,41;73,702;2,918;1,406;5,564
34,32;532,43;73,519;2,911;1,405;5,564
34,32;532,45;73,336;2,903;1,405;5,564
34,32;532,47;73,154;2,896;1,405;5,563
34,32;532,48;72,972;2,889;1,405;5,563
34,33;532,5;72,79;2,882;1,405;5,562
34,33;532,52;72,608;2,875;1,405;5,562
34,33;532,54;72,427;2,867;1,405;5,562
34,33;532,55;72,246;2,86;1,405;5,561
34,33;532,57;72,065;2,853;1,405;5,561
34,33;532,59;71,884;2,846;1,405;5,56
34,34;532,61;71,703;2,839;1,404;5,56
34,34;532,63;71,523;2,832;1,404;5,56
34,34;532,64;71,343;2,825;1,404;5,559
34,34;532,66;71,165;2,817;1,404;5,559
34,34;532,68;70,985;2,81;1,404;5,559
34,34;532,7;70,806;2,803;1,404;5,558
34,34;532,71;70,627;2,796;1,404;5,558
34,35;532,73;70,449;2,789;1,404;5,557
34,35;532,75;70,272;2,782;1,404;5,557
34,35;532,77;70,095;2,775;1,404;5,557
34,35;532,79;69,918;2,768;1,403;5,556
34,35;532,8;69,741;2,761;1,403;5,556
34,36;532,82;69,564;2,754;1,403;5,556
34,36;532,84;69,388;2,747;1,403;5,555
34,36;532,86;69,212;2,74;1,403;5,555
34,36;532,88;69,036;2,733;1,403;5,554
34,36;532,89;68,861;2,726;1,403;5,554
34,36;532,91;68,685;2,719;1,403;5,554
34,36;532,93;68,51;2,712;1,403;5,553
34,37;532,95;68,335;2,705;1,403;5,553
34,37;532,97;68,161;2,699;1,403;5,553
34,37;532,98;67,987;2,692;1,402;5,552
34,37;533;67,812;2,685;1,402;5,552
34,37;533,02;67,639;2,678;1,402;5,551
34,38;533,04;67,465;2,671;1,402;5,551
34,38;533,06;67,291;2,664;1,402;5,551
34,38;533,07;67,118;2,657;1,402;5,55
34,38;533,09;66,946;2,65;1,402;5,55
34,38;533,11;66,774;2,644;1,402;5,55
34,38;533,13;66,602;2,637;1,402;5,549
34,39;533,15;66,43;2,63;1,402;5,549
34,39;533,17;66,259;2,623;1,402;5,549
34,39;533,18;66,088;2,616;1,401;5,548
34,39;533,2;65,918;2,61;1,401;5,548
34,39;533,22;65,747;2,603;1,401;5,548
34,39;533,24;65,577;2,596;1,401;5,547
34,39;533,26;65,408;2,59;1,401;5,547
34,4;533,28;65,239;2,583;1,401;5,547
34,4;533,29;65,07;2,576;1,401;5,546
34,4;533,31;64,901;2,569;1,401;5,546
34,4;533,33;64,733;2,563;1,401;5,546
34,4;533,35;64,564;2,556;1,401;5,545
34,41;533,37;64,396;2,549;1,401;5,545
34,41;533,39;64,228;2,543;1,4;5,545
34,41;533,4;64,061;2,536;1,4;5,544
34,41;533,42;63,893;2,53;1,4;5,544
34,41;533,44;63,726;2,523;1,4;5,544
34,41;533,46;63,559;2,516;1,4;5,543
34,41;533,48;63,394;2,51;1,4;5,543
34,42;533,5;63,228;2,503;1,4;5,543
34,42;533,51;63,061;2,497;1,4;5,542
34,42;533,53;62,896;2,49;1,4;5,542
34,42;533,55;62,731;2,484;1,4;5,542
34,42;533,57;62,566;2,477;1,4;5,541
34,43;533,59;62,401;2,47;1,4;5,541
34,43;533,61;62,237;2,464;1,399;5,541
34,43;533,63;62,072;2,457;1,399;5,54
34,43;533,64;61,909;2,451;1,399;5,54
34,43;533,66;61,745;2,445;1,399;5,54
34,43;533,68;61,582;2,438;1,399;5,539
34,44;533,7;61,419;2,432;1,399;5,539
34,44;533,72;61,255;2,425;1,399;5,539
34,44;533,74;61,093;2,419;1,399;5,538
34,44;533,76;60,931;2,412;1,399;5,538
34,44;533,77;60,769;2,406;1,399;5,538
34,44;533,79;60,608;2,399;1,399;5,537
34,44;533,81;60,447;2,393;1,399;5,537
34,45;533,83;60,287;2,387;1,399;5,537
34,45;533,85;60,126;2,38;1,398;5,537
34,45;533,87;59,966;2,374;1,398;5,536
34,45;533,89;59,806;2,368;1,398;5,536
34,45;533,91;59,646;2,361;1,398;5,536
34,46;533,92;59,488;2,355;1,398;5,535
34,46;533,94;59,328;2,349;1,398;5,535
34,46;533,96;59,169;2,343;1,398;5,535
34,46;533,98;59,011;2,336;1,398;5,534
34,46;534;58,854;2,33;1,398;5,534
34,46;534,02;58,695;2,324;1,398;5,534
34,46;534,04;58,538;2,318;1,398;5,534
34,47;534,06;58,38;2,311;1,398;5,533
34,47;534,07;58,222;2,305;1,398;5,533
34,47;534,09;58,066;2,299;1,397;5,533
34,47;534,11;57,909;2,293;1,397;5,532
34,47;534,13;57,752;2,286;1,397;5,532
34,48;534,15;57,596;2,28;1,397;5,532
34,48;534,17;57,441;2,274;1,397;5,532
34,48;534,19;57,286;2,268;1,397;5,531
34,48;534,21;57,131;2,262;1,397;5,531
34,48;534,23;56,976;2,256;1,397;5,531
34,48;534,24;56,822;2,25;1,397;5,53
34,49;534,26;56,668;2,243;1,397;5,53
34,49;534,28;56,515;2,237;1,397;5,53
34,49;534,3;56,361;2,231;1,397;5,53
34,49;534,32;56,208;2,225;1,397;5,529
34,49;534,34;56,055;2,219;1,397;5,529
34,49;534,36;55,902;2,213;1,396;5,529
34,49;534,38;55,75;2,207;1,396;5,528
34,5;534,4;55,598;2,201;1,396;5,528
34,5;534,42;55,445;2,195;1,396;5,528
34,5;534,43;55,294;2,189;1,396;5,528
34,5;534,45;55,143;2,183;1,396;5,527
34,5;534,47;54,992;2,177;1,396;5,527
34,51;534,49;54,841;2,171;1,396;5,527
34,51;534,51;54,69;2,165;1,396;5,527
34,51;534,53;54,54;2,159;1,396;5,526
34,51;534,55;54,391;2,153;1,396;5,526
34,51;534,57;54,241;2,147;1,396;5,526
34,51;534,59;54,092;2,142;1,396;5,526
34,51;534,61;53,943;2,136;1,396;5,525
34,52;534,63;53,794;2,13;1,396;5,525
34,52;534,65;53,645;2,124;1,395;5,525
34,52;534,66;53,498;2,118;1,395;5,525
34,52;534,68;53,351;2,112;1,395;5,524
34,52;534,7;53,203;2,106;1,395;5,524
34,53;534,72;53,056;2,101;1,395;5,524
34,53;534,74;52,909;2,095;1,395;5,524
34,53;534,76;52,763;2,089;1,395;5,523
34,53;534,78;52,616;2,083;1,395;5,523
34,53;534,8;52,469;2,077;1,395;5,523
34,53;534,82;52,323;2,071;1,395;5,523
34,54;534,84;52,177;2,066;1,395;5,522
34,54;534,86;52,033;2,06;1,395;5,522
34,54;534,88;51,887;2,054;1,395;5,522
34,54;534,9;51,742;2,048;1,395;5,522
34,54;534,92;51,598;2,043;1,395;5,521
34,54;534,93;51,454;2,037;1,395;5,521
34,54;534,95;51,31;2,031;1,394;5,521
34,55;534,97;51,167;2,026;1,394;5,521
34,55;534,99;51,024;2,02;1,394;5,52
34,55;535,01;50,882;2,014;1,394;5,52
34,55;535,03;50,74;2,009;1,394;5,52
34,55;535,05;50,598;2,003;1,394;5,52
34,56;535,07;50,456;1,998;1,394;5,519
34,56;535,09;50,314;1,992;1,394;5,519
34,56;535,11;50,172;1,986;1,394;5,519
34,56;535,13;50,031;1,981;1,394;5,519
34,56;535,15;49,89;1,975;1,394;5,518
34,56;535,17;49,748;1,97;1,394;5,518
34,56;535,19;49,608;1,964;1,394;5,518
34,57;535,21;49,468;1,958;1,394;5,518
34,57;535,23;49,328;1,953;1,394;5,518
34,57;535,25;49,188;1,947;1,394;5,517
34,57;535,27;49,049;1,942;1,394;5,517
34,57;535,29;48,91;1,936;1,394;5,517
34,58;535,31;48,772;1,931;1,393;5,517
34,58;535,33;48,633;1,925;1,393;5,516
34,58;535,35;48,495;1,92;1,393;5,516
34,58;535,37;48,357;1,914;1,393;5,516
34,58;535,39;48,219;1,909;1,393;5,516
34,58;535,4;48,083;1,904;1,393;5,516
34,59;535,42;47,946;1,898;1,393;5,515
34,59;535,44;47,81;1,893;1,393;5,515
34,59;535,46;47,675;1,887;1,393;5,515
34,59;535,48;47,54;1,882;1,393;5,515
34,59;535,5;47,405;1,877;1,393;5,515
34,59;535,52;47,269;1,871;1,393;5,514
34,59;535,54;47,134;1,866;1,393;5,514
34,6;535,56;46,999;1,861;1,393;5,514
34,6;535,58;46,864;1,855;1,393;5,514
34,6;535,6;46,731;1,85;1,393;5,514
34,6;535,62;46,597;1,845;1,393;5,513
34,6;535,64;46,464;1,84;1,393;5,513
34,61;535,66;46,331;1,834;1,392;5,513
34,61;535,68;46,198;1,829;1,392;5,513
34,61;535,7;46,066;1,824;1,392;5,513
34,61;535,72;45,934;1,819;1,392;5,512
34,61;535,74;45,802;1,813;1,392;5,512
34,61;535,76;45,671;1,808;1,392;5,512
34,61;535,78;45,541;1,803;1,392;5,512
34,62;535,8;45,41;1,798;1,392;5,512
34,62;535,82;45,279;1,793;1,392;5,511
34,62;535,84;45,149;1,787;1,392;5,511
34,62;535,86;45,02;1,782;1,392;5,511
34,62;535,88;44,891;1,777;1,392;5,511
34,63;535,9;44,762;1,772;1,392;5,511
34,63;535,92;44,633;1,767;1,392;5,51
34,63;535,94;44,504;1,762;1,392;5,51
34,63;535,96;44,375;1,757;1,392;5,51
34,63;535,98;44,248;1,752;1,392;5,51
34,63;536;44,121;1,747;1,392;5,51
34,64;536,02;43,993;1,742;1,392;5,509
34,64;536,04;43,865;1,737;1,392;5,509
34,64;536,06;43,739;1,732;1,392;5,509
34,64;536,08;43,612;1,727;1,391;5,509
34,64;536,1;43,485;1,722;1,391;5,509
34,64;536,12;43,359;1,717;1,391;5,509
34,64;536,14;43,234;1,712;1,391;5,508
34,65;536,17;43,11;1,707;1,391;5,508
34,65;536,19;42,985;1,702;1,391;5,508
34,65;536,21;42,86;1,697;1,391;5,508
34,65;536,23;42,735;1,692;1,391;5,508
34,65;536,25;42,611;1,687;1,391;5,507
34,66;536,27;42,487;1,682;1,391;5,507
34,66;536,29;42,364;1,677;1,391;5,507
34,66;536,31;42,241;1,672;1,391;5,507
34,66;536,33;42,118;1,667;1,391;5,507
34,66;536,35;41,995;1,663;1,391;5,507
34,66;536,37;41,873;1,658;1,391;5,506
34,66;536,39;41,752;1,653;1,391;5,506
34,67;536,41;41,63;1,648;1,391;5,506
34,67;536,43;41,509;1,643;1,391;5,506
34,67;536,45;41,386;1,639;1,391;5,506
34,67;536,47;41,265;1,634;1,391;5,506
34,67;536,49;41,143;1,629;1,391;5,505
34,68;536,51;41,022;1,624;1,391;5,505
34,68;536,53;40,903;1,619;1,391;5,505
34,68;536,55;40,783;1,615;1,39;5,505
34,68;536,57;40,665;1,61;1,39;5,505
34,68;536,59;40,546;1,605;1,39;5,505
34,68;536,61;40,426;1,6;1,39;5,504
34,69;536,63;40,307;1,596;1,39;5,504
34,69;536,65;40,19;1,591;1,39;5,504
34,69;536,67;40,072;1,586;1,39;5,504
34,69;536,7;39,954;1,582;1,39;5,504
34,69;536,72;39,836;1,577;1,39;5,504
34,69;536,74;39,719;1,572;1,39;5,504
34,69;536,76;39,602;1,568;1,39;5,503
34,7;536,78;39,485;1,563;1,39;5,503
34,7;536,8;39,368;1,559;1,39;5,503
34,7;536,82;39,254;1,554;1,39;5,503
34,7;536,84;39,139;1,55;1,39;5,503
34,7;536,86;39,023;1,545;1,39;5,503
34,71;536,88;38,907;1,54;1,39;5,502
34,71;536,9;38,792;1,536;1,39;5,502
34,71;536,92;38,678;1,531;1,39;5,502
34,71;536,94;38,564;1,527;1,39;5,502
34,71;536,96;38,45;1,522;1,39;5,502
34,71;536,98;38,336;1,518;1,39;5,502
34,71;537;38,223;1,513;1,39;5,502
34,72;537,03;38,109;1,509;1,39;5,501
34,72;537,05;37,997;1,504;1,39;5,501
34,72;537,07;37,884;1,5;1,39;5,501
34,72;537,09;37,771;1,495;1,389;5,501
34,72;537,11;37,66;1,491;1,389;5,501
34,73;537,13;37,549;1,487;1,389;5,501
34,73;537,15;37,438;1,482;1,389;5,501
34,73;537,17;37,327;1,478;1,389;5,5
34,73;537,19;37,217;1,473;1,389;5,5
34,73;537,21;37,107;1,469;1,389;5,5
34,73;537,23;36,997;1,465;1,389;5,5
34,74;537,25;36,887;1,46;1,389;5,5
34,74;537,28;36,777;1,456;1,389;5,5
34,74;537,3;36,667;1,452;1,389;5,5
34,74;537,32;36,558;1,447;1,389;5,499
34,74;537,34;36,45;1,443;1,389;5,499
34,74;537,36;36,341;1,439;1,389;5,499
34,74;537,38;36,233;1,434;1,389;5,499
34,75;537,4;36,126;1,43;1,389;5,499
34,75;537,42;36,018;1,426;1,389;5,499
34,75;537,44;35,91;1,422;1,389;5,499
34,75;537,46;35,804;1,417;1,389;5,499
34,75;537,48;35,698;1,413;1,389;5,498
34,76;537,51;35,592;1,409;1,389;5,498
34,76;537,53;35,485;1,405;1,389;5,498
34,76;537,55;35,38;1,401;1,389;5,498
34,76;537,57;35,275;1,397;1,389;5,498
34,76;537,59;35,17;1,392;1,389;5,498
34,76;537,61;35,065;1,388;1,389;5,498
34,76;537,63;34,961;1,384;1,389;5,498
34,77;537,65;34,856;1,38;1,389;5,497
34,77;537,67;34,753;1,376;1,389;5,497
34,77;537,7;34,649;1,372;1,389;5,497
34,77;537,72;34,546;1,368;1,388;5,497
34,77;537,74;34,443;1,364;1,388;5,497
34,78;537,76;34,339;1,359;1,388;5,497
34,78;537,78;34,237;1,355;1,388;5,497
34,78;537,8;34,134;1,351;1,388;5,497
34,78;537,82;34,033;1,347;1,388;5,496
34,78;537,84;33,93;1,343;1,388;5,496
34,78;537,87;33,827;1,339;1,388;5,496
34,79;537,89;33,725;1,335;1,388;5,496
34,79;537,91;33,624;1,331;1,388;5,496
34,79;537,93;33,524;1,327;1,388;5,496
34,79;537,95;33,423;1,323;1,388;5,496
34,79;537,97;33,323;1,319;1,388;5,496
34,79;537,99;33,222;1,315;1,388;5,496
34,79;538,01;33,122;1,311;1,388;5,495
34,8;538,04;33,023;1,307;1,388;5,495
34,8;538,06;32,923;1,303;1,388;5,495
34,8;538,08;32,824;1,3;1,388;5,495
34,8;538,1;32,726;1,296;1,388;5,495
34,8;538,12;32,627;1,292;1,388;5,495
34,81;538,14;32,531;1,288;1,388;5,495
34,81;538,16;32,433;1,284;1,388;5,495
34,81;538,18;32,335;1,28;1,388;5,495
34,81;538,21;32,238;1,276;1,388;5,494
34,81;538,23;32,139;1,272;1,388;5,494
34,81;538,25;32,042;1,269;1,388;5,494
34,81;538,27;31,945;1,265;1,388;5,494
34,82;538,29;31,85;1,261;1,388;5,494
34,82;538,31;31,755;1,257;1,388;5,494
34,82;538,34;31,66;1,253;1,388;5,494
34,82;538,36;31,564;1,25;1,388;5,494
34,82;538,38;31,468;1,246;1,388;5,494
34,83;538,4;31,374;1,242;1,388;5,494
34,83;538,42;31,279;1,238;1,388;5,493
34,83;538,44;31,185;1,235;1,388;5,493
34,83;538,46;31,09;1,231;1,388;5,493
34,83;538,49;30,997;1,227;1,387;5,493
34,83;538,51;30,903;1,223;1,387;5,493
34,84;538,53;30,81;1,22;1,387;5,493
34,84;538,55;30,719;1,216;1,387;5,493
34,84;538,57;30,626;1,213;1,387;5,493
34,84;538,59;30,535;1,209;1,387;5,493
34,84;538,62;30,442;1,205;1,387;5,493
34,84;538,64;30,35;1,202;1,387;5,492
34,84;538,66;30,258;1,198;1,387;5,492
34,85;538,68;30,167;1,194;1,387;5,492
34,85;538,7;30,075;1,191;1,387;5,492
34,85;538,72;29,984;1,187;1,387;5,492
34,85;538,75;29,893;1,183;1,387;5,492
34,85;538,77;29,803;1,18;1,387;5,492
34,86;538,79;29,712;1,176;1,387;5,492
34,86;538,81;29,622;1,173;1,387;5,492
34,86;538,83;29,533;1,169;1,387;5,492
34,86;538,85;29,444;1,166;1,387;5,492
34,86;538,88;29,355;1,162;1,387;5,491
34,86;538,9;29,266;1,159;1,387;5,491
34,86;538,92;29,177;1,155;1,387;5,491
34,87;538,94;29,09;1,152;1,387;5,491
34,87;538,96;29,003;1,148;1,387;5,491
34,87;538,99;28,915;1,145;1,387;5,491
34,87;539,01;28,827;1,141;1,387;5,491
34,87;539,03;28,741;1,138;1,387;5,491
34,88;539,05;28,654;1,134;1,387;5,491
34,88;539,07;28,567;1,131;1,387;5,491
34,88;539,09;28,482;1,128;1,387;5,491
34,88;539,12;28,396;1,124;1,387;5,491
34,88;539,14;28,31;1,121;1,387;5,49
34,88;539,16;28,224;1,117;1,387;5,49
34,89;539,18;28,138;1,114;1,387;5,49
34,89;539,2;28,053;1,111;1,387;5,49
34,89;539,23;27,967;1,107;1,387;5,49
34,89;539,25;27,882;1,104;1,387;5,49
34,89;539,27;27,798;1,101;1,387;5,49
34,89;539,29;27,714;1,097;1,387;5,49
34,89;539,31;27,631;1,094;1,387;5,49
34,9;539,34;27,547;1,091;1,387;5,49
34,9;539,36;27,463;1,087;1,387;5,49
34,9;539,38;27,38;1,084;1,387;5,49
34,9;539,4;27,296;1,081;1,387;5,489
34,9;539,42;27,214;1,077;1,387;5,489
34,91;539,45;27,133;1,074;1,387;5,489
34,91;539,47;27,052;1,071;1,387;5,489
34,91;539,49;26,969;1,068;1,386;5,489
34,91;539,51;26,888;1,064;1,386;5,489
34,91;539,53;26,807;1,061;1,386;5,489
34,91;539,56;26,727;1,058;1,386;5,489
34,91;539,58;26,646;1,055;1,386;5,489
34,92;539,6;26,566;1,052;1,386;5,489
34,92;539,62;26,485;1,049;1,386;5,489
34,92;539,64;26,403;1,045;1,386;5,489
34,92;539,67;26,323;1,042;1,386;5,489
34,92;539,69;26,243;1,039;1,386;5,489
34,93;539,71;26,164;1,036;1,386;5,488
34,93;539,73;26,084;1,033;1,386;5,488
34,93;539,76;26,005;1,03;1,386;5,488
34,93;539,78;25,926;1,026;1,386;5,488
34,93;539,8;25,848;1,023;1,386;5,488
34,93;539,82;25,77;1,02;1,386;5,488
34,94;539,84;25,692;1,017;1,386;5,488
34,94;539,87;25,614;1,014;1,386;5,488
34,94;539,89;25,537;1,011;1,386;5,488
34,94;539,91;25,46;1,008;1,386;5,488
34,94;539,93;25,383;1,005;1,386;5,488
34,94;539,96;25,306;1,002;1,386;5,488
34,94;539,98;25,23;0,999;1,386;5,488
34,95;540;25,154;0,996;1,386;5,488
34,95;540,02;25,078;0,993;1,386;5,487
34,95;540,04;25,003;0,99;1,386;5,487
34,95;540,07;24,927;0,987;1,386;5,487
34,95;540,09;24,852;0,984;1,386;5,487
34,96;540,11;24,777;0,981;1,386;5,487
34,96;540,13;24,701;0,978;1,386;5,487
34,96;540,16;24,626;0,975;1,386;5,487
34,96;540,18;24,552;0,972;1,386;5,487
34,96;540,2;24,478;0,969;1,386;5,487
34,96;540,22;24,403;0,966;1,386;5,487
34,96;540,25;24,329;0,963;1,386;5,487
34,97;540,27;24,256;0,96;1,386;5,487
34,97;540,29;24,183;0,957;1,386;5,487
34,97;540,31;24,109;0,954;1,386;5,487
34,97;540,34;24,037;0,952;1,386;5,487
34,97;540,36;23,964;0,949;1,386;5,487
34,98;540,38;23,891;0,946;1,386;5,486
34,98;540,4;23,819;0,943;1,386;5,486
34,98;540,43;23,748;0,94;1,386;5,486
34,98;540,45;23,677;0,937;1,386;5,486
34,98;540,47;23,605;0,935;1,386;5,486
34,98;540,49;23,534;0,932;1,386;5,486
34,99;540,52;23,464;0,929;1,386;5,486
34,99;540,54;23,394;0,926;1,386;5,486
34,99;540,56;23,323;0,923;1,386;5,486
34,99;540,58;23,253;0,921;1,386;5,486
34,99;540,61;23,183;0,918;1,386;5,486
34,99;540,63;23,114;0,915;1,386;5,486
34,99;540,65;23,044;0,912;1,386;5,486
35;540,67;22,974;0,91;1,386;5,486
35;540,7;22,905;0,907;1,386;5,486
35;540,72;22,837;0,904;1,386;5,486
35;540,74;22,769;0,901;1,386;5,486
35;540,76;22,7;0,899;1,386;5,486
35,01;540,79;22,631;0,896;1,386;5,485
35,01;540,81;22,563;0,893;1,386;5,485
35,01;540,83;22,495;0,891;1,386;5,485
35,01;540,85;22,428;0,888;1,386;5,485
35,01;540,88;22,361;0,885;1,386;5,485
35,01;540,9;22,293;0,883;1,385;5,485
35,01;540,92;22,226;0,88;1,385;5,485
35,02;540,94;22,159;0,877;1,385;5,485
35,02;540,97;22,092;0,875;1,385;5,485
35,02;540,99;22,025;0,872;1,385;5,485
35,02;541,01;21,959;0,869;1,385;5,485
35,02;541,03;21,893;0,867;1,385;5,485
35,03;541,06;21,828;0,864;1,385;5,485
35,03;541,08;21,763;0,862;1,385;5,485
35,03;541,1;21,696;0,859;1,385;5,485
35,03;541,13;21,631;0,856;1,385;5,485
35,03;541,15;21,566;0,854;1,385;5,485
35,03;541,17;21,501;0,851;1,385;5,485
35,04;541,19;21,437;0,849;1,385;5,485
35,04;541,22;21,372;0,846;1,385;5,485
35,04;541,24;21,309;0,844;1,385;5,484
35,04;541,26;21,246;0,841;1,385;5,484
35,04;541,29;21,182;0,839;1,385;5,484
35,04;541,31;21,119;0,836;1,385;5,484
35,04;541,33;21,056;0,834;1,385;5,484
35,05;541,35;20,994;0,831;1,385;5,484
35,05;541,38;20,932;0,829;1,385;5,484
35,05;541,4;20,87;0,826;1,385;5,484
35,05;541,42;20,807;0,824;1,385;5,484
35,05;541,45;20,745;0,821;1,385;5,484
35,06;541,47;20,683;0,819;1,385;5,484
35,06;541,49;20,623;0,816;1,385;5,484
35,06;541,51;20,562;0,814;1,385;5,484
35,06;541,54;20,5;0,812;1,385;5,484
35,06;541,56;20,439;0,809;1,385;5,484
35,06;541,58;20,378;0,807;1,385;5,484
35,06;541,61;20,317;0,804;1,385;5,484
35,07;541,63;20,257;0,802;1,385;5,484
35,07;541,65;20,197;0,8;1,385;5,484
35,07;541,67;20,137;0,797;1,385;5,484
35,07;541,7;20,077;0,795;1,385;5,484
35,07;541,72;20,017;0,792;1,385;5,484
35,08;541,74;19,957;0,79;1,385;5,484
35,08;541,77;19,898;0,788;1,385;5,484
35,08;541,79;19,839;0,785;1,385;5,483
35,08;541,81;19,781;0,783;1,385;5,483
35,08;541,83;19,721;0,781;1,385;5,483
35,08;541,86;19,663;0,778;1,385;5,483
35,09;541,88;19,604;0,776;1,385;5,483
35,09;541,9;19,546;0,774;1,385;5,483
35,09;541,93;19,489;0,772;1,385;5,483
35,09;541,95;19,431;0,769;1,385;5,483
35,09;541,97;19,374;0,767;1,385;5,483
35,09;542;19,316;0,765;1,385;5,483
35,09;542,02;19,26;0,763;1,385;5,483
35,1;542,04;19,204;0,76;1,385;5,483
35,1;542,07;19,147;0,758;1,385;5,483
35,1;542,09;19,09;0,756;1,385;5,483
35,1;542,11;19,035;0,754;1,385;5,483
35,1;542,14;18,978;0,751;1,385;5,483
35,11;542,16;18,922;0,749;1,385;5,483
35,11;542,18;18,867;0,747;1,385;5,483
35,11;542,2;18,811;0,745;1,385;5,483
35,11;542,23;18,755;0,743;1,385;5,483
35,11;542,25;18,701;0,74;1,385;5,483
35,11;542,27;18,646;0,738;1,385;5,483
35,11;542,3;18,591;0,736;1,385;5,483
35,12;542,32;18,537;0,734;1,385;5,483
35,12;542,34;18,482;0,732;1,385;5,483
35,12;542,37;18,429;0,73;1,385;5,483
35,12;542,39;18,375;0,727;1,385;5,483
35,12;542,41;18,321;0,725;1,385;5,482
35,13;542,44;18,268;0,723;1,385;5,482
35,13;542,46;18,215;0,721;1,385;5,482
35,13;542,48;18,162;0,719;1,385;5,482
35,13;542,51;18,11;0,717;1,385;5,482
35,13;542,53;18,057;0,715;1,385;5,482
35,13;542,55;18,004;0,713;1,385;5,482
35,14;542,58;17,953;0,711;1,385;5,482
35,14;542,6;17,9;0,709;1,385;5,482
35,14;542,62;17,848;0,707;1,385;5,482
35,14;542,65;17,796;0,705;1,385;5,482
35,14;542,67;17,744;0,702;1,385;5,482
35,14;542,69;17,692;0,7;1,385;5,482
35,14;542,72;17,641;0,698;1,385;5,482
35,15;542,74;17,588;0,696;1,385;5,482
35,15;542,76;17,537;0,694;1,385;5,482
35,15;542,78;17,485;0,692;1,385;5,482
35,15;542,81;17,434;0,69;1,385;5,482
35,15;542,83;17,383;0,688;1,385;5,482
35,16;542,85;17,333;0,686;1,385;5,482
35,16;542,88;17,281;0,684;1,385;5,482
35,16;542,9;17,231;0,682;1,385;5,482
35,16;542,92;17,18;0,68;1,385;5,482
35,16;542,95;17,13;0,678;1,385;5,482
35,16;542,97;17,079;0,676;1,385;5,482
35,16;542,99;17,03;0,674;1,385;5,482
35,17;543,02;16,981;0,672;1,385;5,482
35,17;543,04;16,932;0,67;1,385;5,482
35,17;543,06;16,884;0,668;1,385;5,482
35,17;543,09;16,835;0,666;1,385;5,482
35,17;543,11;16,787;0,665;1,385;5,482
35,18;543,14;16,739;0,663;1,385;5,481
35,18;543,16;16,692;0,661;1,385;5,481
35,18;543,18;16,643;0,659;1,385;5,481
35,18;543,21;16,596;0,657;1,385;5,481
35,18;543,23;16,549;0,655;1,385;5,481
35,18;543,25;16,501;0,653;1,385;5,481
35,19;543,28;16,454;0,651;1,385;5,481
35,19;543,3;16,407;0,65;1,385;5,481
35,19;543,32;16,36;0,648;1,384;5,481
35,19;543,35;16,313;0,646;1,384;5,481
35,19;543,37;16,266;0,644;1,384;5,481
35,19;543,39;16,219;0,642;1,384;5,481
35,19;543,42;16,171;0,64;1,384;5,481
35,2;543,44;16,125;0,638;1,384;5,481
35,2;543,46;16,079;0,637;1,384;5,481
35,2;543,49;16,033;0,635;1,384;5,481
35,2;543,51;15,987;0,633;1,384;5,481
35,2;543,53;15,94;0,631;1,384;5,481
35,21;543,56;15,894;0,629;1,384;5,481
35,21;543,58;15,848;0,627;1,384;5,481
35,21;543,6;15,802;0,626;1,384;5,481
35,21;543,63;15,756;0,624;1,384;5,481
35,21;543,65;15,711;0,622;1,384;5,481
35,21;543,67;15,665;0,62;1,384;5,481
35,21;543,7;15,62;0,618;1,384;5,481
35,22;543,72;15,575;0,617;1,384;5,481
35,22;543,74;15,53;0,615;1,384;5,481
35,22;543,77;15,486;0,613;1,384;5,481
35,22;543,79;15,442;0,611;1,384;5,481
35,22;543,82;15,399;0,61;1,384;5,481
35,23;543,84;15,355;0,608;1,384;5,481
35,23;543,86;15,312;0,606;1,384;5,481
35,23;543,89;15,269;0,605;1,384;5,481
35,23;543,91;15,226;0,603;1,384;5,481
35,23;543,93;15,184;0,601;1,384;5,481
35,23;543,96;15,14;0,599;1,384;5,481
35,24;543,98;15,097;0,598;1,384;5,481
35,24;544;15,055;0,596;1,384;5,481
35,24;544,03;15,013;0,594;1,384;5,481
35,24;544,05;14,971;0,593;1,384;5,481
35,24;544,07;14,929;0,591;1,384;5,48
35,24;544,1;14,887;0,589;1,384;5,48
35,24;544,12;14,846;0,588;1,384;5,48
35,25;544,15;14,805;0,586;1,384;5,48
35,25;544,17;14,763;0,584;1,384;5,48
35,25;544,19;14,72;0,583;1,384;5,48
35,25;544,22;14,678;0,581;1,384;5,48
35,25;544,24;14,637;0,579;1,384;5,48
35,26;544,26;14,595;0,578;1,384;5,48
35,26;544,29;14,553;0,576;1,384;5,48
35,26;544,31;14,511;0,575;1,384;5,48
35,26;544,33;14,47;0,573;1,384;5,48
35,26;544,36;14,43;0,571;1,384;5,48
35,26;544,38;14,388;0,57;1,384;5,48
35,26;544,41;14,348;0,568;1,384;5,48
35,27;544,43;14,308;0,566;1,384;5,48
35,27;544,45;14,269;0,565;1,384;5,48
35,27;544,48;14,229;0,563;1,384;5,48
35,27;544,5;14,189;0,562;1,384;5,48
35,27;544,52;14,149;0,56;1,384;5,48
35,28;544,55;14,109;0,559;1,384;5,48
35,28;544,57;14,07;0,557;1,384;5,48
35,28;544,6;14,031;0,556;1,384;5,48
35,28;544,62;13,992;0,554;1,384;5,48
35,28;544,64;13,954;0,552;1,384;5,48
35,28;544,67;13,915;0,551;1,384;5,48
35,29;544,69;13,876;0,549;1,384;5,48
35,29;544,71;13,838;0,548;1,384;5,48
35,29;544,74;13,8;0,546;1,384;5,48
35,29;544,76;13,762;0,545;1,384;5,48
35,29;544,79;13,724;0,543;1,384;5,48
35,29;544,81;13,686;0,542;1,384;5,48
35,29;544,83;13,648;0,54;1,384;5,48
35,3;544,86;13,609;0,539;1,384;5,48
35,3;544,88;13,571;0,537;1,384;5,48
35,3;544,9;13,533;0,536;1,384;5,48
35,3;544,93;13,496;0,534;1,384;5,48
35,3;544,95;13,459;0,533;1,384;5,48
35,31;544,98;13,422;0,531;1,384;5,48
35,31;545;13,384;0,53;1,384;5,48
35,31;545,02;13,348;0,528;1,384;5,48
35,31;545,05;13,312;0,527;1,384;5,48
35,31;545,07;13,274;0,526;1,384;5,48
35,31;545,09;13,239;0,524;1,384;5,48
35,31;545,12;13,202;0,523;1,384;5,48
35,32;545,14;13,167;0,521;1,384;5,48
35,32;545,17;13,131;0,52;1,384;5,48
35,32;545,19;13,095;0,518;1,384;5,48
35,32;545,21;13,058;0,517;1,384;5,479
35,32;545,24;13,023;0,516;1,384;5,479
35,33;545,26;12,987;0,514;1,384;5,479
35,33;545,29;12,952;0,513;1,384;5,479
35,33;545,31;12,915;0,511;1,384;5,479
35,33;545,33;12,879;0,51;1,384;5,479
35,33;545,36;12,845;0,509;1,384;5,479
35,33;545,38;12,81;0,507;1,384;5,479
35,34;545,41;12,775;0,506;1,384;5,479
35,34;545,43;12,739;0,504;1,384;5,479
35,34;545,45;12,705;0,503;1,384;5,479
35,34;545,48;12,671;0,502;1,384;5,479
35,34;545,5;12,637;0,5;1,384;5,479
35,34;545,52;12,602;0,499;1,384;5,479
35,34;545,55;12,567;0,498;1,384;5,479
35,35;545,57;12,534;0,496;1,384;5,479
35,35;545,6;12,499;0,495;1,384;5,479
35,35;545,62;12,464;0,493;1,384;5,479
35,35;545,64;12,429;0,492;1,384;5,479
35,35;545,67;12,395;0,491;1,384;5,479
35,36;545,69;12,362;0,489;1,384;5,479
35,36;545,72;12,329;0,488;1,384;5,479
35,36;545,74;12,295;0,487;1,384;5,479
35,36;545,76;12,26;0,485;1,384;5,479
35,36;545,79;12,227;0,484;1,384;5,479
35,36;545,81;12,194;0,483;1,384;5,479
35,36;545,84;12,16;0,481;1,384;5,479
35,37;545,86;12,127;0,48;1,384;5,479
35,37;545,88;12,094;0,479;1,384;5,479
35,37;545,91;12,06;0,477;1,384;5,479
35,37;545,93;12,027;0,476;1,384;5,479
35,37;545,96;11,994;0,475;1,384;5,479
35,38;545,98;11,962;0,474;1,384;5,479
35,38;546;11,93;0,472;1,384;5,479
35,38;546,03;11,898;0,471;1,384;5,479
35,38;546,05;11,867;0,47;1,384;5,479
35,38;546,08;11,835;0,469;1,384;5,479
35,38;546,1;11,803;0,467;1,384;5,479
35,39;546,12;11,772;0,466;1,384;5,479
35,39;546,15;11,74;0,465;1,384;5,479
35,39;546,17;11,708;0,464;1,384;5,479
35,39;546,2;11,678;0,462;1,384;5,479
35,39;546,22;11,645;0,461;1,384;5,479
35,39;546,24;11,614;0,46;1,384;5,479
35,39;546,27;11,583;0,459;1,384;5,479
35,4;546,29;11,55;0,457;1,384;5,479
35,4;546,31;11,519;0,456;1,384;5,479
35,4;546,34;11,488;0,455;1,384;5,479
35,4;546,36;11,458;0,454;1,384;5,479
35,4;546,39;11,427;0,452;1,384;5,479
35,41;546,41;11,398;0,451;1,384;5,479
35,41;546,43;11,367;0,45;1,384;5,479
35,41;546,46;11,337;0,449;1,384;5,479
35,41;546,48;11,306;0,448;1,384;5,479
35,41;546,51;11,277;0,446;1,384;5,479
35,41;546,53;11,247;0,445;1,384;5,479
35,41;546,55;11,218;0,444;1,384;5,479
35,42;546,58;11,188;0,443;1,384;5,479
35,42;546,6;11,159;0,442;1,384;5,479
35,42;546,63;11,131;0,441;1,384;5,479
35,42;546,65;11,102;0,44;1,384;5,479
35,42;546,68;11,073;0,438;1,384;5,479
35,43;546,7;11,044;0,437;1,384;5,479
35,43;546,72;11,016;0,436;1,384;5,479
35,43;546,75;10,986;0,435;1,384;5,478
35,43;546,77;10,957;0,434;1,384;5,478
35,43;546,8;10,929;0,433;1,384;5,478
35,43;546,82;10,901;0,432;1,384;5,478
35,44;546,84;10,873;0,43;1,384;5,478
35,44;546,87;10,845;0,429;1,384;5,478
35,44;546,89;10,817;0,428;1,384;5,478
35,44;546,92;10,789;0,427;1,384;5,478
35,44;546,94;10,761;0,426;1,384;5,478
35,44;546,96;10,735;0,425;1,384;5,478
35,44;546,99;10,708;0,424;1,384;5,478
35,45;547,01;10,681;0,423;1,384;5,478
35,45;547,04;10,653;0,422;1,384;5,478
35,45;547,06;10,627;0,421;1,384;5,478
35,45;547,09;10,601;0,42;1,384;5,478
35,45;547,11;10,575;0,419;1,384;5,478
35,46;547,13;10,548;0,418;1,384;5,478
35,46;547,16;10,521;0,417;1,384;5,478
35,46;547,18;10,495;0,415;1,384;5,478
35,46;547,21;10,467;0,414;1,384;5,478
35,46;547,23;10,44;0,413;1,384;5,478
35,46;547,25;10,414;0,412;1,384;5,478
35,46;547,28;10,388;0,411;1,384;5,478
35,47;547,3;10,361;0,41;1,384;5,478
35,47;547,33;10,334;0,409;1,384;5,478
35,47;547,35;10,309;0,408;1,384;5,478
35,47;547,38;10,283;0,407;1,384;5,478
35,47;547,4;10,257;0,406;1,384;5,478
35,48;547,42;10,232;0,405;1,384;5,478
35,48;547,45;10,206;0,404;1,384;5,478
35,48;547,47;10,18;0,403;1,384;5,478
35,48;547,5;10,155;0,402;1,384;5,478
35,48;547,52;10,13;0,401;1,384;5,478
35,48;547,54;10,104;0,4;1,384;5,478
35,49;547,57;10,079;0,399;1,384;5,478
35,49;547,59;10,053;0,398;1,384;5,478
35,49;547,62;10,028;0,397;1,384;5,478
35,49;547,64;10,003;0,396;1,384;5,478
35,49;547,67;9,978;0,395;1,384;5,478
35,49;547,69;9,952;0,394;1,384;5,478
35,49;547,71;9,927;0,393;1,384;5,478
35,5;547,74;9,903;0,392;1,384;5,478
35,5;547,76;9,878;0,391;1,384;5,478
35,5;547,79;9,852;0,39;1,384;5,478
35,5;547,81;9,827;0,389;1,384;5,478
35,5;547,84;9,801;0,388;1,384;5,478
35,51;547,86;9,777;0,387;1,384;5,478
35,51;547,88;9,752;0,386;1,384;5,478
35,51;547,91;9,727;0,385;1,384;5,478
35,51;547,93;9,702;0,384;1,384;5,478
35,51;547,96;9,679;0,383;1,384;5,478
35,51;547,98;9,655;0,382;1,384;5,478
35,51;548,01;9,631;0,381;1,384;5,478
35,52;548,03;9,607;0,38;1,384;5,478
35,52;548,05;9,583;0,379;1,384;5,478
35,52;548,08;9,558;0,378;1,384;5,478
35,52;548,1;9,534;0,377;1,384;5,478
35,52;548,13;9,511;0,377;1,384;5,478
35,53;548,15;9,488;0,376;1,384;5,478
35,53;548,17;9,464;0,375;1,384;5,478
35,53;548,2;9,44;0,374;1,384;5,478
35,53;548,22;9,417;0,373;1,384;5,478
35,53;548,25;9,395;0,372;1,384;5,478
35,53;548,27;9,371;0,371;1,384;5,478
35,54;548,3;9,347;0,37;1,384;5,478
35,54;548,32;9,324;0,369;1,384;5,478
35,54;548,34;9,301;0,368;1,384;5,478
35,54;548,37;9,278;0,367;1,384;5,478
35,54;548,39;9,255;0,366;1,384;5,478
35,54;548,42;9,233;0,366;1,384;5,478
35,54;548,44;9,21;0,365;1,384;5,478
35,55;548,47;9,188;0,364;1,384;5,478
35,55;548,49;9,165;0,363;1,384;5,478
35,55;548,51;9,142;0,362;1,384;5,478
35,55;548,54;9,12;0,361;1,384;5,478
35,55;548,56;9,097;0,36;1,384;5,478
35,56;548,59;9,075;0,359;1,384;5,478
35,56;548,61;9,052;0,358;1,384;5,478
35,56;548,64;9,03;0,358;1,384;5,478
35,56;548,66;9,008;0,357;1,384;5,478
35,56;548,68;8,987;0,356;1,384;5,478
35,56;548,71;8,966;0,355;1,384;5,478
35,56;548,73;8,944;0,354;1,384;5,478
35,57;548,76;8,921;0,353;1,384;5,478
35,57;548,78;8,899;0,352;1,384;5,478
35,57;548,81;8,877;0,351;1,384;5,478
35,57;548,83;8,856;0,351;1,384;5,478
35,57;548,85;8,834;0,35;1,384;5,478
35,58;548,88;8,812;0,349;1,384;5,478
35,58;548,9;8,792;0,348;1,384;5,478
35,58;548,93;8,771;0,347;1,384;5,478
35,58;548,95;8,75;0,346;1,384;5,478
35,58;548,98;8,729;0,346;1,384;5,478
35,58;549;8,709;0,345;1,384;5,477
35,59;549,03;8,689;0,344;1,384;5,477
35,59;549,05;8,669;0,343;1,384;5,477
35,59;549,07;8,649;0,342;1,384;5,477
35,59;549,1;8,628;0,342;1,384;5,477
35,59;549,12;8,608;0,341;1,384;5,477
35,59;549,15;8,587;0,34;1,384;5,477
35,59;549,17;8,566;0,339;1,384;5,477
35,6;549,2;8,546;0,338;1,384;5,477
35,6;549,22;8,526;0,338;1,384;5,477
35,6;549,24;8,506;0,337;1,384;5,477
35,6;549,27;8,487;0,336;1,384;5,477
35,6;549,29;8,469;0,335;1,384;5,477
35,61;549,32;8,449;0,334;1,384;5,477
35,61;549,34;8,429;0,334;1,384;5,477
35,61;549,37;8,41;0,333;1,384;5,477
35,61;549,39;8,39;0,332;1,384;5,477
35,61;549,41;8,371;0,331;1,384;5,477
35,61;549,44;8,351;0,331;1,384;5,477
35,61;549,46;8,331;0,33;1,384;5,477
35,62;549,49;8,312;0,329;1,384;5,477
35,62;549,51;8,293;0,328;1,384;5,477
35,62;549,54;8,274;0,328;1,384;5,477
35,62;549,56;8,255;0,327;1,384;5,477
35,62;549,58;8,236;0,326;1,383;5,477
35,63;549,61;8,218;0,325;1,383;5,477
35,63;549,63;8,199;0,325;1,383;5,477
35,63;549,66;8,181;0,324;1,383;5,477
35,63;549,68;8,162;0,323;1,383;5,477
35,63;549,71;8,144;0,322;1,383;5,477
35,63;549,73;8,126;0,322;1,383;5,477
35,64;549,76;8,108;0,321;1,383;5,477
35,64;549,78;8,09;0,32;1,383;5,477
35,64;549,81;8,072;0,32;1,383;5,477
35,64;549,83;8,054;0,319;1,383;5,477
35,64;549,85;8,036;0,318;1,383;5,477
35,64;549,88;8,018;0,317;1,383;5,477
35,64;549,9;8;0,317;1,383;5,477
35,65;549,93;7,983;0,316;1,383;5,477
35,65;549,95;7,966;0,315;1,383;5,477
35,65;549,98;7,949;0,315;1,383;5,477
35,65;550;7,931;0,314;1,383;5,477
35,65;550,02;7,914;0,313;1,383;5,477
35,66;550,05;7,897;0,313;1,383;5,477
35,66;550,07;7,88;0,312;1,383;5,477
35,66;550,1;7,862;0,311;1,383;5,477
35,66;550,12;7,845;0,311;1,383;5,477
35,66;550,15;7,828;0,31;1,383;5,477
35,66;550,17;7,81;0,309;1,383;5,477
35,66;550,2;7,793;0,309;1,383;5,477
35,67;550,22;7,776;0,308;1,383;5,477
35,67;550,24;7,758;0,307;1,383;5,477
35,67;550,27;7,742;0,307;1,383;5,477
35,67;550,29;7,725;0,306;1,383;5,477
35,67;550,32;7,709;0,305;1,383;5,477
35,68;550,34;7,693;0,305;1,383;5,477
35,68;550,37;7,676;0,304;1,383;5,477
35,68;550,39;7,66;0,303;1,383;5,477
35,68;550,42;7,644;0,303;1,383;5,477
35,68;550,44;7,628;0,302;1,383;5,477
35,68;550,47;7,612;0,301;1,383;5,477
35,69;550,49;7,595;0,301;1,383;5,477
35,69;550,51;7,578;0,3;1,383;5,477
35,69;550,54;7,562;0,299;1,383;5,477
35,69;550,56;7,546;0,299;1,383;5,477
35,69;550,59;7,529;0,298;1,383;5,477
35,69;550,61;7,513;0,297;1,383;5,477
35,69;550,64;7,497;0,297;1,383;5,477
35,7;550,66;7,482;0,296;1,383;5,477
35,7;550,69;7,467;0,296;1,383;5,477
35,7;550,71;7,45;0,295;1,383;5,477
35,7;550,73;7,435;0,294;1,383;5,477
35,7;550,76;7,418;0,294;1,383;5,477
35,71;550,78;7,403;0,293;1,383;5,477
35,71;550,81;7,387;0,292;1,383;5,477
35,71;550,83;7,37;0,292;1,383;5,477
35,71;550,86;7,353;0,291;1,383;5,477
35,71;550,88;7,338;0,291;1,383;5,477
35,71;550,91;7,322;0,29;1,383;5,477
35,71;550,93;7,306;0,289;1,383;5,477
35,72;550,96;7,29;0,289;1,383;5,477
35,72;550,98;7,274;0,288;1,383;5,477
35,72;551;7,258;0,287;1,383;5,477
35,72;551,03;7,242;0,287;1,383;5,477
35,72;551,05;7,226;0,286;1,383;5,477
35,73;551,08;7,211;0,285;1,383;5,477
35,73;551,1;7,195;0,285;1,383;5,477
35,73;551,13;7,179;0,284;1,383;5,477
35,73;551,15;7,163;0,284;1,383;5,477
35,73;551,18;7,147;0,283;1,383;5,477
35,73;551,2;7,132;0,282;1,383;5,477
35,74;551,22;7,117;0,282;1,383;5,477
35,74;551,25;7,102;0,281;1,383;5,477
35,74;551,27;7,087;0,281;1,383;5,477
35,74;551,3;7,073;0,28;1,383;5,477
35,74;551,32;7,058;0,279;1,383;5,477
35,74;551,35;7,042;0,279;1,383;5,477
35,74;551,37;7,028;0,278;1,383;5,477
35,75;551,4;7,013;0,278;1,383;5,477
35,75;551,42;6,998;0,277;1,383;5,477
35,75;551,44;6,983;0,276;1,383;5,477
35,75;551,47;6,97;0,276;1,383;5,477
35,75;551,49;6,955;0,275;1,383;5,477
35,76;551,52;6,94;0,275;1,383;5,477
35,76;551,54;6,926;0,274;1,383;5,477
35,76;551,57;6,911;0,274;1,383;5,477
35,76;551,59;6,896;0,273;1,383;5,477
35,76;551,62;6,882;0,272;1,383;5,477
35,76;551,64;6,867;0,272;1,383;5,477
35,76;551,67;6,851;0,271;1,383;5,477
35,77;551,69;6,837;0,271;1,383;5,477
35,77;551,71;6,823;0,27;1,383;5,477
35,77;551,74;6,808;0,27;1,383;5,477
35,77;551,76;6,794;0,269;1,383;5,477
35,77;551,79;6,78;0,268;1,383;5,477
35,78;551,81;6,765;0,268;1,383;5,477
35,78;551,84;6,75;0,267;1,383;5,477
35,78;551,86;6,735;0,267;1,383;5,477
35,78;551,89;6,721;0,266;1,383;5,477
35,78;551,91;6,706;0,265;1,383;5,477
35,78;551,93;6,692;0,265;1,383;5,477
35,79;551,96;6,679;0,264;1,383;5,477
35,79;551,98;6,665;0,264;1,383;5,477
35,79;552,01;6,65;0,263;1,383;5,477
35,79;552,03;6,636;0,263;1,383;5,477
35,79;552,06;6,623;0,262;1,383;5,477
35,79;552,08;6,611;0,262;1,383;5,477
35,79;552,11;6,597;0,261;1,383;5,477
35,8;552,13;6,585;0,261;1,383;5,477
35,8;552,16;6,572;0,26;1,383;5,477
35,8;552,18;6,559;0,26;1,383;5,477
35,8;552,2;6,546;0,259;1,383;5,477
35,8;552,23;6,533;0,259;1,383;5,477
35,81;552,25;6,52;0,258;1,383;5,477
35,81;552,28;6,507;0,258;1,383;5,477
35,81;552,3;6,495;0,257;1,383;5,477
35,81;552,33;6,483;0,257;1,383;5,477
35,81;552,35;6,47;0,256;1,383;5,477
35,81;552,38;6,457;0,256;1,383;5,477
35,81;552,4;6,445;0,255;1,383;5,477
35,82;552,42;6,432;0,255;1,383;5,477
35,82;552,45;6,42;0,254;1,383;5,477
35,82;552,47;6,407;0,254;1,383;5,477
35,82;552,5;6,394;0,253;1,383;5,477
35,82;552,52;6,38;0,253;1,383;5,477
35,83;552,55;6,369;0,252;1,383;5,477
35,83;552,57;6,358;0,252;1,383;5,477
35,83;552,6;6,344;0,251;1,383;5,477
35,83;552,62;6,332;0,251;1,383;5,477
35,83;552,65;6,32;0,25;1,383;5,477
35,83;552,67;6,308;0,25;1,383;5,477
35,84;552,69;6,295;0,249;1,383;5,477
35,84;552,72;6,283;0,249;1,383;5,477
35,84;552,74;6,27;0,248;1,383;5,477
35,84;552,77;6,257;0,248;1,383;5,477
35,84;552,79;6,245;0,247;1,383;5,477
35,84;552,82;6,233;0,247;1,383;5,477
35,84;552,84;6,221;0,246;1,383;5,477
35,85;552,87;6,21;0,246;1,383;5,477
35,85;552,89;6,198;0,245;1,383;5,477
35,85;552,92;6,186;0,245;1,383;5,477
35,85;552,94;6,173;0,244;1,383;5,477
35,85;552,96;6,162;0,244;1,383;5,477
35,86;552,99;6,15;0,243;1,383;5,477
35,86;553,01;6,138;0,243;1,383;5,477
35,86;553,04;6,128;0,243;1,383;5,477
35,86;553,06;6,116;0,242;1,383;5,477
35,86;553,09;6,105;0,242;1,383;5,477
35,86;553,11;6,094;0,241;1,383;5,477
35,86;553,14;6,083;0,241;1,383;5,477
35,87;553,16;6,072;0,24;1,383;5,477
35,87;553,19;6,061;0,24;1,383;5,477
35,87;553,21;6,05;0,24;1,383;5,477
35,87;553,23;6,039;0,239;1,383;5,477
35,87;553,26;6,028;0,239;1,383;5,477
35,88;553,28;6,017;0,238;1,383;5,477
35,88;553,31;6,004;0,238;1,383;5,477
35,88;553,33;5,992;0,237;1,383;5,476
35,88;553,36;5,981;0,237;1,383;5,476
35,88;553,38;5,969;0,236;1,383;5,476
35,88;553,41;5,958;0,236;1,383;5,476
35,89;553,43;5,946;0,235;1,383;5,476
35,89;553,46;5,935;0,235;1,383;5,476
35,89;553,48;5,924;0,235;1,383;5,476
35,89;553,51;5,913;0,234;1,383;5,476
35,89;553,53;5,902;0,234;1,383;5,476
35,89;553,55;5,891;0,233;1,383;5,476
35,89;553,58;5,88;0,233;1,383;5,476
35,9;553,6;5,869;0,232;1,383;5,476
35,9;553,63;5,858;0,232;1,383;5,476
35,9;553,65;5,847;0,231;1,383;5,476
35,9;553,68;5,836;0,231;1,383;5,476
35,9;553,7;5,827;0,231;1,383;5,476
35,91;553,73;5,817;0,23;1,383;5,476
35,91;553,75;5,806;0,23;1,383;5,476
35,91;553,78;5,795;0,229;1,383;5,476
35,91;553,8;5,784;0,229;1,383;5,476
35,91;553,82;5,773;0,229;1,383;5,476
35,91;553,85;5,763;0,228;1,383;5,476
35,91;553,87;5,752;0,228;1,383;5,476
35,92;553,9;5,741;0,227;1,383;5,476
35,92;553,92;5,731;0,227;1,383;5,476
35,92;553,95;5,72;0,226;1,383;5,476
35,92;553,97;5,711;0,226;1,383;5,476
35,92;554;5,701;0,226;1,383;5,476
35,93;554,02;5,689;0,225;1,383;5,476
35,93;554,05;5,68;0,225;1,383;5,476
35,93;554,07;5,669;0,224;1,383;5,476
35,93;554,1;5,659;0,224;1,383;5,476
35,93;554,12;5,648;0,224;1,383;5,476
35,93;554,14;5,639;0,223;1,383;5,476
35,94;554,17;5,63;0,223;1,383;5,476
35,94;554,19;5,62;0,222;1,383;5,476
35,94;554,22;5,61;0,222;1,383;5,476
35,94;554,24;5,6;0,222;1,383;5,476
35,94;554,27;5,59;0,221;1,383;5,476
35,94;554,29;5,581;0,221;1,383;5,476
35,94;554,32;5,57;0,221;1,383;5,476
35,95;554,34;5,56;0,22;1,383;5,476
35,95;554,37;5,55;0,22;1,383;5,476
35,95;554,39;5,54;0,219;1,383;5,476
35,95;554,42;5,53;0,219;1,383;5,476
35,95;554,44;5,521;0,219;1,383;5,476
35,96;554,46;5,511;0,218;1,383;5,476
35,96;554,49;5,501;0,218;1,383;5,476
35,96;554,51;5,491;0,217;1,383;5,476
35,96;554,54;5,483;0,217;1,383;5,476
35,96;554,56;5,474;0,217;1,383;5,476
35,96;554,59;5,465;0,216;1,383;5,476
35,96;554,61;5,456;0,216;1,383;5,476
35,97;554,64;5,447;0,216;1,383;5,476
35,97;554,66;5,439;0,215;1,383;5,476
35,97;554,69;5,43;0,215;1,383;5,476
35,97;554,71;5,422;0,215;1,383;5,476
35,97;554,74;5,412;0,214;1,383;5,476
35,98;554,76;5,403;0,214;1,383;5,476
35,98;554,78;5,395;0,214;1,383;5,476
35,98;554,81;5,386;0,213;1,383;5,476
35,98;554,83;5,378;0,213;1,383;5,476
35,98;554,86;5,368;0,213;1,383;5,476
35,98;554,88;5,359;0,212;1,383;5,476
35,99;554,91;5,351;0,212;1,383;5,476
35,99;554,93;5,341;0,211;1,383;5,476
35,99;554,96;5,332;0,211;1,383;5,476
35,99;554,98;5,324;0,211;1,383;5,476
35,99;555,01;5,316;0,21;1,383;5,476
35,99;555,03;5,307;0,21;1,383;5,476
35,99;555,06;5,299;0,21;1,383;5,476
36;555,08;5,29;0,209;1,383;5,476
36;555,11;5,283;0,209;1,383;5,476
36;555,13;5,274;0,209;1,383;5,476
36;555,15;5,266;0,208;1,383;5,476
36;555,18;5,258;0,208;1,383;5,476
36,01;555,2;5,249;0,208;1,383;5,476
36,01;555,23;5,241;0,207;1,383;5,476
36,01;555,25;5,234;0,207;1,383;5,476
36,01;555,28;5,226;0,207;1,383;5,476
36,01;555,3;5,219;0,207;1,383;5,476
36,01;555,33;5,211;0,206;1,383;5,476
36,01;555,35;5,203;0,206;1,383;5,476
36,02;555,38;5,195;0,206;1,383;5,476
36,02;555,4;5,187;0,205;1,383;5,476
36,02;555,43;5,179;0,205;1,383;5,476
36,02;555,45;5,171;0,205;1,383;5,476
36,02;555,47;5,163;0,204;1,383;5,476
36,03;555,5;5,156;0,204;1,383;5,476
36,03;555,52;5,148;0,204;1,383;5,476
36,03;555,55;5,141;0,204;1,383;5,476
36,03;555,57;5,134;0,203;1,383;5,476
36,03;555,6;5,127;0,203;1,383;5,476
36,03;555,62;5,119;0,203;1,383;5,476
36,04;555,65;5,112;0,202;1,383;5,476
36,04;555,67;5,105;0,202;1,383;5,476
36,04;555,7;5,096;0,202;1,383;5,476
36,04;555,72;5,088;0,201;1,383;5,476
36,04;555,75;5,081;0,201;1,383;5,476
36,04;555,77;5,073;0,201;1,383;5,476
36,04;555,79;5,066;0,201;1,383;5,476
36,05;555,82;5,059;0,2;1,383;5,476
36,05;555,84;5,051;0,2;1,383;5,476
36,05;555,87;5,044;0,2;1,383;5,476
36,05;555,89;5,036;0,199;1,383;5,476
36,05;555,92;5,028;0,199;1,383;5,476
36,06;555,94;5,02;0,199;1,383;5,476
36,06;555,97;5,013;0,198;1,383;5,476
36,06;555,99;5,006;0,198;1,383;5,476
36,06;556,02;4,997;0,198;1,383;5,476
36,06;556,04;4,989;0,198;1,383;5,476
36,06;556,07;4,981;0,197;1,383;5,476
36,06;556,09;4,975;0,197;1,383;5,476
36,07;556,12;4,967;0,197;1,383;5,476
36,07;556,14;4,96;0,196;1,383;5,476
36,07;556,16;4,953;0,196;1,383;5,476
36,07;556,19;4,946;0,196;1,383;5,476
36,07;556,21;4,939;0,196;1,383;5,476
36,08;556,24;4,931;0,195;1,383;5,476
36,08;556,26;4,924;0,195;1,383;5,476
36,08;556,29;4,916;0,195;1,383;5,476
36,08;556,31;4,909;0,194;1,383;5,476
36,08;556,34;4,901;0,194;1,383;5,476
36,08;556,36;4,894;0,194;1,383;5,476
36,09;556,39;4,886;0,193;1,383;5,476
36,09;556,41;4,88;0,193;1,383;5,476
36,09;556,44;4,873;0,193;1,383;5,476
36,09;556,46;4,866;0,193;1,383;5,476
36,09;556,49;4,858;0,192;1,383;5,476
36,09;556,51;4,851;0,192;1,383;5,476
36,09;556,54;4,844;0,192;1,383;5,476
36,1;556,56;4,837;0,191;1,383;5,476
36,1;556,58;4,83;0,191;1,383;5,476
36,1;556,61;4,823;0,191;1,383;5,476
36,1;556,63;4,816;0,191;1,383;5,476
36,1;556,66;4,81;0,19;1,383;5,476
36,11;556,68;4,803;0,19;1,383;5,476
36,11;556,71;4,796;0,19;1,383;5,476
36,11;556,73;4,789;0,19;1,383;5,476
36,11;556,76;4,782;0,189;1,383;5,476
36,11;556,78;4,775;0,189;1,383;5,476
36,11;556,81;4,768;0,189;1,383;5,476
36,11;556,83;4,761;0,188;1,383;5,476
36,12;556,86;4,754;0,188;1,383;5,476
36,12;556,88;4,746;0,188;1,383;5,476
36,12;556,91;4,739;0,188;1,383;5,476
36,12;556,93;4,734;0,187;1,383;5,476
36,12;556,95;4,728;0,187;1,383;5,476
36,13;556,98;4,721;0,187;1,383;5,476
36,13;557;4,714;0,187;1,383;5,476
36,13;557,03;4,706;0,186;1,383;5,476
36,13;557,05;4,699;0,186;1,383;5,476
36,13;557,08;4,692;0,186;1,383;5,476
36,13;557,1;4,686;0,186;1,383;5,476
36,14;557,13;4,68;0,185;1,383;5,476
36,14;557,15;4,673;0,185;1,383;5,476
36,14;557,18;4,666;0,185;1,383;5,476
36,14;557,2;4,66;0,184;1,383;5,476
36,14;557,23;4,653;0,184;1,383;5,476
36,14;557,25;4,647;0,184;1,383;5,476
36,14;557,28;4,641;0,184;1,383;5,476
36,15;557,3;4,635;0,183;1,383;5,476
36,15;557,33;4,629;0,183;1,383;5,476
36,15;557,35;4,623;0,183;1,383;5,476
36,15;557,37;4,617;0,183;1,383;5,476
36,15;557,4;4,611;0,183;1,383;5,476
36,16;557,42;4,605;0,182;1,383;5,476
36,16;557,45;4,599;0,182;1,383;5,476
36,16;557,47;4,593;0,182;1,383;5,476
36,16;557,5;4,588;0,182;1,383;5,476
36,16;557,52;4,583;0,181;1,383;5,476
36,16;557,55;4,577;0,181;1,383;5,476
36,16;557,57;4,571;0,181;1,383;5,476
36,17;557,6;4,566;0,181;1,383;5,476
36,17;557,62;4,56;0,181;1,383;5,476
36,17;557,65;4,553;0,18;1,383;5,476
36,17;557,67;4,547;0,18;1,383;5,476
36,17;557,69;4,541;0,18;1,383;5,476
36,18;557,72;4,535;0,18;1,383;5,476
36,18;557,74;4,529;0,179;1,383;5,476
36,18;557,77;4,524;0,179;1,383;5,476
36,18;557,79;4,518;0,179;1,383;5,476
36,18;557,82;4,512;0,179;1,383;5,476
36,18;557,84;4,506;0,178;1,383;5,476
36,19;557,87;4,501;0,178;1,383;5,476
36,19;557,89;4,495;0,178;1,383;5,476
36,19;557,92;4,489;0,178;1,383;5,476
36,19;557,94;4,484;0,178;1,383;5,476
36,19;557,97;4,479;0,177;1,383;5,476
36,19;557,99;4,474;0,177;1,383;5,476
36,19;558,02;4,468;0,177;1,383;5,476
36,2;558,04;4,462;0,177;1,383;5,476
36,2;558,07;4,457;0,176;1,383;5,476
36,2;558,09;4,452;0,176;1,383;5,476
36,2;558,12;4,447;0,176;1,383;5,476
36,2;558,14;4,441;0,176;1,383;5,476
36,21;558,16;4,436;0,176;1,383;5,476
36,21;558,19;4,431;0,175;1,383;5,476
36,21;558,21;4,426;0,175;1,383;5,476
36,21;558,24;4,421;0,175;1,383;5,476
36,21;558,26;4,416;0,175;1,383;5,476
36,21;558,29;4,412;0,175;1,383;5,476
36,21;558,31;4,407;0,174;1,383;5,476
36,22;558,34;4,402;0,174;1,383;5,476
36,22;558,36;4,397;0,174;1,383;5,476
36,22;558,39;4,392;0,174;1,383;5,476
36,22;558,41;4,387;0,174;1,383;5,476
36,22;558,44;4,382;0,173;1,383;5,476
36,23;558,46;4,377;0,173;1,383;5,476
36,23;558,49;4,372;0,173;1,383;5,476
36,23;558,51;4,367;0,173;1,383;5,476
36,23;558,54;4,362;0,173;1,383;5,476
36,23;558,56;4,356;0,172;1,383;5,476
36,23;558,58;4,351;0,172;1,383;5,476
36,24;558,61;4,345;0,172;1,383;5,476
36,24;558,63;4,339;0,172;1,383;5,476
36,24;558,66;4,334;0,172;1,383;5,476
36,24;558,68;4,329;0,171;1,383;5,476
36,24;558,71;4,324;0,171;1,383;5,476
36,24;558,73;4,318;0,171;1,383;5,476
36,24;558,76;4,313;0,171;1,383;5,476
36,25;558,78;4,308;0,171;1,383;5,476
36,25;558,81;4,303;0,17;1,383;5,476
36,25;558,83;4,298;0,17;1,383;5,476
36,25;558,86;4,293;0,17;1,383;5,476
36,25;558,88;4,289;0,17;1,383;5,476
36,26;558,91;4,285;0,17;1,383;5,476
36,26;558,93;4,28;0,169;1,383;5,476
36,26;558,96;4,275;0,169;1,383;5,476
36,26;558,98;4,27;0,169;1,383;5,476
36,26;559,01;4,264;0,169;1,383;5,476
36,26;559,03;4,259;0,169;1,383;5,476
36,26;559,06;4,253;0,168;1,383;5,476
36,27;559,08;4,248;0,168;1,383;5,476
36,27;559,1;4,243;0,168;1,383;5,476
36,27;559,13;4,238;0,168;1,383;5,476
36,27;559,15;4,232;0,168;1,383;5,476
36,27;559,18;4,227;0,167;1,383;5,476
36,28;559,2;4,221;0,167;1,383;5,476
36,28;559,23;4,216;0,167;1,383;5,476
36,28;559,25;4,211;0,167;1,383;5,476
36,28;559,28;4,207;0,167;1,383;5,476
36,28;559,3;4,202;0,166;1,383;5,476
36,28;559,33;4,198;0,166;1,383;5,476
36,29;559,35;4,194;0,166;1,383;5,476
36,29;559,38;4,189;0,166;1,383;5,476
36,29;559,4;4,184;0,166;1,383;5,476
36,29;559,43;4,18;0,165;1,383;5,476
36,29;559,45;4,175;0,165;1,383;5,476
36,29;559,48;4,17;0,165;1,383;5,476
36,29;559,5;4,165;0,165;1,383;5,476
36,3;559,52;4,16;0,165;1,383;5,476
36,3;559,55;4,155;0,165;1,383;5,476
36,3;559,57;4,151;0,164;1,383;5,476
36,3;559,6;4,146;0,164;1,383;5,476
36,3;559,62;4,142;0,164;1,383;5,476
36,31;559,65;4,137;0,164;1,383;5,476
36,31;559,67;4,133;0,164;1,383;5,476
36,31;559,7;4,128;0,163;1,383;5,476
36,31;559,72;4,124;0,163;1,383;5,476
36,31;559,75;4,12;0,163;1,383;5,476
36,31;559,77;4,116;0,163;1,383;5,476
36,31;559,8;4,112;0,163;1,383;5,476
36,32;559,82;4,108;0,163;1,383;5,475
36,32;559,85;4,104;0,162;1,383;5,475
36,32;559,87;4,099;0,162;1,383;5,475
36,32;559,9;4,096;0,162;1,383;5,475
36,32;559,92;4,092;0,162;1,383;5,475
36,33;559,95;4,087;0,162;1,383;5,475
36,33;559,97;4,083;0,162;1,383;5,475
36,33;559,99;4,079;0,162;1,383;5,475
36,33;560,02;4,076;0,161;1,383;5,475
36,33;560,04;4,072;0,161;1,383;5,475
36,33;560,07;4,068;0,161;1,383;5,475
36,34;560,09;4,064;0,161;1,383;5,475
36,34;560,12;4,06;0,161;1,383;5,475
36,34;560,14;4,056;0,161;1,383;5,475
36,34;560,17;4,052;0,16;1,383;5,475
36,34;560,19;4,048;0,16;1,383;5,475
36,34;560,22;4,044;0,16;1,383;5,475
36,34;560,24;4,042;0,16;1,383;5,475
36,35;560,27;4,039;0,16;1,383;5,475
36,35;560,29;4,035;0,16;1,383;5,475
36,35;560,32;4,032;0,16;1,383;5,475
36,35;560,34;4,029;0,16;1,383;5,475
36,35;560,37;4,026;0,159;1,383;5,475
36,36;560,39;4,022;0,159;1,383;5,475
36,36;560,42;4,018;0,159;1,383;5,475
36,36;560,44;4,014;0,159;1,383;5,475
36,36;560,46;4,01;0,159;1,383;5,475
36,36;560,49;4,006;0,159;1,383;5,475
36,36;560,51;4,002;0,158;1,383;5,475
36,36;560,54;3,998;0,158;1,383;5,475
36,37;560,56;3,993;0,158;1,383;5,475
36,37;560,59;3,989;0,158;1,383;5,475
36,37;560,61;3,985;0,158;1,383;5,475
36,37;560,64;3,981;0,158;1,383;5,475
36,37;560,66;3,978;0,157;1,383;5,475
36,38;560,69;3,974;0,157;1,383;5,475
36,38;560,71;3,97;0,157;1,383;5,475
36,38;560,74;3,966;0,157;1,383;5,475
36,38;560,76;3,963;0,157;1,383;5,475
36,38;560,79;3,959;0,157;1,383;5,475
36,38;560,81;3,955;0,157;1,383;5,475
36,39;560,84;3,951;0,156;1,383;5,475
36,39;560,86;3,948;0,156;1,383;5,475
36,39;560,89;3,944;0,156;1,383;5,475
36,39;560,91;3,941;0,156;1,383;5,475
36,39;560,94;3,937;0,156;1,383;5,475
36,39;560,96;3,933;0,156;1,383;5,475
36,39;560,98;3,929;0,156;1,383;5,475
36,4;561,01;3,925;0,155;1,383;5,475
36,4;561,03;3,92;0,155;1,383;5,475
36,4;561,06;3,916;0,155;1,383;5,475
36,4;561,08;3,912;0,155;1,383;5,475
36,4;561,11;3,908;0,155;1,383;5,475
36,41;561,13;3,904;0,155;1,383;5,475
36,41;561,16;3,9;0,154;1,383;5,475
36,41;561,18;3,896;0,154;1,383;5,475
36,41;561,21;3,892;0,154;1,383;5,475
36,41;561,23;3,888;0,154;1,383;5,475
36,41;561,26;3,884;0,154;1,383;5,475
36,41;561,28;3,88;0,154;1,383;5,475
36,42;561,31;3,876;0,153;1,383;5,475
36,42;561,33;3,873;0,153;1,383;5,475
36,42;561,36;3,869;0,153;1,383;5,475
36,42;561,38;3,865;0,153;1,383;5,475
36,42;561,4;3,861;0,153;1,383;5,475
36,43;561,43;3,857;0,153;1,383;5,475
36,43;561,45;3,853;0,153;1,383;5,475
36,43;561,48;3,849;0,152;1,383;5,475
36,43;561,5;3,846;0,152;1,383;5,475
36,43;561,53;3,842;0,152;1,383;5,475
36,43;561,55;3,838;0,152;1,383;5,475
36,44;561,58;3,834;0,152;1,383;5,475
36,44;561,6;3,831;0,152;1,383;5,475
36,44;561,63;3,827;0,152;1,383;5,475
36,44;561,65;3,824;0,151;1,383;5,475
36,44;561,68;3,821;0,151;1,383;5,475
36,44;561,7;3,817;0,151;1,383;5,475
36,44;561,73;3,814;0,151;1,383;5,475
36,45;561,75;3,811;0,151;1,383;5,475
36,45;561,78;3,807;0,151;1,383;5,475
36,45;561,8;3,804;0,151;1,383;5,475
36,45;561,83;3,8;0,15;1,383;5,475
36,45;561,85;3,797;0,15;1,383;5,475
36,46;561,88;3,793;0,15;1,383;5,475
36,46;561,9;3,79;0,15;1,383;5,475
36,46;561,92;3,786;0,15;1,383;5,475
36,46;561,95;3,782;0,15;1,383;5,475
36,46;561,97;3,779;0,15;1,383;5,475
36,46;562;3,775;0,149;1,383;5,475
36,46;562,02;3,772;0,149;1,383;5,475
36,47;562,05;3,768;0,149;1,383;5,475
36,47;562,07;3,764;0,149;1,383;5,475
36,47;562,1;3,761;0,149;1,383;5,475
36,47;562,12;3,757;0,149;1,383;5,475
36,47;562,15;3,754;0,149;1,383;5,475
36,48;562,17;3,751;0,148;1,383;5,475
36,48;562,2;3,747;0,148;1,383;5,475
36,48;562,22;3,744;0,148;1,383;5,475
36,48;562,25;3,742;0,148;1,383;5,475
36,48;562,27;3,739;0,148;1,383;5,475
36,48;562,3;3,737;0,148;1,383;5,475
36,49;562,32;3,734;0,148;1,383;5,475
36,49;562,35;3,731;0,148;1,383;5,475
36,49;562,37;3,729;0,148;1,383;5,475
36,49;562,4;3,726;0,148;1,383;5,475
36,49;562,42;3,723;0,147;1,383;5,475
36,49;562,44;3,72;0,147;1,383;5,475
36,49;562,47;3,718;0,147;1,383;5,475
36,5;562,49;3,715;0,147;1,383;5,475
36,5;562,52;3,712;0,147;1,383;5,475
36,5;562,54;3,709;0,147;1,383;5,475
36,5;562,57;3,707;0,147;1,383;5,475
36,5;562,59;3,704;0,147;1,383;5,475
36,51;562,62;3,701;0,147;1,383;5,475
36,51;562,64;3,698;0,146;1,383;5,475
36,51;562,67;3,695;0,146;1,383;5,475
36,51;562,69;3,692;0,146;1,383;5,475
36,51;562,72;3,689;0,146;1,383;5,475
36,51;562,74;3,686;0,146;1,383;5,475
36,51;562,77;3,682;0,146;1,383;5,475
36,52;562,79;3,679;0,146;1,383;5,475
36,52;562,82;3,676;0,146;1,383;5,475
36,52;562,84;3,673;0,145;1,383;5,475
36,52;562,87;3,67;0,145;1,383;5,475
36,52;562,89;3,667;0,145;1,383;5,475
36,53;562,91;3,664;0,145;1,383;5,475
36,53;562,94;3,662;0,145;1,383;5,475
36,53;562,96;3,659;0,145;1,383;5,475
36,53;562,99;3,657;0,145;1,383;5,475
36,53;563,01;3,655;0,145;1,383;5,475
36,53;563,04;3,652;0,145;1,383;5,475
36,54;563,06;3,65;0,144;1,383;5,475
36,54;563,09;3,647;0,144;1,383;5,475
36,54;563,11;3,645;0,144;1,383;5,475
36,54;563,14;3,642;0,144;1,383;5,475
36,54;563,16;3,64;0,144;1,383;5,475
36,54;563,19;3,638;0,144;1,383;5,475
36,54;563,21;3,636;0,144;1,383;5,475
36,55;563,24;3,633;0,144;1,383;5,475
36,55;563,26;3,63;0,144;1,383;5,475
36,55;563,29;3,628;0,144;1,383;5,475
36,55;563,31;3,625;0,144;1,383;5,475
36,55;563,33;3,622;0,143;1,383;5,475
36,56;563,36;3,62;0,143;1,383;5,475
36,56;563,38;3,617;0,143;1,383;5,475
36,56;563,41;3,614;0,143;1,383;5,475
36,56;563,43;3,612;0,143;1,383;5,475
36,56;563,46;3,609;0,143;1,383;5,475
36,56;563,48;3,606;0,143;1,383;5,475
36,56;563,51;3,603;0,143;1,383;5,475
36,57;563,53;3,6;0,143;1,383;5,475
36,57;563,56;3,597;0,142;1,383;5,475
36,57;563,58;3,594;0,142;1,383;5,475
36,57;563,61;3,592;0,142;1,383;5,475
36,57;563,63;3,589;0,142;1,383;5,475
36,58;563,66;3,586;0,142;1,383;5,475
36,58;563,68;3,584;0,142;1,383;5,475
36,58;563,71;3,581;0,142;1,383;5,475
36,58;563,73;3,579;0,142;1,383;5,475
36,58;563,76;3,576;0,142;1,383;5,475
36,58;563,78;3,574;0,141;1,383;5,475
36,59;563,8;3,572;0,141;1,383;5,475
36,59;563,83;3,569;0,141;1,383;5,475
36,59;563,85;3,567;0,141;1,383;5,475
36,59;563,88;3,565;0,141;1,383;5,475
36,59;563,9;3,563;0,141;1,383;5,475
36,59;563,93;3,561;0,141;1,383;5,475
36,59;563,95;3,559;0,141;1,383;5,475
36,6;563,98;3,557;0,141;1,383;5,475
36,6;564;3,555;0,141;1,383;5,475
36,6;564,03;3,553;0,141;1,383;5,475
36,6;564,05;3,551;0,141;1,383;5,475
36,6;564,08;3,549;0,141;1,383;5,475
36,61;564,1;3,547;0,14;1,383;5,475
36,61;564,13;3,545;0,14;1,383;5,475
36,61;564,15;3,542;0,14;1,383;5,475
36,61;564,18;3,54;0,14;1,383;5,475
36,61;564,2;3,538;0,14;1,383;5,475
36,61;564,23;3,536;0,14;1,383;5,475
36,61;564,25;3,533;0,14;1,383;5,475
36,62;564,27;3,531;0,14;1,383;5,475
36,62;564,3;3,529;0,14;1,383;5,475
36,62;564,32;3,527;0,14;1,383;5,475
36,62;564,35;3,525;0,14;1,383;5,475
36,62;564,37;3,523;0,139;1,383;5,475
36,63;564,4;3,521;0,139;1,383;5,475
36,63;564,42;3,519;0,139;1,383;5,475
36,63;564,45;3,517;0,139;1,383;5,475
36,63;564,47;3,516;0,139;1,383;5,475
36,63;564,5;3,514;0,139;1,383;5,475
36,63;564,52;3,513;0,139;1,383;5,475
36,64;564,55;3,511;0,139;1,383;5,475
36,64;564,57;3,509;0,139;1,383;5,475
36,64;564,6;3,508;0,139;1,383;5,475
36,64;564,62;3,506;0,139;1,383;5,475
36,64;564,65;3,505;0,139;1,383;5,475
36,64;564,67;3,504;0,139;1,383;5,475
36,64;564,7;3,502;0,139;1,383;5,475
36,65;564,72;3,501;0,139;1,383;5,475
36,65;564,75;3,499;0,139;1,383;5,475
36,65;564,77;3,498;0,138;1,383;5,475
36,65;564,8;3,496;0,138;1,383;5,475
36,65;564,82;3,495;0,138;1,383;5,475
36,66;564,84;3,493;0,138;1,383;5,475
36,66;564,87;3,491;0,138;1,383;5,475
36,66;564,89;3,49;0,138;1,383;5,475
36,66;564,92;3,488;0,138;1,383;5,475
36,66;564,94;3,486;0,138;1,383;5,475
36,66;564,97;3,484;0,138;1,383;5,475
36,66;564,99;3,482;0,138;1,383;5,475
36,67;565,02;3,48;0,138;1,383;5,475
36,67;565,04;3,477;0,138;1,383;5,475
36,67;565,07;3,475;0,138;1,383;5,475
36,67;565,09;3,473;0,137;1,383;5,475
36,67;565,12;3,471;0,137;1,383;5,475
36,68;565,14;3,469;0,137;1,383;5,475
36,68;565,17;3,467;0,137;1,383;5,475
36,68;565,19;3,465;0,137;1,383;5,475
36,68;565,22;3,463;0,137;1,383;5,475
36,68;565,24;3,461;0,137;1,383;5,475
36,68;565,27;3,459;0,137;1,383;5,475
36,69;565,29;3,457;0,137;1,383;5,475
36,69;565,32;3,455;0,137;1,383;5,475
36,69;565,34;3,453;0,137;1,383;5,475
36,69;565,37;3,452;0,137;1,383;5,475
36,69;565,39;3,45;0,137;1,383;5,475
36,69;565,41;3,448;0,137;1,383;5,475
36,69;565,44;3,446;0,136;1,383;5,475
36,7;565,46;3,445;0,136;1,383;5,475
36,7;565,49;3,443;0,136;1,383;5,475
36,7;565,51;3,441;0,136;1,383;5,475
36,7;565,54;3,439;0,136;1,383;5,475
36,7;565,56;3,438;0,136;1,383;5,475
36,71;565,59;3,436;0,136;1,383;5,475
36,71;565,61;3,434;0,136;1,383;5,475
36,71;565,64;3,432;0,136;1,383;5,475
36,71;565,66;3,43;0,136;1,383;5,475
36,71;565,69;3,427;0,136;1,383;5,475
36,71;565,71;3,425;0,136;1,383;5,475
36,71;565,74;3,423;0,136;1,383;5,475
36,72;565,76;3,421;0,135;1,383;5,475
36,72;565,79;3,419;0,135;1,383;5,475
36,72;565,81;3,417;0,135;1,383;5,475
36,72;565,84;3,415;0,135;1,383;5,475
36,72;565,86;3,413;0,135;1,383;5,475
36,73;565,88;3,411;0,135;1,383;5,475
36,73;565,91;3,409;0,135;1,383;5,475
36,73;565,93;3,407;0,135;1,383;5,475
36,73;565,96;3,405;0,135;1,383;5,475
36,73;565,98;3,403;0,135;1,383;5,475
36,73;566,01;3,401;0,135;1,383;5,475
36,74;566,03;3,4;0,135;1,383;5,475
36,74;566,06;3,398;0,135;1,383;5,475
36,74;566,08;3,396;0,134;1,383;5,475
36,74;566,11;3,395;0,134;1,383;5,475
36,74;566,13;3,393;0,134;1,383;5,475
36,74;566,16;3,392;0,134;1,383;5,475
36,74;566,18;3,39;0,134;1,383;5,475
36,75;566,21;3,389;0,134;1,383;5,475
36,75;566,23;3,388;0,134;1,383;5,475
36,75;566,26;3,386;0,134;1,383;5,475
36,75;566,28;3,385;0,134;1,383;5,475
36,75;566,31;3,384;0,134;1,383;5,475
36,76;566,33;3,383;0,134;1,383;5,475
36,76;566,35;3,382;0,134;1,383;5,475
36,76;566,38;3,38;0,134;1,383;5,475
36,76;566,4;3,379;0,134;1,383;5,475
36,76;566,43;3,378;0,134;1,383;5,475
36,76;566,45;3,377;0,134;1,383;5,475
36,76;566,48;3,375;0,134;1,383;5,475
36,77;566,5;3,374;0,134;1,383;5,475
36,77;566,53;3,373;0,134;1,383;5,475
36,77;566,55;3,372;0,133;1,383;5,475
36,77;566,58;3,37;0,133;1,383;5,475
36,77;566,6;3,369;0,133;1,383;5,475
36,78;566,63;3,368;0,133;1,383;5,475
36,78;566,65;3,367;0,133;1,383;5,475
36,78;566,68;3,365;0,133;1,383;5,475
36,78;566,7;3,364;0,133;1,383;5,475
36,78;566,73;3,362;0,133;1,383;5,475
36,78;566,75;3,361;0,133;1,383;5,475
36,79;566,78;3,36;0,133;1,383;5,475
36,79;566,8;3,358;0,133;1,383;5,475
36,79;566,83;3,357;0,133;1,383;5,475
36,79;566,85;3,355;0,133;1,383;5,475
36,79;566,88;3,354;0,133;1,383;5,475
36,79;566,9;3,352;0,133;1,383;5,475
36,79;566,93;3,351;0,133;1,383;5,475
36,8;566,95;3,35;0,133;1,383;5,475
36,8;566,97;3,348;0,133;1,383;5,475
36,8;567;3,347;0,133;1,383;5,475
36,8;567,02;3,346;0,132;1,383;5,475
36,8;567,05;3,344;0,132;1,383;5,475
36,81;567,07;3,343;0,132;1,383;5,475
36,81;567,1;3,341;0,132;1,383;5,475
36,81;567,12;3,34;0,132;1,383;5,475
36,81;567,15;3,338;0,132;1,383;5,475
36,81;567,17;3,337;0,132;1,383;5,475
36,81;567,2;3,335;0,132;1,383;5,475
36,81;567,22;3,334;0,132;1,383;5,475
36,82;567,25;3,332;0,132;1,383;5,475
36,82;567,27;3,331;0,132;1,383;5,475
36,82;567,3;3,329;0,132;1,383;5,475
36,82;567,32;3,327;0,132;1,383;5,475
36,82;567,35;3,326;0,132;1,383;5,475
36,83;567,37;3,324;0,132;1,383;5,475
36,83;567,4;3,323;0,132;1,383;5,475
36,83;567,42;3,321;0,131;1,383;5,475
36,83;567,45;3,32;0,131;1,383;5,475
36,83;567,47;3,318;0,131;1,383;5,475
36,83;567,5;3,317;0,131;1,383;5,475
36,84;567,52;3,315;0,131;1,383;5,475
36,84;567,55;3,313;0,131;1,383;5,475
36,84;567,57;3,312;0,131;1,383;5,475
36,84;567,59;3,31;0,131;1,383;5,475
36,84;567,62;3,309;0,131;1,383;5,475
36,84;567,64;3,307;0,131;1,383;5,475
36,84;567,67;3,305;0,131;1,383;5,475
36,85;567,69;3,304;0,131;1,383;5,475
36,85;567,72;3,302;0,131;1,383;5,475
36,85;567,74;3,3;0,131;1,383;5,475
36,85;567,77;3,299;0,131;1,383;5,475
36,85;567,79;3,297;0,131;1,383;5,475
36,86;567,82;3,296;0,13;1,383;5,475
36,86;567,84;3,294;0,13;1,383;5,475
36,86;567,87;3,293;0,13;1,383;5,475
36,86;567,89;3,291;0,13;1,383;5,475
36,86;567,92;3,29;0,13;1,383;5,475
36,86;567,94;3,289;0,13;1,383;5,475
36,86;567,97;3,288;0,13;1,383;5,475
36,87;567,99;3,286;0,13;1,383;5,475
36,87;568,02;3,285;0,13;1,383;5,475
36,87;568,04;3,284;0,13;1,383;5,475
36,87;568,07;3,283;0,13;1,383;5,475
36,87;568,09;3,282;0,13;1,383;5,475
36,88;568,12;3,281;0,13;1,383;5,475
36,88;568,14;3,28;0,13;1,383;5,474
36,88;568,17;3,279;0,13;1,383;5,474
36,88;568,19;3,278;0,13;1,383;5,474
36,88;568,22;3,277;0,13;1,383;5,474
36,88;568,24;3,276;0,13;1,383;5,474
36,89;568,26;3,275;0,13;1,383;5,474
36,89;568,29;3,274;0,13;1,383;5,474
36,89;568,31;3,273;0,13;1,383;5,474
36,89;568,34;3,272;0,13;1,383;5,474
36,89;568,36;3,271;0,129;1,383;5,474
36,89;568,39;3,27;0,129;1,383;5,474
36,89;568,41;3,269;0,129;1,383;5,474
36,9;568,44;3,268;0,129;1,383;5,474
36,9;568,46;3,267;0,129;1,383;5,474
36,9;568,49;3,266;0,129;1,383;5,474
36,9;568,51;3,265;0,129;1,383;5,474
36,9;568,54;3,264;0,129;1,383;5,474
36,91;568,56;3,262;0,129;1,383;5,474
36,91;568,59;3,261;0,129;1,383;5,474
36,91;568,61;3,26;0,129;1,383;5,474
36,91;568,64;3,259;0,129;1,383;5,474
36,91;568,66;3,258;0,129;1,383;5,474
36,91;568,69;3,257;0,129;1,383;5,474
36,91;568,71;3,256;0,129;1,383;5,474
36,92;568,74;3,255;0,129;1,383;5,474
36,92;568,76;3,254;0,129;1,383;5,474
36,92;568,79;3,253;0,129;1,383;5,474
36,92;568,81;3,252;0,129;1,383;5,474
36,92;568,84;3,251;0,129;1,383;5,474
36,93;568,86;3,25;0,129;1,383;5,474
36,93;568,88;3,249;0,129;1,383;5,474
36,93;568,91;3,249;0,129;1,383;5,474
36,93;568,93;3,248;0,129;1,383;5,474
36,93;568,96;3,247;0,129;1,383;5,474
36,93;568,98;3,246;0,129;1,383;5,474
36,94;569,01;3,245;0,128;1,383;5,474
36,94;569,03;3,245;0,128;1,383;5,474
36,94;569,06;3,244;0,128;1,383;5,474
36,94;569,08;3,243;0,128;1,383;5,474
36,94;569,11;3,242;0,128;1,383;5,474
36,94;569,13;3,241;0,128;1,383;5,474
36,94;569,16;3,239;0,128;1,383;5,474
36,95;569,18;3,238;0,128;1,383;5,474
36,95;569,21;3,237;0,128;1,383;5,474
36,95;569,23;3,236;0,128;1,383;5,474
36,95;569,26;3,235;0,128;1,383;5,474
36,95;569,28;3,234;0,128;1,383;5,474
36,96;569,31;3,233;0,128;1,383;5,474
36,96;569,33;3,232;0,128;1,383;5,474
36,96;569,36;3,231;0,128;1,383;5,474
36,96;569,38;3,23;0,128;1,383;5,474
36,96;569,41;3,229;0,128;1,383;5,474
36,96;569,43;3,228;0,128;1,383;5,474
36,96;569,45;3,227;0,128;1,383;5,474
36,97;569,48;3,226;0,128;1,383;5,474
36,97;569,5;3,225;0,128;1,383;5,474
36,97;569,53;3,224;0,128;1,383;5,474
36,97;569,55;3,223;0,128;1,383;5,474
36,97;569,58;3,222;0,128;1,383;5,474
36,98;569,6;3,221;0,128;1,383;5,474
36,98;569,63;3,219;0,127;1,383;5,474
36,98;569,65;3,218;0,127;1,383;5,474
36,98;569,68;3,217;0,127;1,383;5,474
36,98;569,7;3,216;0,127;1,383;5,474
36,98;569,73;3,215;0,127;1,383;5,474
36,99;569,75;3,214;0,127;1,383;5,474
36,99;569,78;3,213;0,127;1,383;5,474
36,99;569,8;3,212;0,127;1,383;5,474
36,99;569,83;3,211;0,127;1,383;5,474
36,99;569,85;3,21;0,127;1,383;5,474
36,99;569,88;3,209;0,127;1,383;5,474
36,99;569,9;3,208;0,127;1,383;5,474
37;569,93;3,207;0,127;1,383;5,474
37;569,95;3,206;0,127;1,383;5,474
37;569,98;3,204;0,127;1,383;5,474
37;570;3,203;0,127;1,383;5,474
37;570,03;3,202;0,127;1,383;5,474
37,01;570,05;3,201;0,127;1,383;5,474
37,01;570,08;3,199;0,127;1,383;5,474
37,01;570,1;3,198;0,127;1,383;5,474
37,01;570,12;3,197;0,127;1,383;5,474
37,01;570,15;3,196;0,127;1,383;5,474
37,01;570,17;3,194;0,126;1,383;5,474
37,01;570,2;3,193;0,126;1,383;5,474
37,02;570,22;3,192;0,126;1,383;5,474
37,02;570,25;3,191;0,126;1,383;5,474
37,02;570,27;3,19;0,126;1,383;5,474
37,02;570,3;3,189;0,126;1,383;5,474
37,02;570,32;3,187;0,126;1,383;5,474
37,03;570,35;3,186;0,126;1,383;5,474
37,03;570,37;3,185;0,126;1,383;5,474
37,03;570,4;3,184;0,126;1,383;5,474
37,03;570,42;3,183;0,126;1,383;5,474
37,03;570,45;3,182;0,126;1,383;5,474
37,03;570,47;3,181;0,126;1,383;5,474
37,04;570,5;3,18;0,126;1,383;5,474
37,04;570,52;3,179;0,126;1,383;5,474
37,04;570,55;3,177;0,126;1,383;5,474
37,04;570,57;3,176;0,126;1,383;5,474
37,04;570,6;3,175;0,126;1,383;5,474
37,04;570,62;3,174;0,126;1,383;5,474
37,04;570,65;3,173;0,126;1,383;5,474
37,05;570,67;3,172;0,126;1,383;5,474
37,05;570,69;3,171;0,126;1,383;5,474
37,05;570,72;3,17;0,125;1,383;5,474
37,05;570,74;3,169;0,125;1,383;5,474
37,05;570,77;3,168;0,125;1,383;5,474
37,06;570,79;3,167;0,125;1,383;5,474
37,06;570,82;3,166;0,125;1,383;5,474
37,06;570,84;3,165;0,125;1,383;5,474
37,06;570,87;3,164;0,125;1,383;5,474
37,06;570,89;3,162;0,125;1,383;5,474
37,06;570,92;3,161;0,125;1,383;5,474
37,06;570,94;3,16;0,125;1,383;5,474
37,07;570,97;3,159;0,125;1,383;5,474
37,07;570,99;3,157;0,125;1,383;5,474
37,07;571,02;3,156;0,125;1,383;5,474
37,07;571,04;3,155;0,125;1,383;5,474
37,07;571,07;3,153;0,125;1,383;5,474
37,08;571,09;3,152;0,125;1,383;5,474
37,08;571,12;3,151;0,125;1,383;5,474
37,08;571,14;3,15;0,125;1,383;5,474
37,08;571,17;3,148;0,125;1,383;5,474
37,08;571,19;3,147;0,125;1,383;5,474
37,08;571,22;3,146;0,125;1,383;5,474
37,09;571,24;3,145;0,125;1,383;5,474
37,09;571,27;3,144;0,124;1,383;5,474
37,09;571,29;3,143;0,124;1,383;5,474
37,09;571,31;3,142;0,124;1,383;5,474
37,09;571,34;3,141;0,124;1,383;5,474
37,09;571,36;3,14;0,124;1,383;5,474
37,09;571,39;3,138;0,124;1,383;5,474
37,1;571,41;3,137;0,124;1,383;5,474
37,1;571,44;3,136;0,124;1,383;5,474
37,1;571,46;3,135;0,124;1,383;5,474
37,1;571,49;3,134;0,124;1,383;5,474
37,1;571,51;3,133;0,124;1,383;5,474
37,11;571,54;3,132;0,124;1,383;5,474
37,11;571,56;3,131;0,124;1,383;5,474
37,11;571,59;3,129;0,124;1,383;5,474
37,11;571,61;3,128;0,124;1,383;5,474
37,11;571,64;3,127;0,124;1,383;5,474
37,11;571,66;3,126;0,124;1,383;5,474
37,11;571,69;3,125;0,124;1,383;5,474
37,12;571,71;3,124;0,124;1,383;5,474
37,12;571,74;3,123;0,124;1,383;5,474
37,12;571,76;3,123;0,124;1,383;5,474
37,12;571,79;3,122;0,124;1,383;5,474
37,12;571,81;3,121;0,124;1,383;5,474
37,13;571,84;3,12;0,124;1,383;5,474
37,13;571,86;3,119;0,123;1,383;5,474
37,13;571,89;3,118;0,123;1,383;5,474
37,13;571,91;3,117;0,123;1,383;5,474
37,13;571,94;3,117;0,123;1,383;5,474
37,13;571,96;3,116;0,123;1,383;5,474
37,14;571,98;3,115;0,123;1,383;5,474
37,14;572,01;3,114;0,123;1,383;5,474
37,14;572,03;3,114;0,123;1,383;5,474
37,14;572,06;3,113;0,123;1,383;5,474
37,14;572,08;3,112;0,123;1,383;5,474
37,14;572,11;3,112;0,123;1,383;5,474
37,14;572,13;3,111;0,123;1,383;5,474
37,15;572,16;3,111;0,123;1,383;5,474
37,15;572,18;3,11;0,123;1,383;5,474
37,15;572,21;3,11;0,123;1,383;5,474
37,15;572,23;3,11;0,123;1,383;5,474
37,15;572,26;3,109;0,123;1,383;5,474
37,16;572,28;3,109;0,123;1,383;5,474
37,16;572,31;3,109;0,123;1,383;5,474
37,16;572,33;3,109;0,123;1,383;5,474
37,16;572,36;3,109;0,123;1,383;5,474
37,16;572,38;3,108;0,123;1,383;5,474
37,16;572,41;3,108;0,123;1,383;5,474
37,16;572,43;3,108;0,123;1,383;5,474
37,17;572,46;3,108;0,123;1,383;5,474
37,17;572,48;3,107;0,123;1,383;5,474
37,17;572,51;3,107;0,123;1,383;5,474
37,17;572,53;3,107;0,123;1,383;5,474
37,17;572,56;3,107;0,123;1,383;5,474
37,18;572,58;3,107;0,123;1,383;5,474
37,18;572,61;3,107;0,123;1,383;5,474
37,18;572,63;3,107;0,123;1,383;5,474
37,18;572,66;3,107;0,123;1,383;5,474
37,18;572,68;3,107;0,123;1,383;5,474
37,18;572,71;3,107;0,123;1,383;5,474
37,19;572,73;3,107;0,123;1,383;5,474
37,19;572,76;3,107;0,123;1,383;5,474
37,19;572,78;3,107;0,123;1,383;5,474
37,19;572,8;3,107;0,123;1,383;5,474
37,19;572,83;3,107;0,123;1,383;5,474
37,19;572,85;3,107;0,123;1,383;5,474
37,19;572,88;3,107;0,123;1,383;5,474
37,2;572,9;3,107;0,123;1,383;5,474
37,2;572,93;3,107;0,123;1,383;5,474
37,2;572,95;3,107;0,123;1,383;5,474
37,2;572,98;3,107;0,123;1,383;5,474
37,2;573;3,107;0,123;1,383;5,474
37,21;573,03;3,107;0,123;1,383;5,474
37,21;573,05;3,107;0,123;1,383;5,474
37,21;573,08;3,107;0,123;1,383;5,474
37,21;573,1;3,107;0,123;1,383;5,474
37,21;573,13;3,107;0,123;1,383;5,474
37,21;573,15;3,107;0,123;1,383;5,474
37,21;573,18;3,107;0,123;1,383;5,474
37,22;573,2;3,107;0,123;1,383;5,474
37,22;573,23;3,107;0,123;1,383;5,474
37,22;573,25;3,106;0,123;1,383;5,474
37,22;573,28;3,106;0,123;1,383;5,474
37,22;573,3;3,106;0,123;1,383;5,474
37,23;573,33;3,106;0,123;1,383;5,474
37,23;573,35;3,106;0,123;1,383;5,474
37,23;573,38;3,106;0,123;1,383;5,474
37,23;573,4;3,105;0,123;1,383;5,474
37,23;573,42;3,105;0,123;1,383;5,474
37,23;573,45;3,105;0,123;1,383;5,474
37,24;573,47;3,105;0,123;1,383;5,474
37,24;573,5;3,104;0,123;1,383;5,474
37,24;573,52;3,104;0,123;1,383;5,474
37,24;573,55;3,103;0,123;1,383;5,474
37,24;573,57;3,103;0,123;1,383;5,474
37,24;573,6;3,102;0,123;1,383;5,474
37,24;573,62;3,102;0,123;1,383;5,474
37,25;573,65;3,101;0,123;1,383;5,474
37,25;573,67;3,1;0,123;1,383;5,474
37,25;573,7;3,1;0,123;1,383;5,474
37,25;573,72;3,099;0,123;1,383;5,474
37,25;573,75;3,099;0,123;1,383;5,474
37,26;573,77;3,098;0,123;1,383;5,474
37,26;573,8;3,097;0,123;1,383;5,474
37,26;573,82;3,097;0,123;1,383;5,474
37,26;573,85;3,096;0,123;1,383;5,474
37,26;573,87;3,095;0,123;1,383;5,474
37,26;573,9;3,095;0,123;1,383;5,474
37,26;573,92;3,094;0,122;1,383;5,474
37,27;573,95;3,093;0,122;1,383;5,474
37,27;573,97;3,092;0,122;1,383;5,474
37,27;574;3,092;0,122;1,383;5,474
37,27;574,02;3,091;0,122;1,383;5,474
37,27;574,05;3,09;0,122;1,383;5,474
37,28;574,07;3,09;0,122;1,383;5,474
37,28;574,1;3,089;0,122;1,383;5,474
37,28;574,12;3,088;0,122;1,383;5,474
37,28;574,14;3,088;0,122;1,383;5,474
37,28;574,17;3,088;0,122;1,383;5,474
37,28;574,19;3,087;0,122;1,383;5,474
37,29;574,22;3,086;0,122;1,383;5,474
37,29;574,24;3,086;0,122;1,383;5,474
37,29;574,27;3,085;0,122;1,383;5,474
37,29;574,29;3,085;0,122;1,383;5,474
37,29;574,32;3,085;0,122;1,383;5,474
37,29;574,34;3,084;0,122;1,383;5,474
37,29;574,37;3,084;0,122;1,383;5,474
37,3;574,39;3,083;0,122;1,383;5,474
37,3;574,42;3,083;0,122;1,383;5,474
37,3;574,44;3,082;0,122;1,383;5,474
37,3;574,47;3,082;0,122;1,383;5,474
37,3;574,49;3,082;0,122;1,383;5,474
37,31;574,52;3,081;0,122;1,383;5,474
37,31;574,54;3,081;0,122;1,383;5,474
37,31;574,57;3,08;0,122;1,383;5,474
37,31;574,59;3,08;0,122;1,383;5,474
37,31;574,62;3,079;0,122;1,383;5,474
37,31;574,64;3,079;0,122;1,383;5,474
37,31;574,67;3,078;0,122;1,383;5,474
37,32;574,69;3,078;0,122;1,383;5,474
37,32;574,72;3,077;0,122;1,383;5,474
37,32;574,74;3,077;0,122;1,383;5,474
37,32;574,77;3,077;0,122;1,383;5,474
37,32;574,79;3,076;0,122;1,383;5,474
37,33;574,82;3,076;0,122;1,383;5,474
37,33;574,84;3,075;0,122;1,383;5,474
37,33;574,86;3,075;0,122;1,383;5,474
37,33;574,89;3,075;0,122;1,383;5,474
37,33;574,91;3,074;0,122;1,383;5,474
37,33;574,94;3,074;0,122;1,383;5,474
37,34;574,96;3,073;0,122;1,383;5,474
37,34;574,99;3,073;0,122;1,383;5,474
37,34;575,01;3,073;0,122;1,383;5,474
37,34;575,04;3,072;0,122;1,383;5,474
37,34;575,06;3,072;0,122;1,383;5,474
37,34;575,09;3,071;0,122;1,383;5,474
37,34;575,11;3,071;0,122;1,383;5,474
37,35;575,14;3,07;0,122;1,383;5,474
37,35;575,16;3,069;0,122;1,383;5,474
37,35;575,19;3,069;0,121;1,383;5,474
37,35;575,21;3,068;0,121;1,383;5,474
37,35;575,24;3,067;0,121;1,383;5,474
37,36;575,26;3,067;0,121;1,383;5,474
37,36;575,29;3,066;0,121;1,383;5,474
37,36;575,31;3,065;0,121;1,383;5,474
37,36;575,34;3,064;0,121;1,383;5,474
37,36;575,36;3,064;0,121;1,383;5,474
37,36;575,39;3,063;0,121;1,383;5,474
37,36;575,41;3,062;0,121;1,383;5,474
37,37;575,43;3,061;0,121;1,383;5,474
37,37;575,46;3,061;0,121;1,383;5,474
37,37;575,48;3,06;0,121;1,383;5,474
37,37;575,51;3,059;0,121;1,383;5,474
37,37;575,53;3,058;0,121;1,383;5,474
37,38;575,56;3,057;0,121;1,383;5,474
37,38;575,58;3,057;0,121;1,383;5,474
37,38;575,61;3,056;0,121;1,383;5,474
37,38;575,63;3,055;0,121;1,383;5,474
37,38;575,66;3,054;0,121;1,383;5,474
37,38;575,68;3,054;0,121;1,383;5,474
37,39;575,71;3,053;0,121;1,383;5,474
37,39;575,73;3,052;0,121;1,383;5,474
37,39;575,76;3,051;0,121;1,383;5,474
37,39;575,78;3,051;0,121;1,383;5,474
37,39;575,81;3,05;0,121;1,383;5,474
37,39;575,83;3,049;0,121;1,383;5,474
37,39;575,86;3,049;0,121;1,383;5,474
37,4;575,88;3,048;0,121;1,383;5,474
37,4;575,91;3,048;0,121;1,383;5,474
37,4;575,93;3,047;0,121;1,383;5,474
37,4;575,96;3,047;0,121;1,383;5,474
37,4;575,98;3,046;0,121;1,383;5,474
37,41;576,01;3,046;0,121;1,383;5,474
37,41;576,03;3,045;0,121;1,383;5,474
37,41;576,06;3,045;0,121;1,383;5,474
37,41;576,08;3,045;0,121;1,383;5,474
37,41;576,11;3,044;0,121;1,383;5,474
37,41;576,13;3,044;0,121;1,383;5,474
37,41;576,16;3,044;0,121;1,383;5,474
37,42;576,18;3,044;0,12;1,383;5,474
37,42;576,21;3,043;0,12;1,383;5,474
37,42;576,23;3,043;0,12;1,383;5,474
37,42;576,26;3,043;0,12;1,383;5,474
37,42;576,28;3,043;0,12;1,383;5,474
37,43;576,3;3,043;0,12;1,383;5,474
37,43;576,33;3,043;0,12;1,383;5,474
37,43;576,35;3,042;0,12;1,383;5,474
37,43;576,38;3,042;0,12;1,383;5,474
37,43;576,4;3,043;0,12;1,383;5,474
37,43;576,43;3,043;0,12;1,383;5,474
37,44;576,45;3,043;0,12;1,383;5,474
37,44;576,48;3,043;0,12;1,383;5,474
37,44;576,5;3,043;0,12;1,383;5,474
37,44;576,53;3,043;0,12;1,383;5,474
37,44;576,55;3,043;0,12;1,383;5,474
37,44;576,58;3,043;0,12;1,383;5,474
37,44;576,6;3,043;0,12;1,383;5,474
37,45;576,63;3,043;0,12;1,383;5,474
37,45;576,65;3,043;0,12;1,383;5,474
37,45;576,68;3,043;0,12;1,383;5,474
37,45;576,7;3,043;0,12;1,383;5,474
37,45;576,73;3,043;0,12;1,383;5,474
37,46;576,75;3,042;0,12;1,383;5,474
37,46;576,78;3,042;0,12;1,383;5,474
37,46;576,8;3,042;0,12;1,383;5,474
37,46;576,83;3,042;0,12;1,383;5,474
37,46;576,85;3,042;0,12;1,383;5,474
37,46;576,88;3,041;0,12;1,383;5,474
37,46;576,9;3,041;0,12;1,383;5,474
37,47;576,93;3,041;0,12;1,383;5,474
37,47;576,95;3,041;0,12;1,383;5,474
37,47;576,98;3,041;0,12;1,383;5,474
37,47;577;3,041;0,12;1,383;5,474
37,47;577,03;3,04;0,12;1,383;5,474
37,48;577,05;3,04;0,12;1,383;5,474
37,48;577,07;3,04;0,12;1,383;5,474
37,48;577,1;3,04;0,12;1,383;5,474
37,48;577,12;3,039;0,12;1,383;5,474
37,48;577,15;3,039;0,12;1,383;5,474
37,48;577,17;3,039;0,12;1,383;5,474
37,49;577,2;3,039;0,12;1,383;5,474
37,49;577,22;3,038;0,12;1,383;5,474
37,49;577,25;3,038;0,12;1,383;5,474
37,49;577,27;3,038;0,12;1,383;5,474
37,49;577,3;3,037;0,12;1,383;5,474
37,49;577,32;3,037;0,12;1,383;5,474
37,49;577,35;3,037;0,12;1,383;5,474
37,5;577,37;3,037;0,12;1,383;5,474
37,5;577,4;3,036;0,12;1,383;5,474
37,5;577,42;3,036;0,12;1,383;5,474
37,5;577,45;3,036;0,12;1,383;5,474
37,5;577,47;3,035;0,12;1,383;5,474
37,51;577,5;3,035;0,12;1,383;5,474
37,51;577,52;3,034;0,12;1,383;5,474
37,51;577,55;3,034;0,12;1,383;5,474
37,51;577,57;3,034;0,12;1,383;5,474
37,51;577,6;3,033;0,12;1,383;5,474
37,51;577,62;3,033;0,12;1,383;5,474
37,51;577,65;3,033;0,12;1,383;5,474
37,52;577,67;3,032;0,12;1,383;5,474
37,52;577,7;3,032;0,12;1,383;5,474
37,52;577,72;3,032;0,12;1,383;5,473
37,52;577,75;3,031;0,12;1,383;5,473
37,52;577,77;3,031;0,12;1,383;5,473
37,53;577,8;3,031;0,12;1,383;5,473
37,53;577,82;3,031;0,12;1,383;5,473
37,53;577,85;3,03;0,12;1,383;5,473
37,53;577,87;3,03;0,12;1,383;5,473
37,53;577,9;3,03;0,12;1,383;5,473
37,53;577,92;3,029;0,12;1,383;5,473
37,54;577,94;3,029;0,12;1,383;5,473
37,54;577,97;3,029;0,12;1,383;5,473
37,54;577,99;3,029;0,12;1,383;5,473
37,54;578,02;3,029;0,12;1,383;5,473
37,54;578,04;3,029;0,12;1,383;5,473
37,54;578,07;3,029;0,12;1,383;5,473
37,54;578,09;3,029;0,12;1,383;5,473
37,55;578,12;3,029;0,12;1,383;5,473
37,55;578,14;3,029;0,12;1,383;5,473
37,55;578,17;3,029;0,12;1,383;5,473
37,55;578,19;3,029;0,12;1,383;5,473
37,55;578,22;3,028;0,12;1,383;5,473
37,56;578,24;3,028;0,12;1,383;5,473
37,56;578,27;3,028;0,12;1,383;5,473
37,56;578,29;3,028;0,12;1,383;5,473
37,56;578,32;3,028;0,12;1,383;5,473
37,56;578,34;3,028;0,12;1,383;5,473
37,56;578,37;3,028;0,12;1,383;5,473
37,56;578,39;3,028;0,12;1,383;5,473
37,57;578,42;3,028;0,12;1,383;5,473
37,57;578,44;3,028;0,12;1,383;5,473
37,57;578,47;3,028;0,12;1,383;5,473
37,57;578,49;3,028;0,12;1,383;5,473
37,57;578,52;3,028;0,12;1,383;5,473
37,58;578,54;3,028;0,12;1,383;5,473
37,58;578,57;3,029;0,12;1,383;5,473
37,58;578,59;3,029;0,12;1,383;5,473
37,58;578,62;3,029;0,12;1,383;5,473
37,58;578,64;3,029;0,12;1,383;5,473
37,58;578,67;3,029;0,12;1,383;5,473
37,59;578,69;3,029;0,12;1,383;5,473
37,59;578,72;3,029;0,12;1,383;5,473
37,59;578,74;3,029;0,12;1,382;5,473
37,59;578,77;3,029;0,12;1,382;5,473
37,59;578,79;3,029;0,12;1,382;5,473
37,59;578,81;3,03;0,12;1,382;5,473
37,59;578,84;3,03;0,12;1,382;5,473
37,6;578,86;3,03;0,12;1,382;5,473
37,6;578,89;3,03;0,12;1,382;5,473
37,6;578,91;3,03;0,12;1,382;5,473
37,6;578,94;3,03;0,12;1,382;5,473
37,6;578,96;3,03;0,12;1,382;5,473
37,61;578,99;3,03;0,12;1,382;5,473
37,61;579,01;3,03;0,12;1,382;5,473
37,61;579,04;3,03;0,12;1,382;5,473
37,61;579,06;3,031;0,12;1,382;5,473
37,61;579,09;3,031;0,12;1,382;5,473
37,61;579,11;3,031;0,12;1,382;5,473
37,61;579,14;3,031;0,12;1,382;5,473
37,62;579,16;3,031;0,12;1,382;5,473
37,62;579,19;3,031;0,12;1,382;5,473
37,62;579,21;3,031;0,12;1,382;5,473
37,62;579,24;3,031;0,12;1,382;5,473
37,62;579,26;3,032;0,12;1,382;5,473
37,63;579,29;3,032;0,12;1,382;5,473
37,63;579,31;3,032;0,12;1,382;5,473
37,63;579,34;3,032;0,12;1,382;5,473
37,63;579,36;3,032;0,12;1,382;5,473
37,63;579,39;3,032;0,12;1,382;5,473
37,63;579,41;3,032;0,12;1,382;5,473
37,64;579,44;3,032;0,12;1,382;5,473
37,64;579,46;3,032;0,12;1,382;5,473
37,64;579,49;3,032;0,12;1,382;5,473
37,64;579,51;3,032;0,12;1,382;5,473
37,64;579,54;3,032;0,12;1,382;5,473
37,64;579,56;3,032;0,12;1,382;5,473
37,64;579,59;3,031;0,12;1,382;5,473
37,65;579,61;3,031;0,12;1,382;5,473
37,65;579,64;3,031;0,12;1,382;5,473
37,65;579,66;3,031;0,12;1,382;5,473
37,65;579,69;3,031;0,12;1,382;5,473
37,65;579,71;3,031;0,12;1,382;5,473
37,66;579,73;3,031;0,12;1,382;5,473
37,66;579,76;3,03;0,12;1,382;5,473
37,66;579,78;3,03;0,12;1,382;5,473
37,66;579,81;3,03;0,12;1,382;5,473
37,66;579,83;3,03;0,12;1,382;5,473
37,66;579,86;3,029;0,12;1,382;5,473
37,66;579,88;3,029;0,12;1,382;5,473
37,67;579,91;3,029;0,12;1,382;5,473
37,67;579,93;3,029;0,12;1,382;5,473
37,67;579,96;3,029;0,12;1,382;5,473
37,67;579,98;3,028;0,12;1,382;5,473
37,67;580,01;3,028;0,12;1,382;5,473
37,68;580,03;3,028;0,12;1,382;5,473
37,68;580,06;3,028;0,12;1,382;5,473
37,68;580,08;3,027;0,12;1,382;5,473
37,68;580,11;3,027;0,12;1,382;5,473
37,68;580,13;3,027;0,12;1,382;5,473
37,68;580,16;3,026;0,12;1,382;5,473
37,69;580,18;3,026;0,12;1,382;5,473
37,69;580,21;3,026;0,12;1,382;5,473
37,69;580,23;3,026;0,12;1,382;5,473
37,69;580,26;3,025;0,12;1,382;5,473
37,69;580,28;3,025;0,12;1,382;5,473
37,69;580,31;3,025;0,12;1,382;5,473
37,69;580,33;3,024;0,12;1,382;5,473
37,7;580,36;3,024;0,12;1,382;5,473
37,7;580,38;3,024;0,12;1,382;5,473
37,7;580,41;3,023;0,12;1,382;5,473
37,7;580,43;3,023;0,12;1,382;5,473
37,7;580,46;3,023;0,12;1,382;5,473
37,71;580,48;3,022;0,12;1,382;5,473
37,71;580,5;3,022;0,12;1,382;5,473
37,71;580,53;3,022;0,12;1,382;5,473
37,71;580,55;3,021;0,12;1,382;5,473
37,71;580,58;3,021;0,12;1,382;5,473
37,71;580,6;3,021;0,12;1,382;5,473
37,71;580,63;3,021;0,12;1,382;5,473
37,72;580,65;3,02;0,12;1,382;5,473
37,72;580,68;3,02;0,12;1,382;5,473
37,72;580,7;3,019;0,12;1,382;5,473
37,72;580,73;3,019;0,12;1,382;5,473
37,72;580,75;3,019;0,12;1,382;5,473
37,73;580,78;3,019;0,12;1,382;5,473
37,73;580,8;3,018;0,119;1,382;5,473
37,73;580,83;3,018;0,119;1,382;5,473
37,73;580,85;3,018;0,119;1,382;5,473
37,73;580,88;3,017;0,119;1,382;5,473
37,73;580,9;3,017;0,119;1,382;5,473
37,74;580,93;3,017;0,119;1,382;5,473
37,74;580,95;3,016;0,119;1,382;5,473
37,74;580,98;3,016;0,119;1,382;5,473
37,74;581;3,016;0,119;1,382;5,473
37,74;581,03;3,015;0,119;1,382;5,473
37,74;581,05;3,015;0,119;1,382;5,473
37,74;581,08;3,015;0,119;1,382;5,473
37,75;581,1;3,014;0,119;1,382;5,473
37,75;581,13;3,014;0,119;1,382;5,473
37,75;581,15;3,014;0,119;1,382;5,473
37,75;581,18;3,013;0,119;1,382;5,473
37,75;581,2;3,013;0,119;1,382;5,473
37,76;581,23;3,013;0,119;1,382;5,473
37,76;581,25;3,012;0,119;1,382;5,473
37,76;581,28;3,012;0,119;1,382;5,473
37,76;581,3;3,012;0,119;1,382;5,473
37,76;581,33;3,012;0,119;1,382;5,473
37,76;581,35;3,011;0,119;1,382;5,473
37,76;581,37;3,011;0,119;1,382;5,473
37,77;581,4;3,011;0,119;1,382;5,473
37,77;581,42;3,01;0,119;1,382;5,473
37,77;581,45;3,01;0,119;1,382;5,473
37,77;581,47;3,01;0,119;1,382;5,473
37,77;581,5;3,01;0,119;1,382;5,473
37,78;581,52;3,01;0,119;1,382;5,473
37,78;581,55;3,009;0,119;1,382;5,473
37,78;581,57;3,009;0,119;1,382;5,473
37,78;581,6;3,009;0,119;1,382;5,473
37,78;581,62;3,009;0,119;1,382;5,473
37,78;581,65;3,008;0,119;1,382;5,473
37,79;581,67;3,008;0,119;1,382;5,473
37,79;581,7;3,008;0,119;1,382;5,473
37,79;581,72;3,008;0,119;1,382;5,473
37,79;581,75;3,007;0,119;1,382;5,473
37,79;581,77;3,007;0,119;1,382;5,473
37,79;581,8;3,007;0,119;1,382;5,473
37,79;581,82;3,007;0,119;1,382;5,473
37,8;581,85;3,007;0,119;1,382;5,473
37,8;581,87;3,006;0,119;1,382;5,473
37,8;581,9;3,006;0,119;1,382;5,473
37,8;581,92;3,006;0,119;1,382;5,473
37,8;581,95;3,007;0,119;1,382;5,473
37,81;581,97;3,007;0,119;1,382;5,473
37,81;582;3,007;0,119;1,382;5,473
37,81;582,02;3,007;0,119;1,382;5,473
37,81;582,05;3,007;0,119;1,382;5,473
37,81;582,07;3,007;0,119;1,382;5,473
37,81;582,1;3,007;0,119;1,382;5,473
37,81;582,12;3,007;0,119;1,382;5,473
37,82;582,15;3,007;0,119;1,382;5,473
37,82;582,17;3,007;0,119;1,382;5,473
37,82;582,2;3,008;0,119;1,382;5,473
37,82;582,22;3,008;0,119;1,382;5,473
37,82;582,25;3,008;0,119;1,382;5,473
37,83;582,27;3,008;0,119;1,382;5,473
37,83;582,3;3,008;0,119;1,382;5,473
37,83;582,32;3,009;0,119;1,382;5,473
37,83;582,35;3,009;0,119;1,382;5,473
37,83;582,37;3,009;0,119;1,382;5,473
37,83;582,4;3,009;0,119;1,382;5,473
37,84;582,42;3,009;0,119;1,382;5,473
37,84;582,45;3,009;0,119;1,382;5,473
37,84;582,47;3,01;0,119;1,382;5,473
37,84;582,49;3,01;0,119;1,382;5,473
37,84;582,52;3,01;0,119;1,382;5,473
37,84;582,54;3,01;0,119;1,382;5,473
37,84;582,57;3,01;0,119;1,382;5,473
37,85;582,59;3,01;0,119;1,382;5,473
37,85;582,62;3,011;0,119;1,382;5,473
37,85;582,64;3,011;0,119;1,382;5,473
37,85;582,67;3,011;0,119;1,382;5,473
37,85;582,69;3,011;0,119;1,382;5,473
37,86;582,72;3,012;0,119;1,382;5,473
37,86;582,74;3,012;0,119;1,382;5,473
37,86;582,77;3,012;0,119;1,382;5,473
37,86;582,79;3,012;0,119;1,382;5,473
37,86;582,82;3,013;0,119;1,382;5,473
37,86;582,84;3,013;0,119;1,382;5,473
37,86;582,87;3,013;0,119;1,382;5,473
37,87;582,89;3,014;0,119;1,382;5,473
37,87;582,92;3,014;0,119;1,382;5,473
37,87;582,94;3,014;0,119;1,382;5,473
37,87;582,97;3,015;0,119;1,382;5,473
37,87;582,99;3,015;0,119;1,382;5,473
37,88;583,02;3,015;0,119;1,382;5,473
37,88;583,04;3,015;0,119;1,382;5,473
37,88;583,07;3,016;0,119;1,382;5,473
37,88;583,09;3,016;0,119;1,382;5,473
37,88;583,12;3,016;0,119;1,382;5,473
37,88;583,14;3,017;0,119;1,382;5,473
37,89;583,17;3,017;0,119;1,382;5,473
37,89;583,19;3,017;0,119;1,382;5,473
37,89;583,22;3,017;0,119;1,382;5,473
37,89;583,24;3,017;0,119;1,382;5,473
37,89;583,27;3,017;0,119;1,382;5,473
37,89;583,29;3,018;0,119;1,382;5,473
37,89;583,32;3,018;0,119;1,382;5,473
37,9;583,34;3,018;0,119;1,382;5,473
37,9;583,37;3,018;0,119;1,382;5,473
37,9;583,39;3,018;0,119;1,382;5,473
37,9;583,42;3,018;0,119;1,382;5,473
37,9;583,44;3,018;0,12;1,382;5,473
37,91;583,46;3,019;0,12;1,382;5,473
37,91;583,49;3,019;0,12;1,382;5,473
37,91;583,51;3,019;0,12;1,382;5,473
37,91;583,54;3,019;0,12;1,382;5,473
37,91;583,56;3,019;0,12;1,382;5,473
37,91;583,59;3,019;0,12;1,382;5,473
37,91;583,61;3,019;0,12;1,382;5,473
37,92;583,64;3,02;0,12;1,382;5,473
37,92;583,66;3,02;0,12;1,382;5,473
37,92;583,69;3,02;0,12;1,382;5,473
37,92;583,71;3,02;0,12;1,382;5,473
37,92;583,74;3,02;0,12;1,382;5,473
37,93;583,76;3,02;0,12;1,382;5,473
37,93;583,79;3,02;0,12;1,382;5,473
37,93;583,81;3,021;0,12;1,382;5,473
37,93;583,84;3,021;0,12;1,382;5,473
37,93;583,86;3,021;0,12;1,382;5,473
37,93;583,89;3,021;0,12;1,382;5,473
37,94;583,91;3,021;0,12;1,382;5,473
37,94;583,94;3,021;0,12;1,382;5,472
37,94;583,96;3,021;0,12;1,382;5,472
37,94;583,99;3,021;0,12;1,382;5,472
37,94;584,01;3,021;0,12;1,382;5,472
37,94;584,04;3,021;0,12;1,382;5,472
37,94;584,06;3,021;0,12;1,382;5,472
37,95;584,09;3,02;0,12;1,382;5,472
37,95;584,11;3,02;0,12;1,382;5,472
37,95;584,14;3,02;0,12;1,382;5,472
37,95;584,16;3,02;0,12;1,382;5,472
37,95;584,19;3,02;0,12;1,382;5,472
37,96;584,21;3,02;0,12;1,382;5,472
37,96;584,24;3,02;0,12;1,382;5,472
37,96;584,26;3,02;0,12;1,382;5,472
37,96;584,29;3,02;0,12;1,382;5,472
37,96;584,31;3,02;0,12;1,382;5,472
37,96;584,34;3,02;0,12;1,382;5,472
37,96;584,36;3,02;0,12;1,382;5,472
37,97;584,39;3,02;0,12;1,382;5,472
37,97;584,41;3,02;0,12;1,382;5,472
37,97;584,43;3,02;0,12;1,382;5,472
37,97;584,46;3,019;0,12;1,382;5,472
37,97;584,48;3,019;0,12;1,382;5,472
37,98;584,51;3,019;0,12;1,382;5,472
37,98;584,53;3,019;0,12;1,382;5,472
37,98;584,56;3,019;0,12;1,382;5,472
37,98;584,58;3,019;0,12;1,382;5,472
37,98;584,61;3,018;0,12;1,382;5,472
37,98;584,63;3,018;0,119;1,382;5,472
37,99;584,66;3,018;0,119;1,382;5,472
37,99;584,68;3,018;0,119;1,382;5,472
37,99;584,71;3,018;0,119;1,382;5,472
37,99;584,73;3,018;0,119;1,382;5,472
37,99;584,76;3,017;0,119;1,382;5,472
37,99;584,78;3,017;0,119;1,382;5,472
37,99;584,81;3,017;0,119;1,382;5,472
38;584,83;3,017;0,119;1,382;5,472
38;584,86;3,017;0,119;1,382;5,472
38;584,88;3,017;0,119;1,382;5,472
38;584,91;3,016;0,119;1,382;5,472
38;584,93;3,016;0,119;1,382;5,472
38,01;584,96;3,016;0,119;1,382;5,472
38,01;584,98;3,016;0,119;1,382;5,472
38,01;585,01;3,016;0,119;1,382;5,472
38,01;585,03;3,016;0,119;1,382;5,472
38,01;585,06;3,015;0,119;1,382;5,472
38,01;585,08;3,015;0,119;1,382;5,472
38,01;585,11;3,015;0,119;1,382;5,472
38,02;585,13;3,015;0,119;1,382;5,472
38,02;585,16;3,015;0,119;1,382;5,472
38,02;585,18;3,015;0,119;1,382;5,472
38,02;585,21;3,015;0,119;1,382;5,472
38,02;585,23;3,015;0,119;1,382;5,472
38,03;585,26;3,014;0,119;1,382;5,472
38,03;585,28;3,014;0,119;1,382;5,472
38,03;585,31;3,014;0,119;1,382;5,472
38,03;585,33;3,014;0,119;1,382;5,472
38,03;585,36;3,014;0,119;1,382;5,472
38,03;585,38;3,014;0,119;1,382;5,472
38,04;585,4;3,014;0,119;1,382;5,472
38,04;585,43;3,013;0,119;1,382;5,472
38,04;585,45;3,013;0,119;1,382;5,472
38,04;585,48;3,013;0,119;1,382;5,472
38,04;585,5;3,013;0,119;1,382;5,472
38,04;585,53;3,013;0,119;1,382;5,472
38,04;585,55;3,012;0,119;1,382;5,472
38,05;585,58;3,012;0,119;1,382;5,472
38,05;585,6;3,012;0,119;1,382;5,472
38,05;585,63;3,012;0,119;1,382;5,472
38,05;585,65;3,012;0,119;1,382;5,472
38,05;585,68;3,012;0,119;1,382;5,472
38,06;585,7;3,011;0,119;1,382;5,472
38,06;585,73;3,011;0,119;1,382;5,472
38,06;585,75;3,011;0,119;1,382;5,472
38,06;585,78;3,011;0,119;1,382;5,472
38,06;585,8;3,011;0,119;1,382;5,472
38,06;585,83;3,011;0,119;1,382;5,472
38,06;585,85;3,011;0,119;1,382;5,472
38,07;585,88;3,011;0,119;1,382;5,472
38,07;585,9;3,01;0,119;1,382;5,472
38,07;585,93;3,01;0,119;1,382;5,472
38,07;585,95;3,01;0,119;1,382;5,472
38,07;585,98;3,01;0,119;1,382;5,472
38,08;586;3,01;0,119;1,382;5,472
38,08;586,03;3,01;0,119;1,382;5,472
38,08;586,05;3,01;0,119;1,382;5,472
38,08;586,08;3,01;0,119;1,382;5,472
38,08;586,1;3,01;0,119;1,382;5,472
38,08;586,13;3,01;0,119;1,382;5,472
38,09;586,15;3,01;0,119;1,382;5,472
38,09;586,17;3,01;0,119;1,382;5,472
38,09;586,2;3,01;0,119;1,382;5,472
38,09;586,22;3,01;0,119;1,382;5,472
38,09;586,25;3,01;0,119;1,382;5,472
38,09;586,27;3,01;0,119;1,382;5,472
38,09;586,3;3,01;0,119;1,382;5,472
38,1;586,32;3,01;0,119;1,382;5,472
38,1;586,35;3,01;0,119;1,382;5,472
38,1;586,37;3,01;0,119;1,382;5,472
38,1;586,4;3,01;0,119;1,382;5,472
38,1;586,42;3,01;0,119;1,382;5,472
38,11;586,45;3,01;0,119;1,382;5,472
38,11;586,47;3,01;0,119;1,382;5,472
38,11;586,5;3,01;0,119;1,382;5,472
38,11;586,52;3,01;0,119;1,382;5,472
38,11;586,55;3,01;0,119;1,382;5,472
38,11;586,57;3,009;0,119;1,382;5,472
38,11;586,6;3,009;0,119;1,382;5,472
38,12;586,62;3,009;0,119;1,382;5,472
38,12;586,65;3,009;0,119;1,382;5,472
38,12;586,67;3,009;0,119;1,382;5,472
38,12;586,7;3,009;0,119;1,382;5,472
38,12;586,72;3,009;0,119;1,382;5,472
38,13;586,75;3,009;0,119;1,382;5,472
38,13;586,77;3,009;0,119;1,382;5,472
38,13;586,8;3,009;0,119;1,382;5,472
38,13;586,82;3,009;0,119;1,382;5,472
38,13;586,85;3,009;0,119;1,382;5,472
38,13;586,87;3,009;0,119;1,382;5,472
38,14;586,9;3,009;0,119;1,382;5,472
38,14;586,92;3,009;0,119;1,382;5,472
38,14;586,94;3,009;0,119;1,382;5,472
38,14;586,97;3,009;0,119;1,382;5,472
38,14;586,99;3,009;0,119;1,382;5,472
38,14;587,02;3,009;0,119;1,382;5,472
38,14;587,04;3,009;0,119;1,382;5,472
38,15;587,07;3,009;0,119;1,382;5,472
38,15;587,09;3,009;0,119;1,382;5,472
38,15;587,12;3,009;0,119;1,382;5,472
38,15;587,14;3,009;0,119;1,382;5,472
38,15;587,17;3,009;0,119;1,382;5,472
38,16;587,19;3,009;0,119;1,382;5,472
38,16;587,22;3,009;0,119;1,382;5,472
38,16;587,24;3,009;0,119;1,382;5,472
38,16;587,27;3,009;0,119;1,382;5,472
38,16;587,29;3,008;0,119;1,382;5,472
38,16;587,32;3,008;0,119;1,382;5,472
38,16;587,34;3,008;0,119;1,382;5,472
38,17;587,37;3,008;0,119;1,382;5,472
38,17;587,39;3,008;0,119;1,382;5,472
38,17;587,42;3,008;0,119;1,382;5,472
38,17;587,44;3,008;0,119;1,382;5,472
38,17;587,47;3,007;0,119;1,382;5,472
38,18;587,49;3,007;0,119;1,382;5,472
38,18;587,52;3,007;0,119;1,382;5,472
38,18;587,54;3,007;0,119;1,382;5,472
38,18;587,57;3,007;0,119;1,382;5,472
38,18;587,59;3,007;0,119;1,382;5,472
38,18;587,61;3,006;0,119;1,382;5,472
38,19;587,64;3,006;0,119;1,382;5,472
38,19;587,66;3,006;0,119;1,382;5,472
38,19;587,69;3,006;0,119;1,382;5,472
38,19;587,71;3,006;0,119;1,382;5,472
38,19;587,74;3,005;0,119;1,382;5,472
38,19;587,76;3,005;0,119;1,382;5,472
38,19;587,79;3,005;0,119;1,382;5,472
38,2;587,81;3,005;0,119;1,382;5,472
38,2;587,84;3,005;0,119;1,382;5,472
38,2;587,86;3,005;0,119;1,382;5,472
38,2;587,89;3,005;0,119;1,382;5,472
38,2;587,91;3,004;0,119;1,382;5,472
38,21;587,94;3,004;0,119;1,382;5,472
38,21;587,96;3,004;0,119;1,382;5,472
38,21;587,99;3,004;0,119;1,382;5,472
38,21;588,01;3,004;0,119;1,382;5,472
38,21;588,04;3,004;0,119;1,382;5,472
38,21;588,06;3,004;0,119;1,382;5,472
38,21;588,09;3,004;0,119;1,382;5,472
38,22;588,11;3,004;0,119;1,382;5,472
38,22;588,14;3,004;0,119;1,382;5,472
38,22;588,16;3,004;0,119;1,382;5,472
38,22;588,19;3,004;0,119;1,382;5,472
38,22;588,21;3,004;0,119;1,382;5,472
38,23;588,24;3,004;0,119;1,382;5,472
38,23;588,26;3,004;0,119;1,382;5,472
38,23;588,29;3,004;0,119;1,382;5,472
38,23;588,31;3,004;0,119;1,382;5,472
38,23;588,34;3,004;0,119;1,382;5,472
38,23;588,36;3,004;0,119;1,382;5,472
38,24;588,39;3,004;0,119;1,382;5,472
38,24;588,41;3,004;0,119;1,382;5,472
38,24;588,44;3,004;0,119;1,382;5,472
38,24;588,46;3,004;0,119;1,382;5,472
38,24;588,49;3,004;0,119;1,382;5,472
38,24;588,51;3,005;0,119;1,382;5,472
38,24;588,54;3,005;0,119;1,382;5,472
38,25;588,56;3,005;0,119;1,382;5,472
38,25;588,59;3,005;0,119;1,382;5,472
38,25;588,61;3,005;0,119;1,382;5,472
38,25;588,64;3,005;0,119;1,382;5,472
38,25;588,66;3,005;0,119;1,382;5,472
38,26;588,69;3,006;0,119;1,382;5,472
38,26;588,71;3,006;0,119;1,382;5,472
38,26;588,74;3,006;0,119;1,382;5,472
38,26;588,76;3,006;0,119;1,382;5,472
38,26;588,79;3,006;0,119;1,382;5,472
38,26;588,81;3,007;0,119;1,382;5,472
38,26;588,83;3,007;0,119;1,382;5,472
38,27;588,86;3,007;0,119;1,382;5,472
38,27;588,88;3,007;0,119;1,382;5,472
38,27;588,91;3,007;0,119;1,382;5,472
38,27;588,93;3,007;0,119;1,382;5,472
38,27;588,96;3,008;0,119;1,382;5,472
38,28;588,98;3,008;0,119;1,382;5,472
38,28;589,01;3,008;0,119;1,382;5,472
38,28;589,03;3,008;0,119;1,382;5,472
38,28;589,06;3,008;0,119;1,382;5,472
38,28;589,08;3,008;0,119;1,382;5,472
38,28;589,11;3,008;0,119;1,382;5,472
38,29;589,13;3,008;0,119;1,382;5,472
38,29;589,16;3,008;0,119;1,382;5,472
38,29;589,18;3,008;0,119;1,382;5,472
38,29;589,21;3,008;0,119;1,382;5,472
38,29;589,23;3,008;0,119;1,382;5,472
38,29;589,26;3,008;0,119;1,382;5,472
38,29;589,28;3,008;0,119;1,382;5,472
38,3;589,31;3,008;0,119;1,382;5,471
38,3;589,33;3,008;0,119;1,382;5,471
38,3;589,36;3,008;0,119;1,382;5,471
38,3;589,38;3,007;0,119;1,382;5,471
38,3;589,41;3,007;0,119;1,382;5,471
38,31;589,43;3,007;0,119;1,382;5,471
38,31;589,46;3,007;0,119;1,382;5,471
38,31;589,48;3,006;0,119;1,382;5,471
38,31;589,51;3,006;0,119;1,382;5,471
38,31;589,53;3,006;0,119;1,382;5,471
38,31;589,56;3,005;0,119;1,382;5,471
38,31;589,58;3,005;0,119;1,382;5,471
38,32;589,61;3,005;0,119;1,382;5,471
38,32;589,63;3,004;0,119;1,382;5,471
38,32;589,65;3,004;0,119;1,382;5,471
38,32;589,68;3,004;0,119;1,382;5,471
38,32;589,7;3,003;0,119;1,382;5,471
38,33;589,73;3,003;0,119;1,382;5,471
38,33;589,75;3,003;0,119;1,382;5,471
38,33;589,78;3,002;0,119;1,382;5,471
38,33;589,8;3,002;0,119;1,382;5,471
38,33;589,83;3,001;0,119;1,382;5,471
38,33;589,85;3,001;0,119;1,382;5,471
38,34;589,88;3;0,119;1,382;5,471
38,34;589,9;3;0,119;1,382;5,471
38,34;589,93;3;0,119;1,382;5,471
38,34;589,95;2,999;0,119;1,382;5,471
38,34;589,98;2,999;0,119;1,382;5,471
38,34;590;2,998;0,119;1,382;5,471
38,34;590,03;2,998;0,119;1,382;5,471
38,35;590,05;2,997;0,119;1,382;5,471
38,35;590,08;2,997;0,119;1,382;5,471
38,35;590,1;2,997;0,119;1,382;5,471
38,35;590,13;2,996;0,119;1,382;5,471
38,35;590,15;2,996;0,119;1,382;5,471
38,36;590,18;2,995;0,119;1,382;5,471
38,36;590,2;2,995;0,119;1,382;5,471
38,36;590,23;2,995;0,119;1,382;5,471
38,36;590,25;2,994;0,119;1,382;5,471
38,36;590,28;2,994;0,119;1,382;5,471
38,36;590,3;2,994;0,119;1,382;5,471
38,36;590,33;2,993;0,119;1,382;5,471
38,37;590,35;2,993;0,118;1,382;5,471
38,37;590,38;2,993;0,118;1,382;5,471
38,37;590,4;2,993;0,118;1,382;5,471
38,37;590,43;2,992;0,118;1,382;5,471
38,37;590,45;2,992;0,118;1,382;5,471
38,38;590,47;2,992;0,118;1,382;5,471
38,38;590,5;2,992;0,118;1,382;5,471
38,38;590,52;2,991;0,118;1,382;5,471
38,38;590,55;2,991;0,118;1,382;5,471
38,38;590,57;2,991;0,118;1,382;5,471
38,38;590,6;2,991;0,118;1,382;5,471
38,39;590,62;2,991;0,118;1,382;5,471
38,39;590,65;2,99;0,118;1,382;5,471
38,39;590,67;2,99;0,118;1,382;5,471
38,39;590,7;2,99;0,118;1,382;5,471
38,39;590,72;2,99;0,118;1,382;5,471
38,39;590,75;2,99;0,118;1,382;5,471
38,39;590,77;2,99;0,118;1,382;5,471
38,4;590,8;2,99;0,118;1,382;5,471
38,4;590,82;2,99;0,118;1,382;5,471
38,4;590,85;2,99;0,118;1,382;5,471
38,4;590,87;2,99;0,118;1,382;5,471
38,4;590,9;2,99;0,118;1,382;5,471
38,41;590,92;2,989;0,118;1,382;5,471
38,41;590,95;2,989;0,118;1,382;5,471
38,41;590,97;2,989;0,118;1,382;5,471
38,41;591;2,989;0,118;1,382;5,471
38,41;591,02;2,989;0,118;1,382;5,471
38,41;591,05;2,989;0,118;1,382;5,471
38,41;591,07;2,989;0,118;1,382;5,471
38,42;591,1;2,989;0,118;1,382;5,471
38,42;591,12;2,989;0,118;1,382;5,471
38,42;591,15;2,988;0,118;1,382;5,471
38,42;591,17;2,988;0,118;1,382;5,471
38,42;591,2;2,988;0,118;1,382;5,471
38,43;591,22;2,988;0,118;1,382;5,471
38,43;591,25;2,988;0,118;1,382;5,471
38,43;591,27;2,988;0,118;1,382;5,471
38,43;591,3;2,988;0,118;1,382;5,471
38,43;591,32;2,988;0,118;1,382;5,471
38,43;591,34;2,988;0,118;1,382;5,471
38,44;591,37;2,988;0,118;1,382;5,471
38,44;591,39;2,988;0,118;1,382;5,471
38,44;591,42;2,988;0,118;1,382;5,471
38,44;591,44;2,988;0,118;1,382;5,471
38,44;591,47;2,988;0,118;1,382;5,471
38,44;591,49;2,988;0,118;1,382;5,471
38,44;591,52;2,988;0,118;1,382;5,471
38,45;591,54;2,988;0,118;1,382;5,471
38,45;591,57;2,988;0,118;1,382;5,471
38,45;591,59;2,987;0,118;1,382;5,471
38,45;591,62;2,987;0,118;1,382;5,471
38,45;591,64;2,987;0,118;1,382;5,471
38,46;591,67;2,987;0,118;1,382;5,471
38,46;591,69;2,987;0,118;1,382;5,471
38,46;591,72;2,987;0,118;1,382;5,471
38,46;591,74;2,987;0,118;1,382;5,471
38,46;591,77;2,987;0,118;1,382;5,471
38,46;591,79;2,987;0,118;1,382;5,471
38,46;591,82;2,987;0,118;1,382;5,471
38,47;591,84;2,987;0,118;1,382;5,471
38,47;591,87;2,987;0,118;1,382;5,471
38,47;591,89;2,987;0,118;1,382;5,471
38,47;591,92;2,987;0,118;1,382;5,471
38,47;591,94;2,987;0,118;1,382;5,471
38,48;591,97;2,987;0,118;1,382;5,471
38,48;591,99;2,987;0,118;1,382;5,471
38,48;592,02;2,987;0,118;1,382;5,471
38,48;592,04;2,987;0,118;1,382;5,471
38,48;592,07;2,987;0,118;1,382;5,471
38,48;592,09;2,987;0,118;1,382;5,471
38,49;592,12;2,987;0,118;1,382;5,471
38,49;592,14;2,987;0,118;1,382;5,471
38,49;592,17;2,987;0,118;1,382;5,471
38,49;592,19;2,987;0,118;1,382;5,471
38,49;592,22;2,987;0,118;1,382;5,471
38,49;592,24;2,988;0,118;1,382;5,471
38,49;592,27;2,988;0,118;1,382;5,471
38,5;592,29;2,988;0,118;1,382;5,471
38,5;592,32;2,988;0,118;1,382;5,471
38,5;592,34;2,988;0,118;1,382;5,471
38,5;592,36;2,988;0,118;1,382;5,471
38,5;592,39;2,988;0,118;1,382;5,471
38,51;592,41;2,988;0,118;1,382;5,471
38,51;592,44;2,988;0,118;1,382;5,471
38,51;592,46;2,988;0,118;1,382;5,471
38,51;592,49;2,989;0,118;1,382;5,471
38,51;592,51;2,989;0,118;1,382;5,471
38,51;592,54;2,989;0,118;1,382;5,471
38,51;592,56;2,989;0,118;1,382;5,471
38,52;592,59;2,989;0,118;1,382;5,471
38,52;592,61;2,989;0,118;1,382;5,471
38,52;592,64;2,989;0,118;1,382;5,471
38,52;592,66;2,989;0,118;1,382;5,471
38,52;592,69;2,989;0,118;1,382;5,471
38,53;592,71;2,989;0,118;1,382;5,471
38,53;592,74;2,989;0,118;1,382;5,471
38,53;592,76;2,989;0,118;1,382;5,471
38,53;592,79;2,99;0,118;1,382;5,471
38,53;592,81;2,99;0,118;1,382;5,471
38,53;592,84;2,99;0,118;1,382;5,471
38,54;592,86;2,99;0,118;1,382;5,471
38,54;592,89;2,989;0,118;1,382;5,471
38,54;592,91;2,989;0,118;1,382;5,471
38,54;592,94;2,989;0,118;1,382;5,471
38,54;592,96;2,989;0,118;1,382;5,471
38,54;592,99;2,989;0,118;1,382;5,471
38,54;593,01;2,989;0,118;1,382;5,471
38,55;593,04;2,989;0,118;1,382;5,471
38,55;593,06;2,989;0,118;1,382;5,471
38,55;593,09;2,989;0,118;1,382;5,471
38,55;593,11;2,989;0,118;1,382;5,471
38,55;593,14;2,989;0,118;1,382;5,471
38,56;593,16;2,989;0,118;1,382;5,471
38,56;593,19;2,989;0,118;1,382;5,471
38,56;593,21;2,989;0,118;1,382;5,471
38,56;593,24;2,989;0,118;1,382;5,471
38,56;593,26;2,989;0,118;1,382;5,471
38,56;593,28;2,989;0,118;1,382;5,471
38,56;593,31;2,989;0,118;1,382;5,471
38,57;593,33;2,988;0,118;1,382;5,471
38,57;593,36;2,988;0,118;1,382;5,471
38,57;593,38;2,988;0,118;1,382;5,471
38,57;593,41;2,988;0,118;1,382;5,471
38,57;593,43;2,988;0,118;1,382;5,471
38,58;593,46;2,988;0,118;1,382;5,471
38,58;593,48;2,988;0,118;1,382;5,471
38,58;593,51;2,988;0,118;1,382;5,471
38,58;593,53;2,988;0,118;1,382;5,471
38,58;593,56;2,988;0,118;1,382;5,471
38,58;593,58;2,988;0,118;1,382;5,471
38,59;593,61;2,988;0,118;1,382;5,471
38,59;593,63;2,988;0,118;1,382;5,471
38,59;593,66;2,988;0,118;1,382;5,471
38,59;593,68;2,988;0,118;1,382;5,471
38,59;593,71;2,988;0,118;1,382;5,471
38,59;593,73;2,988;0,118;1,382;5,471
38,59;593,76;2,988;0,118;1,382;5,471
38,6;593,78;2,988;0,118;1,382;5,471
38,6;593,81;2,988;0,118;1,382;5,471
38,6;593,83;2,988;0,118;1,382;5,471
38,6;593,86;2,988;0,118;1,382;5,471
38,6;593,88;2,988;0,118;1,382;5,471
38,61;593,91;2,988;0,118;1,382;5,471
38,61;593,93;2,988;0,118;1,382;5,471
38,61;593,96;2,988;0,118;1,382;5,471
38,61;593,98;2,988;0,118;1,382;5,471
38,61;594,01;2,988;0,118;1,382;5,471
38,61;594,03;2,988;0,118;1,382;5,471
38,61;594,06;2,988;0,118;1,382;5,471
38,62;594,08;2,988;0,118;1,382;5,471
38,62;594,11;2,989;0,118;1,382;5,471
38,62;594,13;2,989;0,118;1,382;5,471
38,62;594,16;2,989;0,118;1,382;5,471
38,62;594,18;2,989;0,118;1,382;5,471
38,63;594,21;2,989;0,118;1,382;5,471
38,63;594,23;2,99;0,118;1,382;5,471
38,63;594,26;2,99;0,118;1,382;5,471
38,63;594,28;2,99;0,118;1,382;5,471
38,63;594,3;2,99;0,118;1,382;5,471
38,63;594,33;2,99;0,118;1,382;5,471
38,64;594,35;2,99;0,118;1,382;5,471
38,64;594,38;2,99;0,118;1,382;5,471
38,64;594,4;2,99;0,118;1,382;5,471
38,64;594,43;2,99;0,118;1,382;5,471
38,64;594,45;2,99;0,118;1,382;5,471
38,64;594,48;2,99;0,118;1,382;5,471
38,64;594,5;2,99;0,118;1,382;5,471
38,65;594,53;2,99;0,118;1,382;5,471
38,65;594,55;2,99;0,118;1,382;5,471
38,65;594,58;2,99;0,118;1,382;5,471
38,65;594,6;2,99;0,118;1,382;5,471
38,65;594,63;2,99;0,118;1,382;5,471
38,66;594,65;2,99;0,118;1,382;5,471
38,66;594,68;2,99;0,118;1,382;5,471
38,66;594,7;2,99;0,118;1,382;5,471
38,66;594,73;2,99;0,118;1,382;5,471
38,66;594,75;2,99;0,118;1,382;5,471
38,66;594,78;2,99;0,118;1,382;5,471
38,66;594,8;2,99;0,118;1,382;5,471
38,67;594,83;2,99;0,118;1,382;5,471
38,67;594,85;2,99;0,118;1,382;5,471
38,67;594,88;2,99;0,118;1,382;5,471
38,67;594,9;2,99;0,118;1,382;5,471
38,67;594,93;2,99;0,118;1,382;5,471
38,68;594,95;2,99;0,118;1,382;5,471
38,68;594,98;2,99;0,118;1,382;5,471
38,68;595;2,99;0,118;1,382;5,471
38,68;595,03;2,99;0,118;1,382;5,471
38,68;595,05;2,99;0,118;1,382;5,471
38,68;595,08;2,99;0,118;1,382;5,471
38,69;595,1;2,989;0,118;1,382;5,471
38,69;595,13;2,989;0,118;1,382;5,471
38,69;595,15;2,989;0,118;1,382;5,471
38,69;595,18;2,989;0,118;1,382;5,471
38,69;595,2;2,989;0,118;1,382;5,471
38,69;595,22;2,989;0,118;1,382;5,471
38,69;595,25;2,989;0,118;1,382;5,471
38,7;595,27;2,989;0,118;1,382;5,471
38,7;595,3;2,989;0,118;1,382;5,471
38,7;595,32;2,989;0,118;1,382;5,471
38,7;595,35;2,989;0,118;1,382;5,471
38,7;595,37;2,989;0,118;1,382;5,471
38,71;595,4;2,989;0,118;1,382;5,471
38,71;595,42;2,989;0,118;1,382;5,471
38,71;595,45;2,989;0,118;1,382;5,471
38,71;595,47;2,989;0,118;1,382;5,471
38,71;595,5;2,989;0,118;1,382;5,471
38,71;595,52;2,989;0,118;1,382;5,471
38,71;595,55;2,989;0,118;1,382;5,471
38,72;595,57;2,989;0,118;1,382;5,471
38,72;595,6;2,989;0,118;1,382;5,471
38,72;595,62;2,988;0,118;1,382;5,471
38,72;595,65;2,988;0,118;1,382;5,471
38,72;595,67;2,988;0,118;1,382;5,471
38,73;595,7;2,988;0,118;1,382;5,471
38,73;595,72;2,988;0,118;1,382;5,471
38,73;595,75;2,988;0,118;1,382;5,471
38,73;595,77;2,988;0,118;1,382;5,471
38,73;595,8;2,988;0,118;1,382;5,471
38,73;595,82;2,988;0,118;1,382;5,471
38,74;595,85;2,988;0,118;1,382;5,471
38,74;595,87;2,988;0,118;1,382;5,47
38,74;595,9;2,987;0,118;1,382;5,47
38,74;595,92;2,987;0,118;1,382;5,47
38,74;595,95;2,987;0,118;1,382;5,47
38,74;595,97;2,987;0,118;1,382;5,47
38,74;596;2,987;0,118;1,382;5,47
38,75;596,02;2,987;0,118;1,382;5,47
38,75;596,05;2,987;0,118;1,382;5,47
38,75;596,07;2,987;0,118;1,382;5,47
38,75;596,1;2,987;0,118;1,382;5,47
38,75;596,12;2,987;0,118;1,382;5,47
38,76;596,15;2,987;0,118;1,382;5,47
38,76;596,17;2,987;0,118;1,382;5,47
38,76;596,2;2,987;0,118;1,382;5,47
38,76;596,22;2,986;0,118;1,382;5,47
38,76;596,25;2,986;0,118;1,382;5,47
38,76;596,27;2,986;0,118;1,382;5,47
38,76;596,3;2,987;0,118;1,382;5,47
38,77;596,32;2,987;0,118;1,382;5,47
38,77;596,34;2,987;0,118;1,382;5,47
38,77;596,37;2,987;0,118;1,382;5,47
38,77;596,39;2,987;0,118;1,382;5,47
38,77;596,42;2,987;0,118;1,382;5,47
38,78;596,44;2,987;0,118;1,382;5,47
38,78;596,47;2,987;0,118;1,382;5,47
38,78;596,49;2,987;0,118;1,382;5,47
38,78;596,52;2,987;0,118;1,382;5,47
38,78;596,54;2,987;0,118;1,382;5,47
38,78;596,57;2,987;0,118;1,382;5,47
38,79;596,59;2,987;0,118;1,382;5,47
38,79;596,62;2,987;0,118;1,382;5,47
38,79;596,64;2,987;0,118;1,382;5,47
38,79;596,67;2,987;0,118;1,382;5,47
38,79;596,69;2,987;0,118;1,382;5,47
38,79;596,72;2,987;0,118;1,382;5,47
38,79;596,74;2,987;0,118;1,382;5,47
38,8;596,77;2,987;0,118;1,382;5,47
38,8;596,79;2,987;0,118;1,382;5,47
38,8;596,82;2,987;0,118;1,382;5,47
38,8;596,84;2,987;0,118;1,382;5,47
38,8;596,87;2,987;0,118;1,382;5,47
38,81;596,89;2,987;0,118;1,382;5,47
38,81;596,92;2,987;0,118;1,382;5,47
38,81;596,94;2,987;0,118;1,382;5,47
38,81;596,97;2,987;0,118;1,382;5,47
38,81;596,99;2,987;0,118;1,382;5,47
38,81;597,02;2,987;0,118;1,382;5,47
38,81;597,04;2,987;0,118;1,382;5,47
38,82;597,07;2,988;0,118;1,382;5,47
38,82;597,09;2,988;0,118;1,382;5,47
38,82;597,12;2,988;0,118;1,382;5,47
38,82;597,14;2,988;0,118;1,382;5,47
38,82;597,17;2,988;0,118;1,382;5,47
38,83;597,19;2,988;0,118;1,382;5,47
38,83;597,22;2,988;0,118;1,382;5,47
38,83;597,24;2,988;0,118;1,382;5,47
38,83;597,27;2,988;0,118;1,382;5,47
38,83;597,29;2,988;0,118;1,382;5,47
38,83;597,32;2,988;0,118;1,382;5,47
38,84;597,34;2,987;0,118;1,382;5,47
38,84;597,37;2,987;0,118;1,382;5,47
38,84;597,39;2,987;0,118;1,382;5,47
38,84;597,42;2,987;0,118;1,382;5,47
38,84;597,44;2,987;0,118;1,382;5,47
38,84;597,46;2,987;0,118;1,382;5,47
38,84;597,49;2,987;0,118;1,382;5,47
38,85;597,51;2,987;0,118;1,382;5,47
38,85;597,54;2,986;0,118;1,382;5,47
38,85;597,56;2,986;0,118;1,382;5,47
38,85;597,59;2,986;0,118;1,382;5,47
38,85;597,61;2,986;0,118;1,382;5,47
38,86;597,64;2,986;0,118;1,382;5,47
38,86;597,66;2,985;0,118;1,382;5,47
38,86;597,69;2,985;0,118;1,382;5,47
38,86;597,71;2,985;0,118;1,382;5,47
38,86;597,74;2,985;0,118;1,382;5,47
38,86;597,76;2,985;0,118;1,382;5,47
38,86;597,79;2,985;0,118;1,382;5,47
38,87;597,81;2,984;0,118;1,382;5,47
38,87;597,84;2,984;0,118;1,382;5,47
38,87;597,86;2,984;0,118;1,382;5,47
38,87;597,89;2,984;0,118;1,382;5,47
38,87;597,91;2,984;0,118;1,382;5,47
38,88;597,94;2,984;0,118;1,382;5,47
38,88;597,96;2,983;0,118;1,382;5,47
38,88;597,99;2,983;0,118;1,382;5,47
38,88;598,01;2,983;0,118;1,382;5,47
38,88;598,04;2,983;0,118;1,382;5,47
38,88;598,06;2,983;0,118;1,382;5,47
38,89;598,09;2,983;0,118;1,382;5,47
38,89;598,11;2,983;0,118;1,382;5,47
38,89;598,14;2,983;0,118;1,382;5,47
38,89;598,16;2,983;0,118;1,382;5,47
38,89;598,19;2,983;0,118;1,382;5,47
38,89;598,21;2,983;0,118;1,382;5,47
38,89;598,24;2,983;0,118;1,382;5,47
38,9;598,26;2,983;0,118;1,382;5,47
38,9;598,29;2,983;0,118;1,382;5,47
38,9;598,31;2,983;0,118;1,382;5,47
38,9;598,34;2,983;0,118;1,382;5,47
38,9;598,36;2,983;0,118;1,382;5,47
38,91;598,39;2,983;0,118;1,382;5,47
38,91;598,41;2,984;0,118;1,382;5,47
38,91;598,44;2,984;0,118;1,382;5,47
38,91;598,46;2,984;0,118;1,382;5,47
38,91;598,49;2,984;0,118;1,382;5,47
38,91;598,51;2,984;0,118;1,382;5,47
38,91;598,53;2,984;0,118;1,382;5,47
38,92;598,56;2,984;0,118;1,382;5,47
38,92;598,58;2,985;0,118;1,382;5,47
38,92;598,61;2,985;0,118;1,382;5,47
38,92;598,63;2,985;0,118;1,382;5,47
38,92;598,66;2,985;0,118;1,382;5,47
38,93;598,68;2,985;0,118;1,382;5,47
38,93;598,71;2,986;0,118;1,382;5,47
38,93;598,73;2,986;0,118;1,382;5,47
38,93;598,76;2,986;0,118;1,382;5,47
38,93;598,78;2,986;0,118;1,382;5,47
38,93;598,81;2,986;0,118;1,382;5,47
38,94;598,83;2,987;0,118;1,382;5,47
38,94;598,86;2,987;0,118;1,382;5,47
38,94;598,88;2,987;0,118;1,382;5,47
38,94;598,91;2,987;0,118;1,382;5,47
38,94;598,93;2,987;0,118;1,382;5,47
38,94;598,96;2,987;0,118;1,382;5,47
38,94;598,98;2,988;0,118;1,382;5,47
38,95;599,01;2,988;0,118;1,382;5,47
38,95;599,03;2,988;0,118;1,382;5,47
38,95;599,06;2,988;0,118;1,382;5,47
38,95;599,08;2,988;0,118;1,382;5,47
38,95;599,11;2,989;0,118;1,382;5,47
38,96;599,13;2,989;0,118;1,382;5,47
38,96;599,16;2,989;0,118;1,382;5,47
38,96;599,18;2,989;0,118;1,382;5,47
38,96;599,21;2,989;0,118;1,382;5,47
38,96;599,23;2,989;0,118;1,382;5,47
38,96;599,26;2,989;0,118;1,382;5,47
38,96;599,28;2,989;0,118;1,382;5,47
38,97;599,31;2,989;0,118;1,382;5,47
38,97;599,33;2,989;0,118;1,382;5,47
38,97;599,36;2,988;0,118;1,382;5,47
38,97;599,38;2,988;0,118;1,382;5,47
38,97;599,41;2,988;0,118;1,382;5,47
38,98;599,43;2,988;0,118;1,382;5,47
38,98;599,46;2,988;0,118;1,382;5,47
38,98;599,48;2,988;0,118;1,382;5,47
38,98;599,51;2,988;0,118;1,382;5,47
38,98;599,53;2,988;0,118;1,382;5,47
38,98;599,56;2,988;0,118;1,382;5,47
38,99;599,58;2,987;0,118;1,382;5,47
38,99;599,6;2,987;0,118;1,382;5,47
38,99;599,63;2,987;0,118;1,382;5,47
38,99;599,65;2,987;0,118;1,382;5,47
38,99;599,68;2,987;0,118;1,382;5,47
38,99;599,7;2,987;0,118;1,382;5,47
38,99;599,73;2,986;0,118;1,382;5,47
39;599,75;2,986;0,118;1,382;5,47
39;599,78;2,986;0,118;1,382;5,47
39;599,8;2,986;0,118;1,382;5,47
39;599,83;2,986;0,118;1,382;5,47
39;599,85;2,985;0,118;1,382;5,47
39,01;599,88;2,985;0,118;1,382;5,47
39,01;599,9;2,985;0,118;1,382;5,47
39,01;599,93;2,985;0,118;1,382;5,47
39,01;599,95;2,985;0,118;1,382;5,47
39,01;599,98;2,984;0,118;1,382;5,47
39,01;600;2,984;0,118;1,382;5,47
39,01;600,03;2,984;0,118;1,382;5,47
39,02;600,05;2,984;0,118;1,382;5,47
39,02;600,08;2,983;0,118;1,382;5,47
39,02;600,1;2,983;0,118;1,382;5,47
39,02;600,13;2,983;0,118;1,382;5,47
39,02;600,15;2,983;0,118;1,382;5,47
39,03;600,18;2,982;0,118;1,382;5,47
39,03;600,2;2,982;0,118;1,382;5,47
39,03;600,23;2,982;0,118;1,382;5,47
39,03;600,25;2,981;0,118;1,382;5,47
39,03;600,28;2,981;0,118;1,382;5,47
39,03;600,3;2,981;0,118;1,382;5,47
39,04;600,33;2,98;0,118;1,382;5,47
39,04;600,35;2,98;0,118;1,382;5,47
39,04;600,38;2,98;0,118;1,382;5,47
39,04;600,4;2,979;0,118;1,382;5,47
39,04;600,43;2,979;0,118;1,382;5,47
39,04;600,45;2,979;0,118;1,382;5,47
39,04;600,48;2,979;0,118;1,382;5,47
39,05;600,5;2,979;0,118;1,382;5,47
39,05;600,53;2,978;0,118;1,382;5,47
39,05;600,55;2,978;0,118;1,382;5,47
39,05;600,58;2,978;0,118;1,382;5,47
39,05;600,6;2,978;0,118;1,382;5,47
39,06;600,63;2,978;0,118;1,382;5,47
39,06;600,65;2,977;0,118;1,382;5,47
39,06;600,68;2,977;0,118;1,382;5,47
39,06;600,7;2,977;0,118;1,382;5,47
39,06;600,73;2,976;0,118;1,382;5,47
39,06;600,75;2,976;0,118;1,382;5,47
39,06;600,78;2,976;0,118;1,382;5,47
39,07;600,8;2,976;0,118;1,382;5,47
39,07;600,83;2,975;0,118;1,382;5,47
39,07;600,85;2,975;0,118;1,382;5,47
39,07;600,88;2,975;0,118;1,382;5,47
39,07;600,9;2,974;0,118;1,382;5,47
39,08;600,92;2,974;0,118;1,382;5,47
39,08;600,95;2,974;0,118;1,382;5,47
39,08;600,97;2,974;0,118;1,382;5,47
39,08;601;2,973;0,118;1,382;5,47
39,08;601,02;2,973;0,118;1,382;5,47
39,08;601,05;2,973;0,118;1,382;5,47
39,09;601,07;2,972;0,118;1,382;5,47
39,09;601,1;2,972;0,118;1,382;5,469
39,09;601,12;2,971;0,118;1,382;5,469
39,09;601,15;2,971;0,118;1,382;5,469
39,09;601,17;2,971;0,118;1,382;5,469
39,09;601,2;2,97;0,118;1,382;5,469
39,09;601,22;2,97;0,118;1,382;5,469
39,1;601,25;2,969;0,118;1,382;5,469
39,1;601,27;2,969;0,118;1,382;5,469
39,1;601,3;2,968;0,118;1,382;5,469
39,1;601,32;2,968;0,117;1,382;5,469
39,1;601,35;2,967;0,117;1,382;5,469
39,11;601,37;2,967;0,117;1,382;5,469
39,11;601,4;2,966;0,117;1,382;5,469
39,11;601,42;2,966;0,117;1,382;5,469
39,11;601,45;2,965;0,117;1,382;5,469
39,11;601,47;2,965;0,117;1,382;5,469
39,11;601,5;2,964;0,117;1,382;5,469
39,11;601,52;2,964;0,117;1,382;5,469
39,12;601,55;2,963;0,117;1,382;5,469
39,12;601,57;2,963;0,117;1,382;5,469
39,12;601,6;2,962;0,117;1,382;5,469
39,12;601,62;2,962;0,117;1,382;5,469
39,12;601,65;2,961;0,117;1,382;5,469
39,13;601,67;2,961;0,117;1,381;5,469
39,13;601,7;2,96;0,117;1,381;5,469
39,13;601,72;2,959;0,117;1,381;5,469
39,13;601,75;2,959;0,117;1,381;5,469
39,13;601,77;2,958;0,117;1,381;5,469
39,13;601,79;2,958;0,117;1,381;5,469
39,14;601,82;2,957;0,117;1,381;5,469
39,14;601,84;2,957;0,117;1,381;5,469
39,14;601,87;2,956;0,117;1,381;5,469
39,14;601,89;2,955;0,117;1,381;5,469
39,14;601,92;2,955;0,117;1,381;5,469
39,14;601,94;2,955;0,117;1,381;5,469
39,14;601,97;2,954;0,117;1,381;5,469
39,15;601,99;2,954;0,117;1,381;5,469
39,15;602,02;2,953;0,117;1,381;5,469
39,15;602,04;2,953;0,117;1,381;5,469
39,15;602,07;2,952;0,117;1,381;5,469
39,15;602,09;2,952;0,117;1,381;5,469
39,16;602,12;2,952;0,117;1,381;5,469
39,16;602,14;2,951;0,117;1,381;5,469
39,16;602,17;2,951;0,117;1,381;5,469
39,16;602,19;2,95;0,117;1,381;5,469
39,16;602,22;2,95;0,117;1,381;5,469
39,16;602,24;2,95;0,117;1,381;5,469
39,16;602,27;2,949;0,117;1,381;5,469
39,17;602,29;2,949;0,117;1,381;5,469
39,17;602,32;2,949;0,117;1,381;5,469
39,17;602,34;2,948;0,117;1,381;5,469
39,17;602,37;2,948;0,117;1,381;5,469
39,17;602,39;2,948;0,117;1,381;5,469
39,18;602,42;2,947;0,117;1,381;5,469
39,18;602,44;2,947;0,117;1,381;5,469
39,18;602,47;2,946;0,117;1,381;5,469
39,18;602,49;2,946;0,117;1,381;5,469
39,18;602,52;2,946;0,117;1,381;5,469
39,18;602,54;2,945;0,117;1,381;5,469
39,19;602,57;2,945;0,117;1,381;5,469
39,19;602,59;2,944;0,117;1,381;5,469
39,19;602,62;2,944;0,117;1,381;5,469
39,19;602,64;2,944;0,117;1,381;5,469
39,19;602,66;2,943;0,117;1,381;5,469
39,19;602,69;2,943;0,117;1,381;5,469
39,19;602,71;2,943;0,116;1,381;5,469
39,2;602,74;2,942;0,116;1,381;5,469
39,2;602,76;2,942;0,116;1,381;5,469
39,2;602,79;2,941;0,116;1,381;5,469
39,2;602,81;2,941;0,116;1,381;5,469
39,2;602,84;2,941;0,116;1,381;5,469
39,21;602,86;2,94;0,116;1,381;5,469
39,21;602,89;2,94;0,116;1,381;5,469
39,21;602,91;2,94;0,116;1,381;5,469
39,21;602,94;2,939;0,116;1,381;5,469
39,21;602,96;2,939;0,116;1,381;5,469
39,21;602,99;2,939;0,116;1,381;5,469
39,21;603,01;2,938;0,116;1,381;5,469
39,22;603,04;2,938;0,116;1,381;5,469
39,22;603,06;2,938;0,116;1,381;5,469
39,22;603,09;2,937;0,116;1,381;5,469
39,22;603,11;2,937;0,116;1,381;5,469
39,22;603,14;2,937;0,116;1,381;5,469
39,23;603,16;2,936;0,116;1,381;5,469
39,23;603,19;2,936;0,116;1,381;5,469
39,23;603,21;2,935;0,116;1,381;5,469
39,23;603,24;2,935;0,116;1,381;5,469
39,23;603,26;2,935;0,116;1,381;5,469
39,23;603,29;2,934;0,116;1,381;5,469
39,24;603,31;2,934;0,116;1,381;5,469
39,24;603,34;2,934;0,116;1,381;5,469
39,24;603,36;2,933;0,116;1,381;5,469
39,24;603,39;2,933;0,116;1,381;5,469
39,24;603,41;2,932;0,116;1,381;5,469
39,24;603,44;2,932;0,116;1,381;5,469
39,24;603,46;2,932;0,116;1,381;5,469
39,25;603,49;2,931;0,116;1,381;5,469
39,25;603,51;2,931;0,116;1,381;5,469
39,25;603,54;2,93;0,116;1,381;5,469
39,25;603,56;2,93;0,116;1,381;5,469
39,25;603,59;2,929;0,116;1,381;5,469
39,26;603,61;2,929;0,116;1,381;5,469
39,26;603,64;2,929;0,116;1,381;5,469
39,26;603,66;2,929;0,116;1,381;5,469
39,26;603,68;2,928;0,116;1,381;5,469
39,26;603,71;2,928;0,116;1,381;5,469
39,26;603,73;2,928;0,116;1,381;5,469
39,26;603,76;2,928;0,116;1,381;5,469
39,27;603,78;2,928;0,116;1,381;5,469
39,27;603,81;2,927;0,116;1,381;5,469
39,27;603,83;2,927;0,116;1,381;5,469
39,27;603,86;2,927;0,116;1,381;5,469
39,27;603,88;2,927;0,116;1,381;5,469
39,28;603,91;2,926;0,116;1,381;5,469
39,28;603,93;2,926;0,116;1,381;5,469
39,28;603,96;2,926;0,116;1,381;5,469
39,28;603,98;2,926;0,116;1,381;5,469
39,28;604,01;2,926;0,116;1,381;5,469
39,28;604,03;2,925;0,116;1,381;5,469
39,29;604,06;2,925;0,116;1,381;5,469
39,29;604,08;2,925;0,116;1,381;5,469
39,29;604,11;2,924;0,116;1,381;5,469
39,29;604,13;2,924;0,116;1,381;5,469
39,29;604,16;2,924;0,116;1,381;5,469
39,29;604,18;2,923;0,116;1,381;5,469
39,29;604,21;2,923;0,116;1,381;5,469
39,3;604,23;2,923;0,116;1,381;5,469
39,3;604,26;2,923;0,116;1,381;5,469
39,3;604,28;2,922;0,116;1,381;5,469
39,3;604,31;2,922;0,116;1,381;5,469
39,3;604,33;2,922;0,116;1,381;5,469
39,31;604,36;2,921;0,116;1,381;5,469
39,31;604,38;2,921;0,116;1,381;5,469
39,31;604,41;2,921;0,116;1,381;5,469
39,31;604,43;2,92;0,116;1,381;5,469
39,31;604,45;2,92;0,116;1,381;5,469
39,31;604,48;2,92;0,116;1,381;5,469
39,31;604,5;2,919;0,116;1,381;5,469
39,32;604,53;2,919;0,116;1,381;5,469
39,32;604,55;2,918;0,116;1,381;5,469
39,32;604,58;2,918;0,116;1,381;5,469
39,32;604,6;2,917;0,115;1,381;5,469
39,32;604,63;2,916;0,115;1,381;5,469
39,33;604,65;2,916;0,115;1,381;5,469
39,33;604,68;2,915;0,115;1,381;5,469
39,33;604,7;2,915;0,115;1,381;5,469
39,33;604,73;2,914;0,115;1,381;5,469
39,33;604,75;2,914;0,115;1,381;5,469
39,33;604,78;2,913;0,115;1,381;5,469
39,34;604,8;2,913;0,115;1,381;5,469
39,34;604,83;2,912;0,115;1,381;5,469
39,34;604,85;2,912;0,115;1,381;5,469
39,34;604,88;2,911;0,115;1,381;5,469
39,34;604,9;2,911;0,115;1,381;5,469
39,34;604,93;2,91;0,115;1,381;5,469
39,34;604,95;2,91;0,115;1,381;5,469
39,35;604,98;2,909;0,115;1,381;5,469
39,35;605;2,909;0,115;1,381;5,469
39,35;605,03;2,908;0,115;1,381;5,469
39,35;605,05;2,908;0,115;1,381;5,469
39,35;605,08;2,907;0,115;1,381;5,469
39,36;605,1;2,907;0,115;1,381;5,469
39,36;605,13;2,906;0,115;1,381;5,469
39,36;605,15;2,906;0,115;1,381;5,469
39,36;605,18;2,905;0,115;1,381;5,469
39,36;605,2;2,905;0,115;1,381;5,469
39,36;605,23;2,904;0,115;1,381;5,469
39,36;605,25;2,904;0,115;1,381;5,469
39,37;605,28;2,904;0,115;1,381;5,469
39,37;605,3;2,903;0,115;1,381;5,469
39,37;605,33;2,903;0,115;1,381;5,469
39,37;605,35;2,902;0,115;1,381;5,469
39,37;605,38;2,902;0,115;1,381;5,469
39,38;605,4;2,902;0,115;1,381;5,468
39,38;605,43;2,901;0,115;1,381;5,468
39,38;605,45;2,901;0,115;1,381;5,468
39,38;605,48;2,9;0,115;1,381;5,468
39,38;605,5;2,9;0,115;1,381;5,468
39,38;605,53;2,899;0,115;1,381;5,468
39,39;605,55;2,899;0,115;1,381;5,468
39,39;605,58;2,898;0,115;1,381;5,468
39,39;605,6;2,898;0,115;1,381;5,468
39,39;605,63;2,897;0,115;1,381;5,468
39,39;605,65;2,897;0,115;1,381;5,468
39,39;605,68;2,896;0,115;1,381;5,468
39,39;605,7;2,896;0,115;1,381;5,468
39,4;605,73;2,895;0,115;1,381;5,468
39,4;605,75;2,895;0,115;1,381;5,468
39,4;605,77;2,895;0,115;1,381;5,468
39,4;605,8;2,894;0,115;1,381;5,468
39,4;605,82;2,894;0,115;1,381;5,468
39,41;605,85;2,894;0,115;1,381;5,468
39,41;605,87;2,894;0,115;1,381;5,468
39,41;605,9;2,893;0,115;1,381;5,468
39,41;605,92;2,893;0,115;1,381;5,468
39,41;605,95;2,893;0,115;1,381;5,468
39,41;605,97;2,892;0,115;1,381;5,468
39,41;606;2,892;0,115;1,381;5,468
39,42;606,02;2,892;0,114;1,381;5,468
39,42;606,05;2,892;0,114;1,381;5,468
39,42;606,07;2,891;0,114;1,381;5,468
39,42;606,1;2,891;0,114;1,381;5,468
39,42;606,12;2,891;0,114;1,381;5,468
39,43;606,15;2,891;0,114;1,381;5,468
39,43;606,17;2,89;0,114;1,381;5,468
39,43;606,2;2,89;0,114;1,381;5,468
39,43;606,22;2,889;0,114;1,381;5,468
39,43;606,25;2,889;0,114;1,381;5,468
39,43;606,27;2,889;0,114;1,381;5,468
39,44;606,3;2,888;0,114;1,381;5,468
39,44;606,32;2,888;0,114;1,381;5,468
39,44;606,35;2,887;0,114;1,381;5,468
39,44;606,37;2,887;0,114;1,381;5,468
39,44;606,4;2,887;0,114;1,381;5,468
39,44;606,42;2,886;0,114;1,381;5,468
39,44;606,45;2,886;0,114;1,381;5,468
39,45;606,47;2,885;0,114;1,381;5,468
39,45;606,5;2,885;0,114;1,381;5,468
39,45;606,52;2,885;0,114;1,381;5,468
39,45;606,55;2,884;0,114;1,381;5,468
39,45;606,57;2,884;0,114;1,381;5,468
39,46;606,6;2,883;0,114;1,381;5,468
39,46;606,62;2,883;0,114;1,381;5,468
39,46;606,65;2,883;0,114;1,381;5,468
39,46;606,67;2,882;0,114;1,381;5,468
39,46;606,69;2,882;0,114;1,381;5,468
39,46;606,72;2,882;0,114;1,381;5,468
39,46;606,74;2,882;0,114;1,381;5,468
39,47;606,77;2,881;0,114;1,381;5,468
39,47;606,79;2,881;0,114;1,381;5,468
39,47;606,82;2,881;0,114;1,381;5,468
39,47;606,84;2,88;0,114;1,381;5,468
39,47;606,87;2,88;0,114;1,381;5,468
39,48;606,89;2,88;0,114;1,381;5,468
39,48;606,92;2,88;0,114;1,381;5,468
39,48;606,94;2,879;0,114;1,381;5,468
39,48;606,97;2,879;0,114;1,381;5,468
39,48;606,99;2,879;0,114;1,381;5,468
39,48;607,02;2,878;0,114;1,381;5,468
39,49;607,04;2,878;0,114;1,381;5,468
39,49;607,07;2,877;0,114;1,381;5,468
39,49;607,09;2,877;0,114;1,381;5,468
39,49;607,12;2,877;0,114;1,381;5,468
39,49;607,14;2,876;0,114;1,381;5,468
39,49;607,17;2,876;0,114;1,381;5,468
39,49;607,19;2,875;0,114;1,381;5,468
39,5;607,22;2,875;0,114;1,381;5,468
39,5;607,24;2,875;0,114;1,381;5,468
39,5;607,27;2,874;0,114;1,381;5,468
39,5;607,29;2,874;0,114;1,381;5,468
39,5;607,32;2,873;0,114;1,381;5,468
39,51;607,34;2,873;0,114;1,381;5,468
39,51;607,37;2,872;0,114;1,381;5,468
39,51;607,39;2,872;0,114;1,381;5,468
39,51;607,42;2,872;0,114;1,381;5,468
39,51;607,44;2,871;0,114;1,381;5,468
39,51;607,47;2,871;0,114;1,381;5,468
39,51;607,49;2,871;0,114;1,381;5,468
39,52;607,52;2,87;0,114;1,381;5,468
39,52;607,54;2,87;0,114;1,381;5,468
39,52;607,57;2,87;0,114;1,381;5,468
39,52;607,59;2,87;0,114;1,381;5,468
39,52;607,61;2,869;0,114;1,381;5,468
39,53;607,64;2,869;0,114;1,381;5,468
39,53;607,66;2,869;0,114;1,381;5,468
39,53;607,69;2,869;0,114;1,381;5,468
39,53;607,71;2,868;0,114;1,381;5,468
39,53;607,74;2,868;0,114;1,381;5,468
39,53;607,76;2,868;0,114;1,381;5,468
39,54;607,79;2,868;0,114;1,381;5,468
39,54;607,81;2,867;0,114;1,381;5,468
39,54;607,84;2,867;0,114;1,381;5,468
39,54;607,86;2,867;0,113;1,381;5,468
39,54;607,89;2,867;0,113;1,381;5,468
39,54;607,91;2,866;0,113;1,381;5,468
39,54;607,94;2,866;0,113;1,381;5,468
39,55;607,96;2,866;0,113;1,381;5,468
39,55;607,99;2,866;0,113;1,381;5,468
39,55;608,01;2,865;0,113;1,381;5,468
39,55;608,04;2,865;0,113;1,381;5,468
39,55;608,06;2,865;0,113;1,381;5,468
39,56;608,09;2,865;0,113;1,381;5,468
39,56;608,11;2,865;0,113;1,381;5,468
39,56;608,14;2,864;0,113;1,381;5,468
39,56;608,16;2,864;0,113;1,381;5,468
39,56;608,19;2,864;0,113;1,381;5,468
39,56;608,21;2,864;0,113;1,381;5,468
39,56;608,24;2,864;0,113;1,381;5,468
39,57;608,26;2,864;0,113;1,381;5,468
39,57;608,29;2,864;0,113;1,381;5,468
39,57;608,31;2,864;0,113;1,381;5,468
39,57;608,34;2,863;0,113;1,381;5,468
39,57;608,36;2,863;0,113;1,381;5,468
39,58;608,39;2,863;0,113;1,381;5,468
39,58;608,41;2,863;0,113;1,381;5,468
39,58;608,44;2,862;0,113;1,381;5,468
39,58;608,46;2,862;0,113;1,381;5,468
39,58;608,49;2,862;0,113;1,381;5,468
39,58;608,51;2,861;0,113;1,381;5,468
39,59;608,54;2,861;0,113;1,381;5,468
39,59;608,56;2,861;0,113;1,381;5,468
39,59;608,59;2,86;0,113;1,381;5,468
39,59;608,61;2,86;0,113;1,381;5,468
39,59;608,64;2,86;0,113;1,381;5,468
39,59;608,66;2,859;0,113;1,381;5,468
39,59;608,69;2,859;0,113;1,381;5,468
39,6;608,71;2,859;0,113;1,381;5,468
39,6;608,74;2,858;0,113;1,381;5,468
39,6;608,76;2,858;0,113;1,381;5,468
39,6;608,79;2,857;0,113;1,381;5,468
39,6;608,81;2,857;0,113;1,381;5,468
39,61;608,84;2,856;0,113;1,381;5,468
39,61;608,86;2,856;0,113;1,381;5,468
39,61;608,89;2,855;0,113;1,381;5,468
39,61;608,91;2,854;0,113;1,381;5,468
39,61;608,93;2,854;0,113;1,381;5,468
39,61;608,96;2,853;0,113;1,381;5,468
39,61;608,98;2,853;0,113;1,381;5,468
39,62;609,01;2,852;0,113;1,381;5,468
39,62;609,03;2,851;0,113;1,381;5,468
39,62;609,06;2,851;0,113;1,381;5,468
39,62;609,08;2,85;0,113;1,381;5,468
39,62;609,11;2,85;0,113;1,381;5,468
39,63;609,13;2,849;0,113;1,381;5,468
39,63;609,16;2,849;0,113;1,381;5,468
39,63;609,18;2,848;0,113;1,381;5,468
39,63;609,21;2,847;0,113;1,381;5,468
39,63;609,23;2,847;0,113;1,381;5,468
39,63;609,26;2,846;0,113;1,381;5,468
39,64;609,28;2,846;0,113;1,381;5,468
39,64;609,31;2,845;0,113;1,381;5,468
39,64;609,33;2,845;0,113;1,381;5,468
39,64;609,36;2,844;0,113;1,381;5,468
39,64;609,38;2,843;0,113;1,381;5,468
39,64;609,41;2,843;0,113;1,381;5,468
39,64;609,43;2,842;0,113;1,381;5,468
39,65;609,46;2,841;0,112;1,381;5,468
39,65;609,48;2,841;0,112;1,381;5,468
39,65;609,51;2,84;0,112;1,381;5,468
39,65;609,53;2,839;0,112;1,381;5,468
39,65;609,56;2,839;0,112;1,381;5,468
39,66;609,58;2,838;0,112;1,381;5,468
39,66;609,61;2,837;0,112;1,381;5,468
39,66;609,63;2,836;0,112;1,381;5,468
39,66;609,66;2,835;0,112;1,381;5,468
39,66;609,68;2,835;0,112;1,381;5,468
39,66;609,71;2,834;0,112;1,381;5,468
39,66;609,73;2,833;0,112;1,381;5,468
39,67;609,76;2,832;0,112;1,381;5,468
39,67;609,78;2,831;0,112;1,381;5,468
39,67;609,81;2,831;0,112;1,381;5,468
39,67;609,83;2,83;0,112;1,381;5,468
39,67;609,85;2,829;0,112;1,381;5,468
39,68;609,88;2,828;0,112;1,381;5,468
39,68;609,9;2,828;0,112;1,381;5,468
39,68;609,93;2,827;0,112;1,381;5,468
39,68;609,95;2,826;0,112;1,381;5,468
39,68;609,98;2,825;0,112;1,381;5,468
39,68;610;2,824;0,112;1,381;5,468
39,69;610,03;2,824;0,112;1,381;5,468
39,69;610,05;2,823;0,112;1,381;5,468
39,69;610,08;2,822;0,112;1,381;5,468
39,69;610,1;2,822;0,112;1,381;5,468
39,69;610,13;2,821;0,112;1,381;5,468
39,69;610,15;2,82;0,112;1,381;5,468
39,69;610,18;2,82;0,112;1,381;5,468
39,7;610,2;2,819;0,112;1,381;5,468
39,7;610,23;2,818;0,112;1,381;5,468
39,7;610,25;2,817;0,112;1,381;5,468
39,7;610,28;2,817;0,112;1,381;5,468
39,7;610,3;2,816;0,111;1,381;5,468
39,71;610,33;2,815;0,111;1,381;5,468
39,71;610,35;2,814;0,111;1,381;5,468
39,71;610,38;2,813;0,111;1,381;5,468
39,71;610,4;2,813;0,111;1,381;5,468
39,71;610,43;2,812;0,111;1,381;5,468
39,71;610,45;2,811;0,111;1,381;5,468
39,71;610,48;2,81;0,111;1,381;5,468
39,72;610,5;2,81;0,111;1,381;5,468
39,72;610,53;2,809;0,111;1,381;5,468
39,72;610,55;2,808;0,111;1,381;5,468
39,72;610,58;2,807;0,111;1,381;5,468
39,72;610,6;2,807;0,111;1,381;5,468
39,73;610,63;2,806;0,111;1,381;5,468
39,73;610,65;2,805;0,111;1,381;5,468
39,73;610,68;2,804;0,111;1,381;5,468
39,73;610,7;2,804;0,111;1,381;5,468
39,73;610,73;2,803;0,111;1,381;5,468
39,73;610,75;2,802;0,111;1,381;5,468
39,74;610,78;2,802;0,111;1,381;5,468
39,74;610,8;2,801;0,111;1,381;5,468
39,74;610,83;2,801;0,111;1,381;5,468
39,74;610,85;2,8;0,111;1,381;5,468
39,74;610,87;2,8;0,111;1,381;5,468
39,74;610,9;2,799;0,111;1,381;5,468
39,74;610,92;2,798;0,111;1,381;5,468
39,75;610,95;2,798;0,111;1,381;5,468
39,75;610,97;2,797;0,111;1,381;5,468
39,75;611;2,797;0,111;1,381;5,468
39,75;611,02;2,796;0,111;1,381;5,468
39,75;611,05;2,796;0,111;1,381;5,468
39,76;611,07;2,795;0,111;1,381;5,468
39,76;611,1;2,795;0,111;1,381;5,468
39,76;611,12;2,794;0,111;1,381;5,468
39,76;611,15;2,794;0,111;1,381;5,468
39,76;611,17;2,793;0,111;1,381;5,468
39,76;611,2;2,793;0,111;1,381;5,468
39,76;611,22;2,792;0,111;1,381;5,468
39,77;611,25;2,792;0,111;1,381;5,468
39,77;611,27;2,791;0,111;1,381;5,468
39,77;611,3;2,791;0,11;1,381;5,468
39,77;611,32;2,79;0,11;1,381;5,468
39,77;611,35;2,79;0,11;1,381;5,468
39,78;611,37;2,79;0,11;1,381;5,468
39,78;611,4;2,789;0,11;1,381;5,468
39,78;611,42;2,789;0,11;1,381;5,468
39,78;611,45;2,788;0,11;1,381;5,468
39,78;611,47;2,788;0,11;1,381;5,468
39,78;611,5;2,787;0,11;1,381;5,468
39,79;611,52;2,787;0,11;1,381;5,468
39,79;611,55;2,786;0,11;1,381;5,468
39,79;611,57;2,785;0,11;1,381;5,468
39,79;611,6;2,785;0,11;1,381;5,468
39,79;611,62;2,784;0,11;1,381;5,468
39,79;611,65;2,784;0,11;1,381;5,468
39,79;611,67;2,783;0,11;1,381;5,468
39,8;611,69;2,783;0,11;1,381;5,468
39,8;611,72;2,782;0,11;1,381;5,468
39,8;611,74;2,782;0,11;1,381;5,468
39,8;611,77;2,781;0,11;1,381;5,468
39,8;611,79;2,78;0,11;1,381;5,468
39,81;611,82;2,78;0,11;1,381;5,468
39,81;611,84;2,779;0,11;1,381;5,468
39,81;611,87;2,779;0,11;1,381;5,468
39,81;611,89;2,778;0,11;1,381;5,467
39,81;611,92;2,778;0,11;1,381;5,467
39,81;611,94;2,777;0,11;1,381;5,467
39,81;611,97;2,777;0,11;1,381;5,467
39,82;611,99;2,776;0,11;1,381;5,467
39,82;612,02;2,775;0,11;1,381;5,467
39,82;612,04;2,775;0,11;1,381;5,467
39,82;612,07;2,774;0,11;1,381;5,467
39,82;612,09;2,774;0,11;1,381;5,467
39,83;612,12;2,773;0,11;1,381;5,467
39,83;612,14;2,773;0,11;1,381;5,467
39,83;612,17;2,772;0,11;1,381;5,467
39,83;612,19;2,772;0,11;1,381;5,467
39,83;612,22;2,772;0,11;1,381;5,467
39,83;612,24;2,771;0,11;1,381;5,467
39,84;612,27;2,771;0,11;1,381;5,467
39,84;612,29;2,771;0,11;1,381;5,467
39,84;612,32;2,77;0,11;1,381;5,467
39,84;612,34;2,77;0,11;1,381;5,467
39,84;612,37;2,77;0,11;1,381;5,467
39,84;612,39;2,769;0,11;1,381;5,467
39,84;612,42;2,769;0,11;1,381;5,467
39,85;612,44;2,768;0,11;1,381;5,467
39,85;612,47;2,768;0,11;1,381;5,467
39,85;612,49;2,767;0,11;1,381;5,467
39,85;612,52;2,767;0,11;1,381;5,467
39,85;612,54;2,766;0,11;1,381;5,467
39,86;612,57;2,766;0,11;1,381;5,467
39,86;612,59;2,765;0,109;1,381;5,467
39,86;612,62;2,765;0,109;1,381;5,467
39,86;612,64;2,765;0,109;1,381;5,467
39,86;612,67;2,764;0,109;1,381;5,467
39,86;612,69;2,764;0,109;1,381;5,467
39,86;612,71;2,763;0,109;1,381;5,467
39,87;612,74;2,763;0,109;1,381;5,467
39,87;612,76;2,763;0,109;1,381;5,467
39,87;612,79;2,762;0,109;1,381;5,467
39,87;612,81;2,762;0,109;1,381;5,467
39,87;612,84;2,762;0,109;1,381;5,467
39,88;612,86;2,761;0,109;1,381;5,467
39,88;612,89;2,761;0,109;1,381;5,467
39,88;612,91;2,76;0,109;1,381;5,467
39,88;612,94;2,76;0,109;1,381;5,467
39,88;612,96;2,76;0,109;1,381;5,467
39,88;612,99;2,759;0,109;1,381;5,467
39,89;613,01;2,759;0,109;1,381;5,467
39,89;613,04;2,758;0,109;1,381;5,467
39,89;613,06;2,758;0,109;1,381;5,467
39,89;613,09;2,758;0,109;1,381;5,467
39,89;613,11;2,757;0,109;1,381;5,467
39,89;613,14;2,757;0,109;1,381;5,467
39,89;613,16;2,756;0,109;1,381;5,467
39,9;613,19;2,756;0,109;1,381;5,467
39,9;613,21;2,756;0,109;1,381;5,467
39,9;613,24;2,755;0,109;1,381;5,467
39,9;613,26;2,755;0,109;1,381;5,467
39,9;613,29;2,755;0,109;1,381;5,467
39,91;613,31;2,755;0,109;1,381;5,467
39,91;613,34;2,754;0,109;1,381;5,467
39,91;613,36;2,754;0,109;1,381;5,467
39,91;613,39;2,753;0,109;1,381;5,467
39,91;613,41;2,753;0,109;1,381;5,467
39,91;613,44;2,752;0,109;1,381;5,467
39,91;613,46;2,752;0,109;1,381;5,467
39,92;613,49;2,751;0,109;1,381;5,467
39,92;613,51;2,751;0,109;1,381;5,467
39,92;613,54;2,75;0,109;1,381;5,467
39,92;613,56;2,75;0,109;1,381;5,467
39,92;613,59;2,749;0,109;1,381;5,467
39,93;613,61;2,749;0,109;1,381;5,467
39,93;613,64;2,748;0,109;1,381;5,467
39,93;613,66;2,748;0,109;1,381;5,467
39,93;613,69;2,747;0,109;1,381;5,467
39,93;613,71;2,747;0,109;1,381;5,467
39,93;613,74;2,747;0,109;1,381;5,467
39,94;613,76;2,746;0,109;1,381;5,467
39,94;613,78;2,746;0,109;1,381;5,467
39,94;613,81;2,746;0,109;1,381;5,467
39,94;613,83;2,746;0,109;1,381;5,467
39,94;613,86;2,745;0,109;1,381;5,467
39,94;613,88;2,745;0,109;1,381;5,467
39,94;613,91;2,745;0,109;1,381;5,467
39,95;613,93;2,745;0,109;1,381;5,467
39,95;613,96;2,744;0,109;1,381;5,467
39,95;613,98;2,744;0,109;1,381;5,467
39,95;614,01;2,744;0,109;1,381;5,467
39,95;614,03;2,743;0,109;1,381;5,467
39,96;614,06;2,743;0,109;1,381;5,467
39,96;614,08;2,743;0,109;1,381;5,467
39,96;614,11;2,742;0,109;1,381;5,467
39,96;614,13;2,742;0,109;1,381;5,467
39,96;614,16;2,742;0,109;1,381;5,467
39,96;614,18;2,741;0,109;1,381;5,467
39,96;614,21;2,741;0,109;1,381;5,467
39,97;614,23;2,741;0,108;1,381;5,467
39,97;614,26;2,74;0,108;1,381;5,467
39,97;614,28;2,74;0,108;1,381;5,467
39,97;614,31;2,739;0,108;1,381;5,467
39,97;614,33;2,739;0,108;1,381;5,467
39,98;614,36;2,739;0,108;1,381;5,467
39,98;614,38;2,738;0,108;1,381;5,467
39,98;614,41;2,738;0,108;1,381;5,467
39,98;614,43;2,738;0,108;1,381;5,467
39,98;614,46;2,737;0,108;1,381;5,467
39,98;614,48;2,737;0,108;1,381;5,467
39,99;614,51;2,737;0,108;1,381;5,467
39,99;614,53;2,736;0,108;1,381;5,467
39,99;614,56;2,736;0,108;1,381;5,467
39,99;614,58;2,736;0,108;1,381;5,467
39,99;614,61;2,735;0,108;1,381;5,467
39,99;614,63;2,735;0,108;1,381;5,467
39,99;614,66;2,735;0,108;1,381;5,467
40;614,68;2,735;0,108;1,381;5,467
40;614,71;2,734;0,108;1,381;5,467
40;614,73;2,734;0,108;1,381;5,467
40;614,76;2,734;0,108;1,381;5,467
40;614,78;2,733;0,108;1,381;5,467
40,01;614,81;2,733;0,108;1,381;5,467
40,01;614,83;2,733;0,108;1,381;5,467
40,01;614,86;2,733;0,108;1,381;5,467
40,01;614,88;2,732;0,108;1,381;5,467
40,01;614,91;2,732;0,108;1,381;5,467
40,01;614,93;2,732;0,108;1,381;5,467
40,01;614,95;2,731;0,108;1,381;5,467
40,02;614,98;2,731;0,108;1,381;5,467
40,02;615;2,731;0,108;1,381;5,467
40,02;615,03;2,73;0,108;1,381;5,467
40,02;615,05;2,73;0,108;1,381;5,467
40,02;615,08;2,73;0,108;1,381;5,467
40,03;615,1;2,729;0,108;1,381;5,467
40,03;615,13;2,729;0,108;1,381;5,467
40,03;615,15;2,728;0,108;1,381;5,467
40,03;615,18;2,728;0,108;1,381;5,467
40,03;615,2;2,727;0,108;1,381;5,467
40,03;615,23;2,727;0,108;1,381;5,467
40,04;615,25;2,726;0,108;1,381;5,467
40,04;615,28;2,726;0,108;1,381;5,467
40,04;615,3;2,725;0,108;1,381;5,467
40,04;615,33;2,725;0,108;1,381;5,467
40,04;615,35;2,724;0,108;1,381;5,467
40,04;615,38;2,723;0,108;1,381;5,467
40,04;615,4;2,723;0,108;1,381;5,467
40,05;615,43;2,722;0,108;1,381;5,467
40,05;615,45;2,722;0,108;1,381;5,467
40,05;615,48;2,721;0,108;1,381;5,467
40,05;615,5;2,72;0,108;1,381;5,467
40,05;615,53;2,72;0,108;1,381;5,467
40,06;615,55;2,719;0,108;1,381;5,467
40,06;615,58;2,718;0,108;1,381;5,467
40,06;615,6;2,718;0,108;1,381;5,467
40,06;615,63;2,717;0,108;1,381;5,467
40,06;615,65;2,717;0,108;1,381;5,467
40,06;615,68;2,716;0,108;1,381;5,467
40,06;615,7;2,715;0,107;1,381;5,467
40,07;615,73;2,715;0,107;1,381;5,467
40,07;615,75;2,714;0,107;1,381;5,467
40,07;615,78;2,713;0,107;1,381;5,467
40,07;615,8;2,713;0,107;1,381;5,467
40,07;615,83;2,712;0,107;1,381;5,467
40,08;615,85;2,712;0,107;1,381;5,467
40,08;615,88;2,711;0,107;1,381;5,467
40,08;615,9;2,71;0,107;1,381;5,467
40,08;615,93;2,71;0,107;1,381;5,467
40,08;615,95;2,709;0,107;1,381;5,467
40,08;615,98;2,709;0,107;1,381;5,467
40,09;616;2,708;0,107;1,381;5,467
40,09;616,02;2,707;0,107;1,381;5,467
40,09;616,05;2,707;0,107;1,381;5,467
40,09;616,07;2,706;0,107;1,381;5,467
40,09;616,1;2,705;0,107;1,381;5,467
40,09;616,12;2,705;0,107;1,381;5,467
40,09;616,15;2,704;0,107;1,381;5,467
40,1;616,17;2,703;0,107;1,381;5,467
40,1;616,2;2,703;0,107;1,381;5,467
40,1;616,22;2,702;0,107;1,381;5,467
40,1;616,25;2,702;0,107;1,381;5,467
40,1;616,27;2,701;0,107;1,381;5,467
40,11;616,3;2,701;0,107;1,381;5,467
40,11;616,32;2,7;0,107;1,381;5,467
40,11;616,35;2,699;0,107;1,381;5,467
40,11;616,37;2,699;0,107;1,381;5,467
40,11;616,4;2,699;0,107;1,381;5,467
40,11;616,42;2,698;0,107;1,381;5,467
40,11;616,45;2,698;0,107;1,381;5,467
40,12;616,47;2,697;0,107;1,381;5,467
40,12;616,5;2,697;0,107;1,381;5,467
40,12;616,52;2,697;0,107;1,381;5,467
40,12;616,55;2,696;0,107;1,381;5,467
40,12;616,57;2,696;0,107;1,381;5,467
40,13;616,6;2,696;0,107;1,381;5,467
40,13;616,62;2,695;0,107;1,381;5,467
40,13;616,65;2,695;0,107;1,381;5,467
40,13;616,67;2,695;0,107;1,381;5,467
40,13;616,7;2,695;0,107;1,381;5,467
40,13;616,72;2,694;0,107;1,381;5,467
40,14;616,75;2,694;0,107;1,381;5,467
40,14;616,77;2,694;0,107;1,381;5,467
40,14;616,8;2,694;0,107;1,381;5,467
40,14;616,82;2,693;0,107;1,381;5,467
40,14;616,85;2,693;0,107;1,381;5,466
40,14;616,87;2,693;0,107;1,381;5,466
40,14;616,9;2,693;0,107;1,381;5,466
40,15;616,92;2,693;0,107;1,381;5,466
40,15;616,95;2,692;0,107;1,381;5,466
40,15;616,97;2,692;0,107;1,381;5,466
40,15;617;2,692;0,107;1,381;5,466
40,15;617,02;2,692;0,107;1,381;5,466
40,16;617,05;2,691;0,107;1,381;5,466
40,16;617,07;2,691;0,107;1,381;5,466
40,16;617,1;2,691;0,107;1,381;5,466
40,16;617,12;2,691;0,107;1,381;5,466
40,16;617,15;2,69;0,107;1,381;5,466
40,16;617,17;2,69;0,107;1,381;5,466
40,16;617,2;2,69;0,106;1,381;5,466
40,17;617,22;2,69;0,106;1,381;5,466
40,17;617,25;2,69;0,106;1,381;5,466
40,17;617,27;2,689;0,106;1,381;5,466
40,17;617,29;2,689;0,106;1,381;5,466
40,17;617,32;2,689;0,106;1,381;5,466
40,18;617,34;2,688;0,106;1,381;5,466
40,18;617,37;2,688;0,106;1,381;5,466
40,18;617,39;2,687;0,106;1,381;5,466
40,18;617,42;2,687;0,106;1,381;5,466
40,18;617,44;2,687;0,106;1,381;5,466
40,18;617,47;2,686;0,106;1,381;5,466
40,19;617,49;2,686;0,106;1,381;5,466
40,19;617,52;2,685;0,106;1,381;5,466
40,19;617,54;2,685;0,106;1,381;5,466
40,19;617,57;2,684;0,106;1,381;5,466
40,19;617,59;2,684;0,106;1,381;5,466
40,19;617,62;2,684;0,106;1,381;5,466
40,19;617,64;2,683;0,106;1,381;5,466
40,2;617,67;2,683;0,106;1,381;5,466
40,2;617,69;2,682;0,106;1,381;5,466
40,2;617,72;2,682;0,106;1,381;5,466
40,2;617,74;2,681;0,106;1,381;5,466
40,2;617,77;2,681;0,106;1,381;5,466
40,21;617,79;2,68;0,106;1,381;5,466
40,21;617,82;2,68;0,106;1,381;5,466
40,21;617,84;2,679;0,106;1,381;5,466
40,21;617,87;2,679;0,106;1,381;5,466
40,21;617,89;2,678;0,106;1,381;5,466
40,21;617,92;2,678;0,106;1,381;5,466
40,21;617,94;2,677;0,106;1,381;5,466
40,22;617,97;2,677;0,106;1,381;5,466
40,22;617,99;2,676;0,106;1,381;5,466
40,22;618,02;2,676;0,106;1,381;5,466
40,22;618,04;2,675;0,106;1,381;5,466
40,22;618,07;2,675;0,106;1,381;5,466
40,23;618,09;2,674;0,106;1,381;5,466
40,23;618,12;2,674;0,106;1,381;5,466
40,23;618,14;2,673;0,106;1,381;5,466
40,23;618,17;2,673;0,106;1,381;5,466
40,23;618,19;2,672;0,106;1,381;5,466
40,23;618,22;2,672;0,106;1,381;5,466
40,24;618,24;2,671;0,106;1,381;5,466
40,24;618,27;2,671;0,106;1,381;5,466
40,24;618,29;2,67;0,106;1,381;5,466
40,24;618,32;2,669;0,106;1,381;5,466
40,24;618,34;2,669;0,106;1,381;5,466
40,24;618,37;2,668;0,106;1,381;5,466
40,24;618,39;2,668;0,106;1,381;5,466
40,25;618,42;2,667;0,106;1,381;5,466
40,25;618,44;2,667;0,106;1,381;5,466
40,25;618,46;2,666;0,106;1,381;5,466
40,25;618,49;2,666;0,106;1,381;5,466
40,25;618,51;2,665;0,106;1,381;5,466
40,26;618,54;2,665;0,105;1,381;5,466
40,26;618,56;2,664;0,105;1,381;5,466
40,26;618,59;2,664;0,105;1,381;5,466
40,26;618,61;2,664;0,105;1,381;5,466
40,26;618,64;2,663;0,105;1,381;5,466
40,26;618,66;2,663;0,105;1,381;5,466
40,26;618,69;2,662;0,105;1,381;5,466
40,27;618,71;2,662;0,105;1,381;5,466
40,27;618,74;2,661;0,105;1,381;5,466
40,27;618,76;2,661;0,105;1,381;5,466
40,27;618,79;2,66;0,105;1,381;5,466
40,27;618,81;2,66;0,105;1,381;5,466
40,28;618,84;2,659;0,105;1,381;5,466
40,28;618,86;2,659;0,105;1,381;5,466
40,28;618,89;2,658;0,105;1,381;5,466
40,28;618,91;2,658;0,105;1,381;5,466
40,28;618,94;2,657;0,105;1,381;5,466
40,28;618,96;2,657;0,105;1,381;5,466
40,29;618,99;2,657;0,105;1,381;5,466
40,29;619,01;2,656;0,105;1,381;5,466
40,29;619,04;2,656;0,105;1,381;5,466
40,29;619,06;2,655;0,105;1,381;5,466
40,29;619,09;2,655;0,105;1,381;5,466
40,29;619,11;2,654;0,105;1,381;5,466
40,29;619,14;2,653;0,105;1,381;5,466
40,3;619,16;2,653;0,105;1,381;5,466
40,3;619,19;2,652;0,105;1,381;5,466
40,3;619,21;2,652;0,105;1,381;5,466
40,3;619,24;2,651;0,105;1,381;5,466
40,3;619,26;2,651;0,105;1,381;5,466
40,31;619,29;2,65;0,105;1,381;5,466
40,31;619,31;2,649;0,105;1,381;5,466
40,31;619,33;2,649;0,105;1,381;5,466
40,31;619,36;2,648;0,105;1,381;5,466
40,31;619,38;2,648;0,105;1,381;5,466
40,31;619,41;2,647;0,105;1,381;5,466
40,31;619,43;2,647;0,105;1,381;5,466
40,32;619,46;2,646;0,105;1,381;5,466
40,32;619,48;2,646;0,105;1,381;5,466
40,32;619,51;2,645;0,105;1,381;5,466
40,32;619,53;2,645;0,105;1,381;5,466
40,32;619,56;2,644;0,105;1,381;5,466
40,33;619,58;2,644;0,105;1,381;5,466
40,33;619,61;2,643;0,105;1,381;5,466
40,33;619,63;2,643;0,105;1,381;5,466
40,33;619,66;2,642;0,105;1,381;5,466
40,33;619,68;2,641;0,105;1,381;5,466
40,33;619,71;2,641;0,105;1,381;5,466
40,34;619,73;2,64;0,105;1,381;5,466
40,34;619,76;2,64;0,105;1,381;5,466
40,34;619,78;2,639;0,104;1,381;5,466
40,34;619,81;2,639;0,104;1,381;5,466
40,34;619,83;2,638;0,104;1,381;5,466
40,34;619,86;2,638;0,104;1,381;5,466
40,34;619,88;2,637;0,104;1,381;5,466
40,35;619,91;2,637;0,104;1,381;5,466
40,35;619,93;2,636;0,104;1,381;5,466
40,35;619,96;2,636;0,104;1,381;5,466
40,35;619,98;2,635;0,104;1,381;5,466
40,35;620,01;2,635;0,104;1,381;5,466
40,36;620,03;2,634;0,104;1,381;5,466
40,36;620,06;2,634;0,104;1,381;5,466
40,36;620,08;2,634;0,104;1,381;5,466
40,36;620,11;2,633;0,104;1,381;5,466
40,36;620,13;2,633;0,104;1,381;5,466
40,36;620,16;2,632;0,104;1,381;5,466
40,36;620,18;2,632;0,104;1,381;5,466
40,37;620,21;2,631;0,104;1,381;5,466
40,37;620,23;2,631;0,104;1,381;5,466
40,37;620,26;2,63;0,104;1,381;5,466
40,37;620,28;2,63;0,104;1,381;5,466
40,37;620,31;2,629;0,104;1,381;5,466
40,38;620,33;2,629;0,104;1,381;5,466
40,38;620,36;2,629;0,104;1,381;5,466
40,38;620,38;2,628;0,104;1,381;5,466
40,38;620,41;2,628;0,104;1,381;5,466
40,38;620,43;2,628;0,104;1,381;5,466
40,38;620,46;2,627;0,104;1,381;5,466
40,39;620,48;2,627;0,104;1,381;5,466
40,39;620,51;2,627;0,104;1,381;5,466
40,39;620,53;2,626;0,104;1,381;5,466
40,39;620,55;2,626;0,104;1,381;5,466
40,39;620,58;2,626;0,104;1,381;5,466
40,39;620,6;2,625;0,104;1,381;5,466
40,39;620,63;2,625;0,104;1,381;5,466
40,4;620,65;2,624;0,104;1,381;5,466
40,4;620,68;2,624;0,104;1,381;5,466
40,4;620,7;2,624;0,104;1,381;5,466
40,4;620,73;2,623;0,104;1,381;5,466
40,4;620,75;2,623;0,104;1,381;5,466
40,41;620,78;2,622;0,104;1,381;5,466
40,41;620,8;2,621;0,104;1,381;5,466
40,41;620,83;2,621;0,104;1,381;5,466
40,41;620,85;2,62;0,104;1,381;5,466
40,41;620,88;2,62;0,104;1,381;5,466
40,41;620,9;2,619;0,104;1,381;5,466
40,41;620,93;2,619;0,104;1,381;5,466
40,42;620,95;2,618;0,104;1,381;5,466
40,42;620,98;2,618;0,104;1,381;5,466
40,42;621;2,617;0,104;1,381;5,466
40,42;621,03;2,617;0,104;1,381;5,466
40,42;621,05;2,616;0,104;1,381;5,466
40,43;621,08;2,616;0,104;1,381;5,466
40,43;621,1;2,616;0,104;1,381;5,466
40,43;621,13;2,615;0,104;1,381;5,465
40,43;621,15;2,615;0,104;1,381;5,465
40,43;621,18;2,614;0,103;1,381;5,465
40,43;621,2;2,614;0,103;1,381;5,465
40,44;621,23;2,613;0,103;1,381;5,465
40,44;621,25;2,613;0,103;1,381;5,465
40,44;621,28;2,612;0,103;1,381;5,465
40,44;621,3;2,611;0,103;1,381;5,465
40,44;621,33;2,61;0,103;1,381;5,465
40,44;621,35;2,609;0,103;1,381;5,465
40,44;621,38;2,609;0,103;1,381;5,465
40,45;621,4;2,608;0,103;1,381;5,465
40,45;621,43;2,607;0,103;1,381;5,465
40,45;621,45;2,606;0,103;1,381;5,465
40,45;621,48;2,606;0,103;1,38;5,465
40,45;621,5;2,605;0,103;1,38;5,465
40,46;621,53;2,604;0,103;1,38;5,465
40,46;621,55;2,603;0,103;1,38;5,465
40,46;621,57;2,602;0,103;1,38;5,465
40,46;621,6;2,601;0,103;1,38;5,465
40,46;621,62;2,6;0,103;1,38;5,465
40,46;621,65;2,599;0,103;1,38;5,465
40,46;621,67;2,598;0,103;1,38;5,465
40,47;621,7;2,597;0,103;1,38;5,465
40,47;621,72;2,596;0,103;1,38;5,465
40,47;621,75;2,594;0,103;1,38;5,465
40,47;621,77;2,593;0,103;1,38;5,465
40,47;621,8;2,592;0,103;1,38;5,465
40,48;621,82;2,591;0,103;1,38;5,465
40,48;621,85;2,59;0,103;1,38;5,465
40,48;621,87;2,589;0,103;1,38;5,465
40,48;621,9;2,588;0,102;1,38;5,465
40,48;621,92;2,587;0,102;1,38;5,465
40,48;621,95;2,586;0,102;1,38;5,465
40,49;621,97;2,586;0,102;1,38;5,465
40,49;622;2,585;0,102;1,38;5,465
40,49;622,02;2,584;0,102;1,38;5,465
40,49;622,05;2,583;0,102;1,38;5,465
40,49;622,07;2,582;0,102;1,38;5,465
40,49;622,1;2,581;0,102;1,38;5,465
40,49;622,12;2,58;0,102;1,38;5,465
40,5;622,15;2,579;0,102;1,38;5,465
40,5;622,17;2,578;0,102;1,38;5,465
40,5;622,2;2,577;0,102;1,38;5,465
40,5;622,22;2,576;0,102;1,38;5,465
40,5;622,25;2,575;0,102;1,38;5,465
40,51;622,27;2,574;0,102;1,38;5,465
40,51;622,3;2,573;0,102;1,38;5,465
40,51;622,32;2,572;0,102;1,38;5,465
40,51;622,35;2,572;0,102;1,38;5,465
40,51;622,37;2,571;0,102;1,38;5,465
40,51;622,4;2,57;0,102;1,38;5,465
40,51;622,42;2,569;0,102;1,38;5,465
40,52;622,45;2,568;0,102;1,38;5,465
40,52;622,47;2,567;0,102;1,38;5,465
40,52;622,5;2,566;0,102;1,38;5,465
40,52;622,52;2,566;0,102;1,38;5,465
40,52;622,55;2,565;0,102;1,38;5,465
40,53;622,57;2,564;0,102;1,38;5,465
40,53;622,6;2,563;0,101;1,38;5,465
40,53;622,62;2,563;0,101;1,38;5,465
40,53;622,65;2,562;0,101;1,38;5,465
40,53;622,67;2,561;0,101;1,38;5,465
40,53;622,69;2,56;0,101;1,38;5,465
40,54;622,72;2,559;0,101;1,38;5,465
40,54;622,74;2,558;0,101;1,38;5,465
40,54;622,77;2,558;0,101;1,38;5,465
40,54;622,79;2,557;0,101;1,38;5,465
40,54;622,82;2,557;0,101;1,38;5,465
40,54;622,84;2,556;0,101;1,38;5,465
40,54;622,87;2,556;0,101;1,38;5,465
40,55;622,89;2,555;0,101;1,38;5,465
40,55;622,92;2,554;0,101;1,38;5,465
40,55;622,94;2,554;0,101;1,38;5,465
40,55;622,97;2,553;0,101;1,38;5,465
40,55;622,99;2,552;0,101;1,38;5,465
40,56;623,02;2,552;0,101;1,38;5,465
40,56;623,04;2,551;0,101;1,38;5,465
40,56;623,07;2,55;0,101;1,38;5,465
40,56;623,09;2,549;0,101;1,38;5,465
40,56;623,12;2,549;0,101;1,38;5,465
40,56;623,14;2,548;0,101;1,38;5,465
40,56;623,17;2,547;0,101;1,38;5,465
40,57;623,19;2,547;0,101;1,38;5,465
40,57;623,22;2,546;0,101;1,38;5,465
40,57;623,24;2,545;0,101;1,38;5,465
40,57;623,27;2,545;0,101;1,38;5,465
40,57;623,29;2,544;0,101;1,38;5,465
40,58;623,32;2,543;0,101;1,38;5,465
40,58;623,34;2,543;0,101;1,38;5,465
40,58;623,37;2,542;0,101;1,38;5,465
40,58;623,39;2,541;0,101;1,38;5,465
40,58;623,42;2,54;0,101;1,38;5,465
40,58;623,44;2,54;0,101;1,38;5,465
40,59;623,47;2,539;0,101;1,38;5,465
40,59;623,49;2,538;0,1;1,38;5,465
40,59;623,52;2,537;0,1;1,38;5,465
40,59;623,54;2,537;0,1;1,38;5,465
40,59;623,57;2,536;0,1;1,38;5,465
40,59;623,59;2,535;0,1;1,38;5,465
40,59;623,62;2,534;0,1;1,38;5,465
40,6;623,64;2,533;0,1;1,38;5,465
40,6;623,66;2,532;0,1;1,38;5,465
40,6;623,69;2,532;0,1;1,38;5,465
40,6;623,71;2,531;0,1;1,38;5,465
40,6;623,74;2,53;0,1;1,38;5,465
40,61;623,76;2,529;0,1;1,38;5,465
40,61;623,79;2,528;0,1;1,38;5,465
40,61;623,81;2,528;0,1;1,38;5,465
40,61;623,84;2,527;0,1;1,38;5,465
40,61;623,86;2,527;0,1;1,38;5,465
40,61;623,89;2,526;0,1;1,38;5,465
40,61;623,91;2,525;0,1;1,38;5,465
40,62;623,94;2,525;0,1;1,38;5,465
40,62;623,96;2,524;0,1;1,38;5,465
40,62;623,99;2,524;0,1;1,38;5,465
40,62;624,01;2,523;0,1;1,38;5,465
40,62;624,04;2,523;0,1;1,38;5,465
40,63;624,06;2,522;0,1;1,38;5,465
40,63;624,09;2,521;0,1;1,38;5,465
40,63;624,11;2,521;0,1;1,38;5,465
40,63;624,14;2,52;0,1;1,38;5,465
40,63;624,16;2,52;0,1;1,38;5,465
40,63;624,19;2,519;0,1;1,38;5,465
40,64;624,21;2,519;0,1;1,38;5,465
40,64;624,24;2,518;0,1;1,38;5,465
40,64;624,26;2,518;0,1;1,38;5,465
40,64;624,29;2,518;0,1;1,38;5,465
40,64;624,31;2,517;0,1;1,38;5,465
40,64;624,34;2,517;0,1;1,38;5,465
40,64;624,36;2,516;0,1;1,38;5,465
40,65;624,39;2,516;0,1;1,38;5,465
40,65;624,41;2,515;0,1;1,38;5,465
40,65;624,44;2,515;0,1;1,38;5,465
40,65;624,46;2,515;0,1;1,38;5,465
40,65;624,49;2,514;0,1;1,38;5,465
40,66;624,51;2,514;0,1;1,38;5,465
40,66;624,54;2,514;0,1;1,38;5,465
40,66;624,56;2,513;0,1;1,38;5,465
40,66;624,59;2,513;0,099;1,38;5,465
40,66;624,61;2,513;0,099;1,38;5,465
40,66;624,63;2,512;0,099;1,38;5,465
40,66;624,66;2,512;0,099;1,38;5,465
40,67;624,68;2,512;0,099;1,38;5,465
40,67;624,71;2,512;0,099;1,38;5,465
40,67;624,73;2,511;0,099;1,38;5,465
40,67;624,76;2,511;0,099;1,38;5,465
40,67;624,78;2,511;0,099;1,38;5,465
40,68;624,81;2,51;0,099;1,38;5,465
40,68;624,83;2,51;0,099;1,38;5,465
40,68;624,86;2,51;0,099;1,38;5,465
40,68;624,88;2,51;0,099;1,38;5,465
40,68;624,91;2,51;0,099;1,38;5,465
40,68;624,93;2,51;0,099;1,38;5,465
40,69;624,96;2,509;0,099;1,38;5,465
40,69;624,98;2,509;0,099;1,38;5,465
40,69;625,01;2,509;0,099;1,38;5,465
40,69;625,03;2,509;0,099;1,38;5,465
40,69;625,06;2,509;0,099;1,38;5,465
40,69;625,08;2,509;0,099;1,38;5,465
40,69;625,11;2,508;0,099;1,38;5,465
40,7;625,13;2,508;0,099;1,38;5,465
40,7;625,16;2,508;0,099;1,38;5,465
40,7;625,18;2,508;0,099;1,38;5,465
40,7;625,21;2,508;0,099;1,38;5,465
40,7;625,23;2,507;0,099;1,38;5,465
40,71;625,26;2,507;0,099;1,38;5,465
40,71;625,28;2,507;0,099;1,38;5,465
40,71;625,31;2,507;0,099;1,38;5,465
40,71;625,33;2,507;0,099;1,38;5,465
40,71;625,36;2,506;0,099;1,38;5,465
40,71;625,38;2,506;0,099;1,38;5,465
40,71;625,41;2,506;0,099;1,38;5,465
40,72;625,43;2,506;0,099;1,38;5,465
40,72;625,46;2,505;0,099;1,38;5,465
40,72;625,48;2,505;0,099;1,38;5,465
40,72;625,51;2,505;0,099;1,38;5,465
40,72;625,53;2,504;0,099;1,38;5,465
40,73;625,56;2,504;0,099;1,38;5,465
40,73;625,58;2,504;0,099;1,38;5,465
40,73;625,61;2,504;0,099;1,38;5,465
40,73;625,63;2,503;0,099;1,38;5,465
40,73;625,66;2,503;0,099;1,38;5,465
40,73;625,68;2,503;0,099;1,38;5,465
40,74;625,71;2,503;0,099;1,38;5,465
40,74;625,73;2,502;0,099;1,38;5,465
40,74;625,76;2,502;0,099;1,38;5,465
40,74;625,78;2,501;0,099;1,38;5,465
40,74;625,8;2,501;0,099;1,38;5,465
40,74;625,83;2,501;0,099;1,38;5,465
40,74;625,85;2,5;0,099;1,38;5,465
40,75;625,88;2,5;0,099;1,38;5,465
40,75;625,9;2,499;0,099;1,38;5,465
40,75;625,93;2,499;0,099;1,38;5,465
40,75;625,95;2,498;0,099;1,38;5,465
40,75;625,98;2,498;0,099;1,38;5,465
40,76;626;2,497;0,099;1,38;5,465
40,76;626,03;2,497;0,099;1,38;5,465
40,76;626,05;2,496;0,099;1,38;5,465
40,76;626,08;2,496;0,099;1,38;5,465
40,76;626,1;2,495;0,099;1,38;5,465
40,76;626,13;2,495;0,099;1,38;5,465
40,76;626,15;2,494;0,099;1,38;5,465
40,77;626,18;2,494;0,099;1,38;5,465
40,77;626,2;2,493;0,099;1,38;5,465
40,77;626,23;2,492;0,099;1,38;5,465
40,77;626,25;2,492;0,099;1,38;5,465
40,77;626,28;2,491;0,099;1,38;5,465
40,78;626,3;2,491;0,099;1,38;5,465
40,78;626,33;2,49;0,099;1,38;5,465
40,78;626,35;2,49;0,099;1,38;5,465
40,78;626,38;2,489;0,099;1,38;5,464
40,78;626,4;2,489;0,099;1,38;5,464
40,78;626,43;2,488;0,098;1,38;5,464
40,79;626,45;2,487;0,098;1,38;5,464
40,79;626,48;2,486;0,098;1,38;5,464
40,79;626,5;2,485;0,098;1,38;5,464
40,79;626,53;2,485;0,098;1,38;5,464
40,79;626,55;2,484;0,098;1,38;5,464
40,79;626,58;2,483;0,098;1,38;5,464
40,79;626,6;2,482;0,098;1,38;5,464
40,8;626,63;2,481;0,098;1,38;5,464
40,8;626,65;2,481;0,098;1,38;5,464
40,8;626,68;2,48;0,098;1,38;5,464
40,8;626,7;2,479;0,098;1,38;5,464
40,8;626,73;2,478;0,098;1,38;5,464
40,81;626,75;2,477;0,098;1,38;5,464
40,81;626,78;2,476;0,098;1,38;5,464
40,81;626,8;2,475;0,098;1,38;5,464
40,81;626,83;2,474;0,098;1,38;5,464
40,81;626,85;2,473;0,098;1,38;5,464
40,81;626,87;2,472;0,098;1,38;5,464
40,81;626,9;2,471;0,098;1,38;5,464
40,82;626,92;2,47;0,098;1,38;5,464
40,82;626,95;2,469;0,098;1,38;5,464
40,82;626,97;2,468;0,098;1,38;5,464
40,82;627;2,467;0,098;1,38;5,464
40,82;627,02;2,466;0,098;1,38;5,464
40,83;627,05;2,465;0,098;1,38;5,464
40,83;627,07;2,464;0,098;1,38;5,464
40,83;627,1;2,463;0,098;1,38;5,464
40,83;627,12;2,462;0,097;1,38;5,464
40,83;627,15;2,461;0,097;1,38;5,464
40,83;627,17;2,46;0,097;1,38;5,464
40,84;627,2;2,459;0,097;1,38;5,464
40,84;627,22;2,457;0,097;1,38;5,464
40,84;627,25;2,456;0,097;1,38;5,464
40,84;627,27;2,455;0,097;1,38;5,464
40,84;627,3;2,454;0,097;1,38;5,464
40,84;627,32;2,453;0,097;1,38;5,464
40,84;627,35;2,452;0,097;1,38;5,464
40,85;627,37;2,45;0,097;1,38;5,464
40,85;627,4;2,449;0,097;1,38;5,464
40,85;627,42;2,448;0,097;1,38;5,464
40,85;627,45;2,447;0,097;1,38;5,464
40,85;627,47;2,446;0,097;1,38;5,464
40,86;627,5;2,444;0,097;1,38;5,464
40,86;627,52;2,443;0,097;1,38;5,464
40,86;627,55;2,442;0,097;1,38;5,464
40,86;627,57;2,441;0,097;1,38;5,464
40,86;627,6;2,439;0,097;1,38;5,464
40,86;627,62;2,438;0,097;1,38;5,464
40,86;627,65;2,437;0,096;1,38;5,464
40,87;627,67;2,436;0,096;1,38;5,464
40,87;627,7;2,435;0,096;1,38;5,464
40,87;627,72;2,434;0,096;1,38;5,464
40,87;627,75;2,433;0,096;1,38;5,464
40,87;627,77;2,432;0,096;1,38;5,464
40,88;627,8;2,431;0,096;1,38;5,464
40,88;627,82;2,43;0,096;1,38;5,464
40,88;627,84;2,429;0,096;1,38;5,464
40,88;627,87;2,428;0,096;1,38;5,464
40,88;627,89;2,427;0,096;1,38;5,464
40,88;627,92;2,426;0,096;1,38;5,464
40,89;627,94;2,425;0,096;1,38;5,464
40,89;627,97;2,424;0,096;1,38;5,464
40,89;627,99;2,423;0,096;1,38;5,464
40,89;628,02;2,422;0,096;1,38;5,464
40,89;628,04;2,421;0,096;1,38;5,464
40,89;628,07;2,42;0,096;1,38;5,464
40,89;628,09;2,42;0,096;1,38;5,464
40,9;628,12;2,419;0,096;1,38;5,464
40,9;628,14;2,418;0,096;1,38;5,464
40,9;628,17;2,417;0,096;1,38;5,464
40,9;628,19;2,416;0,096;1,38;5,464
40,9;628,22;2,415;0,096;1,38;5,464
40,91;628,24;2,415;0,096;1,38;5,464
40,91;628,27;2,414;0,096;1,38;5,464
40,91;628,29;2,413;0,096;1,38;5,464
40,91;628,32;2,412;0,096;1,38;5,464
40,91;628,34;2,411;0,095;1,38;5,464
40,91;628,37;2,411;0,095;1,38;5,464
40,91;628,39;2,41;0,095;1,38;5,464
40,92;628,42;2,409;0,095;1,38;5,464
40,92;628,44;2,409;0,095;1,38;5,464
40,92;628,47;2,408;0,095;1,38;5,464
40,92;628,49;2,407;0,095;1,38;5,464
40,92;628,52;2,406;0,095;1,38;5,464
40,93;628,54;2,406;0,095;1,38;5,464
40,93;628,57;2,405;0,095;1,38;5,464
40,93;628,59;2,404;0,095;1,38;5,464
40,93;628,62;2,403;0,095;1,38;5,464
40,93;628,64;2,402;0,095;1,38;5,464
40,93;628,67;2,401;0,095;1,38;5,464
40,94;628,69;2,4;0,095;1,38;5,464
40,94;628,72;2,399;0,095;1,38;5,464
40,94;628,74;2,398;0,095;1,38;5,464
40,94;628,77;2,397;0,095;1,38;5,464
40,94;628,79;2,396;0,095;1,38;5,464
40,94;628,82;2,396;0,095;1,38;5,464
40,94;628,84;2,395;0,095;1,38;5,464
40,95;628,87;2,394;0,095;1,38;5,464
40,95;628,89;2,393;0,095;1,38;5,464
40,95;628,92;2,392;0,095;1,38;5,464
40,95;628,94;2,392;0,095;1,38;5,464
40,95;628,97;2,391;0,095;1,38;5,464
40,96;628,99;2,39;0,095;1,38;5,464
40,96;629,02;2,389;0,095;1,38;5,464
40,96;629,04;2,389;0,095;1,38;5,464
40,96;629,06;2,388;0,095;1,38;5,464
40,96;629,09;2,387;0,095;1,38;5,464
40,96;629,11;2,386;0,094;1,38;5,464
40,96;629,14;2,386;0,094;1,38;5,464
40,97;629,16;2,385;0,094;1,38;5,464
40,97;629,19;2,384;0,094;1,38;5,464
40,97;629,21;2,384;0,094;1,38;5,464
40,97;629,24;2,383;0,094;1,38;5,464
40,97;629,26;2,382;0,094;1,38;5,464
40,98;629,29;2,382;0,094;1,38;5,464
40,98;629,31;2,381;0,094;1,38;5,464
40,98;629,34;2,38;0,094;1,38;5,464
40,98;629,36;2,38;0,094;1,38;5,464
40,98;629,39;2,379;0,094;1,38;5,464
40,98;629,41;2,379;0,094;1,38;5,464
40,99;629,44;2,378;0,094;1,38;5,464
40,99;629,46;2,377;0,094;1,38;5,464
40,99;629,49;2,377;0,094;1,38;5,464
40,99;629,51;2,376;0,094;1,38;5,464
40,99;629,54;2,376;0,094;1,38;5,464
40,99;629,56;2,375;0,094;1,38;5,464
40,99;629,59;2,374;0,094;1,38;5,464
41;629,61;2,374;0,094;1,38;5,464
41;629,64;2,373;0,094;1,38;5,464
41;629,66;2,373;0,094;1,38;5,464
41;629,69;2,372;0,094;1,38;5,464
41;629,71;2,372;0,094;1,38;5,464
41,01;629,74;2,371;0,094;1,38;5,464
41,01;629,76;2,371;0,094;1,38;5,464
41,01;629,79;2,371;0,094;1,38;5,464
41,01;629,81;2,371;0,094;1,38;5,464
41,01;629,84;2,371;0,094;1,38;5,464
41,01;629,86;2,371;0,094;1,38;5,464
41,01;629,89;2,371;0,094;1,38;5,464
41,02;629,91;2,371;0,094;1,38;5,464
41,02;629,94;2,371;0,094;1,38;5,464
41,02;629,96;2,371;0,094;1,38;5,464
41,02;629,99;2,37;0,094;1,38;5,464
41,02;630,01;2,37;0,094;1,38;5,464
41,03;630,04;2,37;0,094;1,38;5,464
41,03;630,06;2,37;0,094;1,38;5,464
41,03;630,09;2,37;0,094;1,38;5,464
41,03;630,11;2,37;0,094;1,38;5,464
41,03;630,14;2,37;0,094;1,38;5,464
41,03;630,16;2,369;0,094;1,38;5,464
41,04;630,19;2,369;0,094;1,38;5,464
41,04;630,21;2,369;0,094;1,38;5,464
41,04;630,24;2,369;0,094;1,38;5,464
41,04;630,26;2,369;0,094;1,38;5,464
41,04;630,29;2,368;0,094;1,38;5,464
41,04;630,31;2,368;0,094;1,38;5,464
41,04;630,34;2,368;0,094;1,38;5,464
41,05;630,36;2,368;0,094;1,38;5,464
41,05;630,39;2,367;0,094;1,38;5,464
41,05;630,41;2,367;0,094;1,38;5,464
41,05;630,44;2,367;0,094;1,38;5,464
41,05;630,46;2,366;0,094;1,38;5,464
41,06;630,48;2,366;0,094;1,38;5,464
41,06;630,51;2,365;0,094;1,38;5,464
41,06;630,53;2,365;0,094;1,38;5,464
41,06;630,56;2,364;0,094;1,38;5,463
41,06;630,58;2,364;0,094;1,38;5,463
41,06;630,61;2,363;0,094;1,38;5,463
41,06;630,63;2,363;0,094;1,38;5,463
41,07;630,66;2,362;0,094;1,38;5,463
41,07;630,68;2,361;0,093;1,38;5,463
41,07;630,71;2,361;0,093;1,38;5,463
41,07;630,73;2,36;0,093;1,38;5,463
41,07;630,76;2,359;0,093;1,38;5,463
41,08;630,78;2,358;0,093;1,38;5,463
41,08;630,81;2,358;0,093;1,38;5,463
41,08;630,83;2,357;0,093;1,38;5,463
41,08;630,86;2,356;0,093;1,38;5,463
41,08;630,88;2,355;0,093;1,38;5,463
41,08;630,91;2,355;0,093;1,38;5,463
41,09;630,93;2,354;0,093;1,38;5,463
41,09;630,96;2,353;0,093;1,38;5,463
41,09;630,98;2,352;0,093;1,38;5,463
41,09;631,01;2,352;0,093;1,38;5,463
41,09;631,03;2,351;0,093;1,38;5,463
41,09;631,06;2,35;0,093;1,38;5,463
41,09;631,08;2,349;0,093;1,38;5,463
41,1;631,11;2,348;0,093;1,38;5,463
41,1;631,13;2,347;0,093;1,38;5,463
41,1;631,16;2,346;0,093;1,38;5,463
41,1;631,18;2,346;0,093;1,38;5,463
41,1;631,21;2,345;0,093;1,38;5,463
41,11;631,23;2,344;0,093;1,38;5,463
41,11;631,26;2,343;0,093;1,38;5,463
41,11;631,28;2,342;0,093;1,38;5,463
41,11;631,31;2,341;0,093;1,38;5,463
41,11;631,33;2,34;0,093;1,38;5,463
41,11;631,36;2,339;0,093;1,38;5,463
41,11;631,38;2,338;0,093;1,38;5,463
41,12;631,41;2,337;0,093;1,38;5,463
41,12;631,43;2,337;0,093;1,38;5,463
41,12;631,46;2,336;0,092;1,38;5,463
41,12;631,48;2,335;0,092;1,38;5,463
41,12;631,51;2,334;0,092;1,38;5,463
41,13;631,53;2,333;0,092;1,38;5,463
41,13;631,55;2,332;0,092;1,38;5,463
41,13;631,58;2,331;0,092;1,38;5,463
41,13;631,6;2,331;0,092;1,38;5,463
41,13;631,63;2,33;0,092;1,38;5,463
41,13;631,65;2,329;0,092;1,38;5,463
41,14;631,68;2,328;0,092;1,38;5,463
41,14;631,7;2,328;0,092;1,38;5,463
41,14;631,73;2,327;0,092;1,38;5,463
41,14;631,75;2,326;0,092;1,38;5,463
41,14;631,78;2,325;0,092;1,38;5,463
41,14;631,8;2,325;0,092;1,38;5,463
41,14;631,83;2,324;0,092;1,38;5,463
41,15;631,85;2,324;0,092;1,38;5,463
41,15;631,88;2,323;0,092;1,38;5,463
41,15;631,9;2,323;0,092;1,38;5,463
41,15;631,93;2,322;0,092;1,38;5,463
41,15;631,95;2,322;0,092;1,38;5,463
41,16;631,98;2,321;0,092;1,38;5,463
41,16;632;2,321;0,092;1,38;5,463
41,16;632,03;2,32;0,092;1,38;5,463
41,16;632,05;2,32;0,092;1,38;5,463
41,16;632,08;2,32;0,092;1,38;5,463
41,16;632,1;2,319;0,092;1,38;5,463
41,16;632,13;2,319;0,092;1,38;5,463
41,17;632,15;2,318;0,092;1,38;5,463
41,17;632,18;2,318;0,092;1,38;5,463
41,17;632,2;2,317;0,092;1,38;5,463
41,17;632,23;2,317;0,092;1,38;5,463
41,17;632,25;2,317;0,092;1,38;5,463
41,18;632,28;2,316;0,092;1,38;5,463
41,18;632,3;2,316;0,092;1,38;5,463
41,18;632,33;2,315;0,092;1,38;5,463
41,18;632,35;2,315;0,092;1,38;5,463
41,18;632,38;2,315;0,092;1,38;5,463
41,18;632,4;2,314;0,092;1,38;5,463
41,19;632,43;2,314;0,092;1,38;5,463
41,19;632,45;2,313;0,092;1,38;5,463
41,19;632,48;2,313;0,092;1,38;5,463
41,19;632,5;2,312;0,092;1,38;5,463
41,19;632,53;2,312;0,092;1,38;5,463
41,19;632,55;2,312;0,092;1,38;5,463
41,19;632,58;2,311;0,091;1,38;5,463
41,2;632,6;2,311;0,091;1,38;5,463
41,2;632,63;2,31;0,091;1,38;5,463
41,2;632,65;2,31;0,091;1,38;5,463
41,2;632,68;2,309;0,091;1,38;5,463
41,2;632,7;2,309;0,091;1,38;5,463
41,21;632,73;2,308;0,091;1,38;5,463
41,21;632,75;2,308;0,091;1,38;5,463
41,21;632,78;2,307;0,091;1,38;5,463
41,21;632,8;2,307;0,091;1,38;5,463
41,21;632,83;2,306;0,091;1,38;5,463
41,21;632,85;2,305;0,091;1,38;5,463
41,21;632,87;2,305;0,091;1,38;5,463
41,22;632,9;2,304;0,091;1,38;5,463
41,22;632,92;2,303;0,091;1,38;5,463
41,22;632,95;2,302;0,091;1,38;5,463
41,22;632,97;2,302;0,091;1,38;5,463
41,22;633;2,301;0,091;1,38;5,463
41,23;633,02;2,301;0,091;1,38;5,463
41,23;633,05;2,3;0,091;1,38;5,463
41,23;633,07;2,299;0,091;1,38;5,463
41,23;633,1;2,298;0,091;1,38;5,463
41,23;633,12;2,298;0,091;1,38;5,463
41,23;633,15;2,297;0,091;1,38;5,463
41,24;633,17;2,296;0,091;1,38;5,463
41,24;633,2;2,295;0,091;1,38;5,463
41,24;633,22;2,294;0,091;1,38;5,463
41,24;633,25;2,293;0,091;1,38;5,463
41,24;633,27;2,292;0,091;1,38;5,463
41,24;633,3;2,291;0,091;1,38;5,463
41,24;633,32;2,29;0,091;1,38;5,463
41,25;633,35;2,29;0,091;1,38;5,463
41,25;633,37;2,289;0,091;1,38;5,463
41,25;633,4;2,288;0,091;1,38;5,463
41,25;633,42;2,287;0,091;1,38;5,463
41,25;633,45;2,286;0,09;1,38;5,463
41,26;633,47;2,285;0,09;1,38;5,463
41,26;633,5;2,283;0,09;1,38;5,463
41,26;633,52;2,282;0,09;1,38;5,463
41,26;633,55;2,281;0,09;1,38;5,463
41,26;633,57;2,28;0,09;1,38;5,463
41,26;633,6;2,279;0,09;1,38;5,463
41,26;633,62;2,278;0,09;1,38;5,463
41,27;633,65;2,277;0,09;1,38;5,463
41,27;633,67;2,276;0,09;1,38;5,463
41,27;633,7;2,275;0,09;1,38;5,463
41,27;633,72;2,274;0,09;1,38;5,463
41,27;633,75;2,272;0,09;1,38;5,463
41,28;633,77;2,271;0,09;1,38;5,463
41,28;633,8;2,27;0,09;1,38;5,463
41,28;633,82;2,269;0,09;1,38;5,463
41,28;633,85;2,268;0,09;1,38;5,463
41,28;633,87;2,267;0,09;1,38;5,463
41,28;633,89;2,266;0,09;1,38;5,463
41,29;633,92;2,264;0,09;1,38;5,463
41,29;633,94;2,263;0,09;1,38;5,463
41,29;633,97;2,262;0,09;1,38;5,463
41,29;633,99;2,261;0,09;1,38;5,463
41,29;634,02;2,26;0,089;1,38;5,463
41,29;634,04;2,259;0,089;1,38;5,463
41,29;634,07;2,258;0,089;1,38;5,463
41,3;634,09;2,257;0,089;1,38;5,463
41,3;634,12;2,256;0,089;1,38;5,463
41,3;634,14;2,255;0,089;1,38;5,463
41,3;634,17;2,254;0,089;1,38;5,463
41,3;634,19;2,253;0,089;1,38;5,463
41,31;634,22;2,253;0,089;1,38;5,463
41,31;634,24;2,252;0,089;1,38;5,463
41,31;634,27;2,251;0,089;1,38;5,463
41,31;634,29;2,25;0,089;1,38;5,463
41,31;634,32;2,248;0,089;1,38;5,463
41,31;634,34;2,248;0,089;1,38;5,463
41,31;634,37;2,247;0,089;1,38;5,463
41,32;634,39;2,246;0,089;1,38;5,463
41,32;634,42;2,245;0,089;1,38;5,463
41,32;634,44;2,244;0,089;1,38;5,463
41,32;634,47;2,243;0,089;1,38;5,463
41,32;634,49;2,242;0,089;1,38;5,463
41,33;634,52;2,242;0,089;1,38;5,463
41,33;634,54;2,241;0,089;1,38;5,463
41,33;634,57;2,24;0,089;1,38;5,463
41,33;634,59;2,239;0,089;1,38;5,463
41,33;634,62;2,238;0,089;1,38;5,463
41,33;634,64;2,237;0,089;1,38;5,462
41,34;634,67;2,236;0,089;1,38;5,462
41,34;634,69;2,236;0,089;1,38;5,462
41,34;634,72;2,235;0,088;1,38;5,462
41,34;634,74;2,234;0,088;1,38;5,462
41,34;634,77;2,234;0,088;1,38;5,462
41,34;634,79;2,233;0,088;1,38;5,462
41,34;634,82;2,232;0,088;1,38;5,462
41,35;634,84;2,231;0,088;1,38;5,462
41,35;634,87;2,231;0,088;1,38;5,462
41,35;634,89;2,23;0,088;1,38;5,462
41,35;634,91;2,229;0,088;1,38;5,462
41,35;634,94;2,229;0,088;1,38;5,462
41,36;634,96;2,228;0,088;1,38;5,462
41,36;634,99;2,228;0,088;1,38;5,462
41,36;635,01;2,227;0,088;1,38;5,462
41,36;635,04;2,226;0,088;1,38;5,462
41,36;635,06;2,226;0,088;1,38;5,462
41,36;635,09;2,225;0,088;1,38;5,462
41,36;635,11;2,225;0,088;1,38;5,462
41,37;635,14;2,224;0,088;1,38;5,462
41,37;635,16;2,224;0,088;1,38;5,462
41,37;635,19;2,223;0,088;1,38;5,462
41,37;635,21;2,222;0,088;1,38;5,462
41,37;635,24;2,221;0,088;1,38;5,462
41,38;635,26;2,221;0,088;1,38;5,462
41,38;635,29;2,22;0,088;1,38;5,462
41,38;635,31;2,219;0,088;1,38;5,462
41,38;635,34;2,218;0,088;1,38;5,462
41,38;635,36;2,217;0,088;1,38;5,462
41,38;635,39;2,216;0,088;1,38;5,462
41,39;635,41;2,215;0,088;1,38;5,462
41,39;635,44;2,214;0,088;1,38;5,462
41,39;635,46;2,213;0,088;1,38;5,462
41,39;635,49;2,212;0,088;1,38;5,462
41,39;635,51;2,211;0,088;1,38;5,462
41,39;635,54;2,21;0,087;1,38;5,462
41,39;635,56;2,209;0,087;1,38;5,462
41,4;635,59;2,208;0,087;1,38;5,462
41,4;635,61;2,207;0,087;1,38;5,462
41,4;635,64;2,205;0,087;1,38;5,462
41,4;635,66;2,204;0,087;1,38;5,462
41,4;635,69;2,203;0,087;1,38;5,462
41,41;635,71;2,202;0,087;1,38;5,462
41,41;635,74;2,201;0,087;1,38;5,462
41,41;635,76;2,2;0,087;1,38;5,462
41,41;635,79;2,199;0,087;1,38;5,462
41,41;635,81;2,198;0,087;1,38;5,462
41,41;635,84;2,197;0,087;1,38;5,462
41,41;635,86;2,196;0,087;1,38;5,462
41,42;635,89;2,195;0,087;1,38;5,462
41,42;635,91;2,193;0,087;1,38;5,462
41,42;635,94;2,192;0,087;1,38;5,462
41,42;635,96;2,191;0,087;1,38;5,462
41,42;635,98;2,19;0,087;1,38;5,462
41,43;636,01;2,189;0,087;1,38;5,462
41,43;636,03;2,187;0,087;1,38;5,462
41,43;636,06;2,186;0,087;1,38;5,462
41,43;636,08;2,185;0,087;1,38;5,462
41,43;636,11;2,184;0,086;1,38;5,462
41,43;636,13;2,183;0,086;1,38;5,462
41,44;636,16;2,181;0,086;1,38;5,462
41,44;636,18;2,18;0,086;1,38;5,462
41,44;636,21;2,179;0,086;1,38;5,462
41,44;636,23;2,178;0,086;1,38;5,462
41,44;636,26;2,176;0,086;1,38;5,462
41,44;636,28;2,175;0,086;1,38;5,462
41,44;636,31;2,174;0,086;1,38;5,462
41,45;636,33;2,173;0,086;1,38;5,462
41,45;636,36;2,171;0,086;1,38;5,462
41,45;636,38;2,17;0,086;1,38;5,462
41,45;636,41;2,169;0,086;1,38;5,462
41,45;636,43;2,168;0,086;1,38;5,462
41,46;636,46;2,167;0,086;1,38;5,462
41,46;636,48;2,166;0,086;1,38;5,462
41,46;636,51;2,165;0,086;1,38;5,462
41,46;636,53;2,164;0,086;1,38;5,462
41,46;636,56;2,163;0,086;1,38;5,462
41,46;636,58;2,162;0,086;1,38;5,462
41,46;636,61;2,161;0,086;1,38;5,462
41,47;636,63;2,16;0,086;1,38;5,462
41,47;636,66;2,159;0,085;1,38;5,462
41,47;636,68;2,158;0,085;1,38;5,462
41,47;636,71;2,157;0,085;1,38;5,462
41,47;636,73;2,157;0,085;1,38;5,462
41,48;636,76;2,156;0,085;1,38;5,462
41,48;636,78;2,155;0,085;1,38;5,462
41,48;636,81;2,154;0,085;1,38;5,462
41,48;636,83;2,153;0,085;1,38;5,462
41,48;636,86;2,153;0,085;1,38;5,462
41,48;636,88;2,152;0,085;1,38;5,462
41,49;636,91;2,151;0,085;1,38;5,462
41,49;636,93;2,15;0,085;1,38;5,462
41,49;636,96;2,15;0,085;1,38;5,462
41,49;636,98;2,149;0,085;1,38;5,462
41,49;637,01;2,148;0,085;1,38;5,462
41,49;637,03;2,148;0,085;1,38;5,462
41,49;637,06;2,147;0,085;1,38;5,462
41,5;637,08;2,146;0,085;1,38;5,462
41,5;637,1;2,146;0,085;1,38;5,462
41,5;637,13;2,145;0,085;1,38;5,462
41,5;637,15;2,144;0,085;1,38;5,462
41,5;637,18;2,144;0,085;1,38;5,462
41,51;637,2;2,143;0,085;1,38;5,462
41,51;637,23;2,143;0,085;1,38;5,462
41,51;637,25;2,142;0,085;1,38;5,462
41,51;637,28;2,141;0,085;1,38;5,462
41,51;637,3;2,141;0,085;1,38;5,462
41,51;637,33;2,14;0,085;1,38;5,462
41,51;637,35;2,14;0,085;1,38;5,462
41,52;637,38;2,139;0,085;1,38;5,462
41,52;637,4;2,139;0,085;1,38;5,462
41,52;637,43;2,138;0,085;1,38;5,462
41,52;637,45;2,138;0,085;1,38;5,462
41,52;637,48;2,137;0,085;1,38;5,462
41,53;637,5;2,136;0,085;1,38;5,462
41,53;637,53;2,136;0,085;1,38;5,462
41,53;637,55;2,135;0,085;1,38;5,462
41,53;637,58;2,134;0,084;1,38;5,462
41,53;637,6;2,134;0,084;1,38;5,462
41,53;637,63;2,133;0,084;1,38;5,462
41,54;637,65;2,132;0,084;1,38;5,462
41,54;637,68;2,132;0,084;1,38;5,462
41,54;637,7;2,131;0,084;1,38;5,462
41,54;637,73;2,13;0,084;1,38;5,462
41,54;637,75;2,13;0,084;1,38;5,462
41,54;637,78;2,129;0,084;1,38;5,462
41,54;637,8;2,129;0,084;1,38;5,462
41,55;637,83;2,128;0,084;1,38;5,462
41,55;637,85;2,127;0,084;1,38;5,462
41,55;637,88;2,126;0,084;1,38;5,462
41,55;637,9;2,126;0,084;1,38;5,462
41,55;637,93;2,125;0,084;1,38;5,462
41,56;637,95;2,124;0,084;1,38;5,462
41,56;637,98;2,124;0,084;1,38;5,462
41,56;638;2,123;0,084;1,38;5,462
41,56;638,03;2,122;0,084;1,38;5,462
41,56;638,05;2,122;0,084;1,38;5,462
41,56;638,08;2,121;0,084;1,38;5,462
41,56;638,1;2,12;0,084;1,38;5,462
41,57;638,13;2,12;0,084;1,38;5,462
41,57;638,15;2,119;0,084;1,38;5,462
41,57;638,18;2,118;0,084;1,38;5,462
41,57;638,2;2,117;0,084;1,38;5,462
41,57;638,23;2,117;0,084;1,38;5,462
41,58;638,25;2,116;0,084;1,38;5,462
41,58;638,28;2,115;0,084;1,38;5,462
41,58;638,3;2,114;0,084;1,38;5,462
41,58;638,33;2,113;0,084;1,38;5,462
41,58;638,35;2,112;0,084;1,38;5,462
41,58;638,38;2,111;0,084;1,38;5,461
41,59;638,4;2,111;0,084;1,38;5,461
41,59;638,42;2,11;0,084;1,38;5,461
41,59;638,45;2,109;0,083;1,38;5,461
41,59;638,47;2,108;0,083;1,379;5,461
41,59;638,5;2,107;0,083;1,379;5,461
41,59;638,52;2,106;0,083;1,379;5,461
41,59;638,55;2,105;0,083;1,379;5,461
41,6;638,57;2,104;0,083;1,379;5,461
41,6;638,6;2,103;0,083;1,379;5,461
41,6;638,62;2,102;0,083;1,379;5,461
41,6;638,65;2,101;0,083;1,379;5,461
41,6;638,67;2,1;0,083;1,379;5,461
41,61;638,7;2,099;0,083;1,379;5,461
41,61;638,72;2,098;0,083;1,379;5,461
41,61;638,75;2,097;0,083;1,379;5,461
41,61;638,77;2,096;0,083;1,379;5,461
41,61;638,8;2,095;0,083;1,379;5,461
41,61;638,82;2,094;0,083;1,379;5,461
41,61;638,85;2,093;0,083;1,379;5,461
41,62;638,87;2,092;0,083;1,379;5,461
41,62;638,9;2,091;0,083;1,379;5,461
41,62;638,92;2,09;0,083;1,379;5,461
41,62;638,95;2,089;0,083;1,379;5,461
41,62;638,97;2,088;0,083;1,379;5,461
41,63;639;2,087;0,083;1,379;5,461
41,63;639,02;2,085;0,083;1,379;5,461
41,63;639,05;2,084;0,083;1,379;5,461
41,63;639,07;2,083;0,082;1,379;5,461
41,63;639,1;2,082;0,082;1,379;5,461
41,63;639,12;2,081;0,082;1,379;5,461
41,64;639,15;2,08;0,082;1,379;5,461
41,64;639,17;2,079;0,082;1,379;5,461
41,64;639,2;2,078;0,082;1,379;5,461
41,64;639,22;2,077;0,082;1,379;5,461
41,64;639,25;2,076;0,082;1,379;5,461
41,64;639,27;2,075;0,082;1,379;5,461
41,64;639,3;2,074;0,082;1,379;5,461
41,65;639,32;2,073;0,082;1,379;5,461
41,65;639,35;2,072;0,082;1,379;5,461
41,65;639,37;2,071;0,082;1,379;5,461
41,65;639,4;2,07;0,082;1,379;5,461
41,65;639,42;2,069;0,082;1,379;5,461
41,66;639,45;2,069;0,082;1,379;5,461
41,66;639,47;2,068;0,082;1,379;5,461
41,66;639,5;2,067;0,082;1,379;5,461
41,66;639,52;2,066;0,082;1,379;5,461
41,66;639,54;2,065;0,082;1,379;5,461
41,66;639,57;2,064;0,082;1,379;5,461
41,66;639,59;2,063;0,082;1,379;5,461
41,67;639,62;2,063;0,082;1,379;5,461
41,67;639,64;2,062;0,082;1,379;5,461
41,67;639,67;2,061;0,082;1,379;5,461
41,67;639,69;2,06;0,082;1,379;5,461
41,67;639,72;2,059;0,082;1,379;5,461
41,68;639,74;2,058;0,081;1,379;5,461
41,68;639,77;2,057;0,081;1,379;5,461
41,68;639,79;2,056;0,081;1,379;5,461
41,68;639,82;2,055;0,081;1,379;5,461
41,68;639,84;2,055;0,081;1,379;5,461
41,68;639,87;2,054;0,081;1,379;5,461
41,69;639,89;2,053;0,081;1,379;5,461
41,69;639,92;2,052;0,081;1,379;5,461
41,69;639,94;2,051;0,081;1,379;5,461
41,69;639,97;2,05;0,081;1,379;5,461
41,69;639,99;2,048;0,081;1,379;5,461
41,69;640,02;2,047;0,081;1,379;5,461
41,69;640,04;2,046;0,081;1,379;5,461
41,7;640,07;2,045;0,081;1,379;5,461
41,7;640,09;2,044;0,081;1,379;5,461
41,7;640,12;2,043;0,081;1,379;5,461
41,7;640,14;2,042;0,081;1,379;5,461
41,7;640,17;2,041;0,081;1,379;5,461
41,71;640,19;2,039;0,081;1,379;5,461
41,71;640,22;2,038;0,081;1,379;5,461
41,71;640,24;2,037;0,081;1,379;5,461
41,71;640,27;2,036;0,081;1,379;5,461
41,71;640,29;2,035;0,081;1,379;5,461
41,71;640,32;2,034;0,081;1,379;5,461
41,71;640,34;2,033;0,08;1,379;5,461
41,72;640,37;2,032;0,08;1,379;5,461
41,72;640,39;2,031;0,08;1,379;5,461
41,72;640,42;2,03;0,08;1,379;5,461
41,72;640,44;2,028;0,08;1,379;5,461
41,72;640,47;2,027;0,08;1,379;5,461
41,73;640,49;2,026;0,08;1,379;5,461
41,73;640,52;2,025;0,08;1,379;5,461
41,73;640,54;2,024;0,08;1,379;5,461
41,73;640,56;2,023;0,08;1,379;5,461
41,73;640,59;2,021;0,08;1,379;5,461
41,73;640,61;2,02;0,08;1,379;5,461
41,74;640,64;2,019;0,08;1,379;5,461
41,74;640,66;2,018;0,08;1,379;5,461
41,74;640,69;2,017;0,08;1,379;5,461
41,74;640,71;2,016;0,08;1,379;5,461
41,74;640,74;2,015;0,08;1,379;5,461
41,74;640,76;2,013;0,08;1,379;5,461
41,74;640,79;2,012;0,08;1,379;5,461
41,75;640,81;2,011;0,08;1,379;5,461
41,75;640,84;2,01;0,08;1,379;5,461
41,75;640,86;2,009;0,08;1,379;5,461
41,75;640,89;2,007;0,079;1,379;5,461
41,75;640,91;2,006;0,079;1,379;5,461
41,76;640,94;2,005;0,079;1,379;5,461
41,76;640,96;2,003;0,079;1,379;5,461
41,76;640,99;2,002;0,079;1,379;5,461
41,76;641,01;2,001;0,079;1,379;5,461
41,76;641,04;1,999;0,079;1,379;5,461
41,76;641,06;1,998;0,079;1,379;5,461
41,76;641,09;1,997;0,079;1,379;5,461
41,77;641,11;1,996;0,079;1,379;5,461
41,77;641,14;1,994;0,079;1,379;5,461
41,77;641,16;1,993;0,079;1,379;5,461
41,77;641,19;1,992;0,079;1,379;5,461
41,77;641,21;1,991;0,079;1,379;5,461
41,78;641,24;1,99;0,079;1,379;5,461
41,78;641,26;1,989;0,079;1,379;5,461
41,78;641,29;1,989;0,079;1,379;5,461
41,78;641,31;1,988;0,079;1,379;5,461
41,78;641,34;1,987;0,079;1,379;5,461
41,78;641,36;1,986;0,079;1,379;5,461
41,79;641,39;1,985;0,079;1,379;5,461
41,79;641,41;1,984;0,079;1,379;5,461
41,79;641,44;1,983;0,079;1,379;5,461
41,79;641,46;1,983;0,078;1,379;5,461
41,79;641,49;1,982;0,078;1,379;5,461
41,79;641,51;1,981;0,078;1,379;5,461
41,79;641,54;1,98;0,078;1,379;5,461
41,8;641,56;1,979;0,078;1,379;5,461
41,8;641,59;1,978;0,078;1,379;5,461
41,8;641,61;1,977;0,078;1,379;5,461
41,8;641,64;1,977;0,078;1,379;5,461
41,8;641,66;1,976;0,078;1,379;5,461
41,81;641,68;1,975;0,078;1,379;5,461
41,81;641,71;1,974;0,078;1,379;5,461
41,81;641,73;1,973;0,078;1,379;5,461
41,81;641,76;1,972;0,078;1,379;5,461
41,81;641,78;1,971;0,078;1,379;5,461
41,81;641,81;1,971;0,078;1,379;5,461
41,81;641,83;1,97;0,078;1,379;5,461
41,82;641,86;1,969;0,078;1,379;5,461
41,82;641,88;1,968;0,078;1,379;5,461
41,82;641,91;1,967;0,078;1,379;5,461
41,82;641,93;1,967;0,078;1,379;5,461
41,82;641,96;1,966;0,078;1,379;5,461
41,83;641,98;1,965;0,078;1,379;5,461
41,83;642,01;1,964;0,078;1,379;5,461
41,83;642,03;1,963;0,078;1,379;5,46
41,83;642,06;1,962;0,078;1,379;5,46
41,83;642,08;1,962;0,078;1,379;5,46
41,83;642,11;1,961;0,078;1,379;5,46
41,84;642,13;1,96;0,078;1,379;5,46
41,84;642,16;1,959;0,078;1,379;5,46
41,84;642,18;1,958;0,078;1,379;5,46
41,84;642,21;1,958;0,078;1,379;5,46
41,84;642,23;1,957;0,077;1,379;5,46
41,84;642,26;1,956;0,077;1,379;5,46
41,84;642,28;1,956;0,077;1,379;5,46
41,85;642,31;1,955;0,077;1,379;5,46
41,85;642,33;1,954;0,077;1,379;5,46
41,85;642,36;1,954;0,077;1,379;5,46
41,85;642,38;1,953;0,077;1,379;5,46
41,85;642,41;1,952;0,077;1,379;5,46
41,86;642,43;1,952;0,077;1,379;5,46
41,86;642,46;1,951;0,077;1,379;5,46
41,86;642,48;1,95;0,077;1,379;5,46
41,86;642,51;1,949;0,077;1,379;5,46
41,86;642,53;1,948;0,077;1,379;5,46
41,86;642,56;1,947;0,077;1,379;5,46
41,86;642,58;1,946;0,077;1,379;5,46
41,87;642,61;1,946;0,077;1,379;5,46
41,87;642,63;1,945;0,077;1,379;5,46
41,87;642,66;1,944;0,077;1,379;5,46
41,87;642,68;1,943;0,077;1,379;5,46
41,87;642,71;1,943;0,077;1,379;5,46
41,88;642,73;1,942;0,077;1,379;5,46
41,88;642,76;1,941;0,077;1,379;5,46
41,88;642,78;1,94;0,077;1,379;5,46
41,88;642,81;1,94;0,077;1,379;5,46
41,88;642,83;1,939;0,077;1,379;5,46
41,88;642,86;1,938;0,077;1,379;5,46
41,89;642,88;1,937;0,077;1,379;5,46
41,89;642,91;1,937;0,077;1,379;5,46
41,89;642,93;1,936;0,077;1,379;5,46
41,89;642,96;1,935;0,077;1,379;5,46
41,89;642,98;1,934;0,077;1,379;5,46
41,89;643;1,933;0,077;1,379;5,46
41,89;643,03;1,933;0,077;1,379;5,46
41,9;643,05;1,932;0,076;1,379;5,46
41,9;643,08;1,931;0,076;1,379;5,46
41,9;643,1;1,93;0,076;1,379;5,46
41,9;643,13;1,929;0,076;1,379;5,46
41,9;643,15;1,929;0,076;1,379;5,46
41,91;643,18;1,928;0,076;1,379;5,46
41,91;643,2;1,927;0,076;1,379;5,46
41,91;643,23;1,926;0,076;1,379;5,46
41,91;643,25;1,925;0,076;1,379;5,46
41,91;643,28;1,924;0,076;1,379;5,46
41,91;643,3;1,924;0,076;1,379;5,46
41,91;643,33;1,923;0,076;1,379;5,46
41,92;643,35;1,922;0,076;1,379;5,46
41,92;643,38;1,921;0,076;1,379;5,46
41,92;643,4;1,921;0,076;1,379;5,46
41,92;643,43;1,92;0,076;1,379;5,46
41,92;643,45;1,919;0,076;1,379;5,46
41,93;643,48;1,918;0,076;1,379;5,46
41,93;643,5;1,918;0,076;1,379;5,46
41,93;643,53;1,917;0,076;1,379;5,46
41,93;643,55;1,916;0,076;1,379;5,46
41,93;643,58;1,915;0,076;1,379;5,46
41,93;643,6;1,915;0,076;1,379;5,46
41,94;643,63;1,914;0,076;1,379;5,46
41,94;643,65;1,913;0,076;1,379;5,46
41,94;643,68;1,912;0,076;1,379;5,46
41,94;643,7;1,911;0,076;1,379;5,46
41,94;643,73;1,911;0,076;1,379;5,46
41,94;643,75;1,91;0,076;1,379;5,46
41,94;643,78;1,909;0,076;1,379;5,46
41,95;643,8;1,908;0,076;1,379;5,46
41,95;643,83;1,908;0,076;1,379;5,46
41,95;643,85;1,907;0,075;1,379;5,46
41,95;643,88;1,906;0,075;1,379;5,46
41,95;643,9;1,905;0,075;1,379;5,46
41,96;643,93;1,904;0,075;1,379;5,46
41,96;643,95;1,904;0,075;1,379;5,46
41,96;643,98;1,903;0,075;1,379;5,46
41,96;644;1,902;0,075;1,379;5,46
41,96;644,03;1,901;0,075;1,379;5,46
41,96;644,05;1,9;0,075;1,379;5,46
41,96;644,08;1,899;0,075;1,379;5,46
41,97;644,1;1,898;0,075;1,379;5,46
41,97;644,13;1,897;0,075;1,379;5,46
41,97;644,15;1,896;0,075;1,379;5,46
41,97;644,17;1,896;0,075;1,379;5,46
41,97;644,2;1,895;0,075;1,379;5,46
41,98;644,22;1,894;0,075;1,379;5,46
41,98;644,25;1,893;0,075;1,379;5,46
41,98;644,27;1,892;0,075;1,379;5,46
41,98;644,3;1,891;0,075;1,379;5,46
41,98;644,32;1,89;0,075;1,379;5,46
41,98;644,35;1,889;0,075;1,379;5,46
41,99;644,37;1,889;0,075;1,379;5,46
41,99;644,4;1,888;0,075;1,379;5,46
41,99;644,42;1,887;0,075;1,379;5,46
41,99;644,45;1,886;0,075;1,379;5,46
41,99;644,47;1,885;0,075;1,379;5,46
41,99;644,5;1,884;0,075;1,379;5,46
41,99;644,52;1,883;0,075;1,379;5,46
42;644,55;1,882;0,075;1,379;5,46
42;644,57;1,881;0,074;1,379;5,46
42;644,6;1,88;0,074;1,379;5,46
42;644,62;1,879;0,074;1,379;5,46
42;644,65;1,878;0,074;1,379;5,46
42,01;644,67;1,877;0,074;1,379;5,46
42,01;644,7;1,876;0,074;1,379;5,46
42,01;644,72;1,875;0,074;1,379;5,46
42,01;644,75;1,874;0,074;1,379;5,46
42,01;644,77;1,873;0,074;1,379;5,46
42,01;644,8;1,872;0,074;1,379;5,46
42,01;644,82;1,871;0,074;1,379;5,46
42,02;644,85;1,87;0,074;1,379;5,46
42,02;644,87;1,869;0,074;1,379;5,46
42,02;644,9;1,868;0,074;1,379;5,46
42,02;644,92;1,866;0,074;1,379;5,46
42,02;644,95;1,865;0,074;1,379;5,46
42,03;644,97;1,864;0,074;1,379;5,46
42,03;645;1,863;0,074;1,379;5,46
42,03;645,02;1,862;0,074;1,379;5,46
42,03;645,05;1,86;0,074;1,379;5,46
42,03;645,07;1,859;0,074;1,379;5,46
42,03;645,1;1,858;0,074;1,379;5,46
42,04;645,12;1,857;0,074;1,379;5,46
42,04;645,15;1,855;0,073;1,379;5,46
42,04;645,17;1,854;0,073;1,379;5,46
42,04;645,2;1,853;0,073;1,379;5,46
42,04;645,22;1,852;0,073;1,379;5,46
42,04;645,25;1,85;0,073;1,379;5,46
42,04;645,27;1,849;0,073;1,379;5,46
42,05;645,3;1,848;0,073;1,379;5,46
42,05;645,32;1,847;0,073;1,379;5,46
42,05;645,34;1,846;0,073;1,379;5,46
42,05;645,37;1,844;0,073;1,379;5,46
42,05;645,39;1,843;0,073;1,379;5,459
42,06;645,42;1,842;0,073;1,379;5,459
42,06;645,44;1,841;0,073;1,379;5,459
42,06;645,47;1,84;0,073;1,379;5,459
42,06;645,49;1,838;0,073;1,379;5,459
42,06;645,52;1,837;0,073;1,379;5,459
42,06;645,54;1,836;0,073;1,379;5,459
42,06;645,57;1,835;0,073;1,379;5,459
42,07;645,59;1,833;0,073;1,379;5,459
42,07;645,62;1,832;0,073;1,379;5,459
42,07;645,64;1,831;0,072;1,379;5,459
42,07;645,67;1,829;0,072;1,379;5,459
42,07;645,69;1,828;0,072;1,379;5,459
42,08;645,72;1,826;0,072;1,379;5,459
42,08;645,74;1,825;0,072;1,379;5,459
42,08;645,77;1,823;0,072;1,379;5,459
42,08;645,79;1,822;0,072;1,379;5,459
42,08;645,82;1,82;0,072;1,379;5,459
42,08;645,84;1,819;0,072;1,379;5,459
42,09;645,87;1,817;0,072;1,379;5,459
42,09;645,89;1,815;0,072;1,379;5,459
42,09;645,92;1,814;0,072;1,379;5,459
42,09;645,94;1,812;0,072;1,379;5,459
42,09;645,97;1,811;0,072;1,379;5,459
42,09;645,99;1,81;0,072;1,379;5,459
42,09;646,02;1,808;0,072;1,379;5,459
42,1;646,04;1,807;0,072;1,379;5,459
42,1;646,07;1,805;0,071;1,379;5,459
42,1;646,09;1,804;0,071;1,379;5,459
42,1;646,12;1,803;0,071;1,379;5,459
42,1;646,14;1,801;0,071;1,379;5,459
42,11;646,17;1,8;0,071;1,379;5,459
42,11;646,19;1,799;0,071;1,379;5,459
42,11;646,22;1,798;0,071;1,379;5,459
42,11;646,24;1,797;0,071;1,379;5,459
42,11;646,27;1,796;0,071;1,379;5,459
42,11;646,29;1,795;0,071;1,379;5,459
42,11;646,32;1,794;0,071;1,379;5,459
42,12;646,34;1,793;0,071;1,379;5,459
42,12;646,36;1,792;0,071;1,379;5,459
42,12;646,39;1,791;0,071;1,379;5,459
42,12;646,41;1,79;0,071;1,379;5,459
42,12;646,44;1,789;0,071;1,379;5,459
42,13;646,46;1,788;0,071;1,379;5,459
42,13;646,49;1,786;0,071;1,379;5,459
42,13;646,51;1,785;0,071;1,379;5,459
42,13;646,54;1,784;0,071;1,379;5,459
42,13;646,56;1,783;0,071;1,379;5,459
42,13;646,59;1,782;0,071;1,379;5,459
42,14;646,61;1,781;0,071;1,379;5,459
42,14;646,64;1,78;0,07;1,379;5,459
42,14;646,66;1,779;0,07;1,379;5,459
42,14;646,69;1,778;0,07;1,379;5,459
42,14;646,71;1,777;0,07;1,379;5,459
42,14;646,74;1,776;0,07;1,379;5,459
42,14;646,76;1,774;0,07;1,379;5,459
42,15;646,79;1,773;0,07;1,379;5,459
42,15;646,81;1,772;0,07;1,379;5,459
42,15;646,84;1,771;0,07;1,379;5,459
42,15;646,86;1,77;0,07;1,379;5,459
42,15;646,89;1,769;0,07;1,379;5,459
42,16;646,91;1,768;0,07;1,379;5,459
42,16;646,94;1,767;0,07;1,379;5,459
42,16;646,96;1,766;0,07;1,379;5,459
42,16;646,99;1,765;0,07;1,379;5,459
42,16;647,01;1,764;0,07;1,379;5,459
42,16;647,04;1,764;0,07;1,379;5,459
42,16;647,06;1,763;0,07;1,379;5,459
42,17;647,09;1,762;0,07;1,379;5,459
42,17;647,11;1,762;0,07;1,379;5,459
42,17;647,14;1,761;0,07;1,379;5,459
42,17;647,16;1,76;0,07;1,379;5,459
42,17;647,19;1,76;0,07;1,379;5,459
42,18;647,21;1,759;0,07;1,379;5,459
42,18;647,24;1,759;0,07;1,379;5,459
42,18;647,26;1,758;0,07;1,379;5,459
42,18;647,29;1,757;0,07;1,379;5,459
42,18;647,31;1,757;0,07;1,379;5,459
42,18;647,34;1,756;0,07;1,379;5,459
42,19;647,36;1,756;0,07;1,379;5,459
42,19;647,39;1,755;0,069;1,379;5,459
42,19;647,41;1,754;0,069;1,379;5,459
42,19;647,44;1,754;0,069;1,379;5,459
42,19;647,46;1,753;0,069;1,379;5,459
42,19;647,48;1,752;0,069;1,379;5,459
42,19;647,51;1,752;0,069;1,379;5,459
42,2;647,53;1,751;0,069;1,379;5,459
42,2;647,56;1,751;0,069;1,379;5,459
42,2;647,58;1,75;0,069;1,379;5,459
42,2;647,61;1,749;0,069;1,379;5,459
42,2;647,63;1,749;0,069;1,379;5,459
42,21;647,66;1,748;0,069;1,379;5,459
42,21;647,68;1,747;0,069;1,379;5,459
42,21;647,71;1,747;0,069;1,379;5,459
42,21;647,73;1,746;0,069;1,379;5,459
42,21;647,76;1,745;0,069;1,379;5,459
42,21;647,78;1,745;0,069;1,379;5,459
42,21;647,81;1,744;0,069;1,379;5,459
42,22;647,83;1,743;0,069;1,379;5,459
42,22;647,86;1,742;0,069;1,379;5,459
42,22;647,88;1,742;0,069;1,379;5,459
42,22;647,91;1,741;0,069;1,379;5,459
42,22;647,93;1,74;0,069;1,379;5,459
42,23;647,96;1,739;0,069;1,379;5,459
42,23;647,98;1,739;0,069;1,379;5,459
42,23;648,01;1,738;0,069;1,379;5,459
42,23;648,03;1,737;0,069;1,379;5,459
42,23;648,06;1,736;0,069;1,379;5,459
42,23;648,08;1,735;0,069;1,379;5,459
42,24;648,11;1,735;0,069;1,379;5,459
42,24;648,13;1,734;0,069;1,379;5,459
42,24;648,16;1,733;0,069;1,379;5,459
42,24;648,18;1,733;0,069;1,379;5,459
42,24;648,21;1,732;0,069;1,379;5,459
42,24;648,23;1,731;0,069;1,379;5,459
42,24;648,26;1,73;0,069;1,379;5,459
42,25;648,28;1,73;0,068;1,379;5,459
42,25;648,31;1,729;0,068;1,379;5,459
42,25;648,33;1,728;0,068;1,379;5,459
42,25;648,36;1,728;0,068;1,379;5,459
42,25;648,38;1,727;0,068;1,379;5,458
42,26;648,41;1,726;0,068;1,379;5,458
42,26;648,43;1,725;0,068;1,379;5,458
42,26;648,46;1,725;0,068;1,379;5,458
42,26;648,48;1,724;0,068;1,379;5,458
42,26;648,51;1,723;0,068;1,379;5,458
42,26;648,53;1,722;0,068;1,379;5,458
42,26;648,56;1,721;0,068;1,379;5,458
42,27;648,58;1,721;0,068;1,379;5,458
42,27;648,61;1,72;0,068;1,379;5,458
42,27;648,63;1,719;0,068;1,379;5,458
42,27;648,66;1,718;0,068;1,379;5,458
42,27;648,68;1,717;0,068;1,379;5,458
42,28;648,71;1,717;0,068;1,379;5,458
42,28;648,73;1,716;0,068;1,379;5,458
42,28;648,76;1,715;0,068;1,379;5,458
42,28;648,78;1,714;0,068;1,379;5,458
42,28;648,81;1,714;0,068;1,379;5,458
42,28;648,83;1,713;0,068;1,379;5,458
42,29;648,86;1,712;0,068;1,379;5,458
42,29;648,88;1,711;0,068;1,379;5,458
42,29;648,91;1,711;0,068;1,379;5,458
42,29;648,93;1,71;0,068;1,379;5,458
42,29;648,96;1,709;0,068;1,379;5,458
42,29;648,98;1,709;0,068;1,379;5,458
42,29;649;1,708;0,068;1,379;5,458
42,3;649,03;1,707;0,068;1,379;5,458
42,3;649,05;1,707;0,068;1,379;5,458
42,3;649,08;1,706;0,068;1,379;5,458
42,3;649,1;1,706;0,068;1,379;5,458
42,3;649,13;1,706;0,068;1,379;5,458
42,31;649,15;1,705;0,068;1,379;5,458
42,31;649,18;1,705;0,067;1,379;5,458
42,31;649,2;1,704;0,067;1,379;5,458
42,31;649,23;1,704;0,067;1,379;5,458
42,31;649,25;1,703;0,067;1,379;5,458
42,31;649,28;1,703;0,067;1,379;5,458
42,31;649,3;1,702;0,067;1,379;5,458
42,32;649,33;1,702;0,067;1,379;5,458
42,32;649,35;1,701;0,067;1,379;5,458
42,32;649,38;1,701;0,067;1,379;5,458
42,32;649,4;1,7;0,067;1,379;5,458
42,32;649,43;1,699;0,067;1,379;5,458
42,33;649,45;1,698;0,067;1,379;5,458
42,33;649,48;1,698;0,067;1,379;5,458
42,33;649,5;1,697;0,067;1,379;5,458
42,33;649,53;1,696;0,067;1,379;5,458
42,33;649,55;1,695;0,067;1,379;5,458
42,33;649,58;1,694;0,067;1,379;5,458
42,34;649,6;1,693;0,067;1,379;5,458
42,34;649,63;1,692;0,067;1,379;5,458
42,34;649,65;1,691;0,067;1,379;5,458
42,34;649,68;1,69;0,067;1,379;5,458
42,34;649,7;1,689;0,067;1,379;5,458
42,34;649,73;1,688;0,067;1,379;5,458
42,34;649,75;1,688;0,067;1,379;5,458
42,35;649,78;1,687;0,067;1,379;5,458
42,35;649,8;1,686;0,067;1,379;5,458
42,35;649,83;1,685;0,067;1,379;5,458
42,35;649,85;1,684;0,067;1,379;5,458
42,35;649,88;1,683;0,067;1,379;5,458
42,36;649,9;1,681;0,067;1,379;5,458
42,36;649,93;1,68;0,067;1,379;5,458
42,36;649,95;1,679;0,066;1,379;5,458
42,36;649,98;1,678;0,066;1,379;5,458
42,36;650;1,677;0,066;1,379;5,458
42,36;650,03;1,675;0,066;1,379;5,458
42,36;650,05;1,674;0,066;1,379;5,458
42,37;650,08;1,673;0,066;1,379;5,458
42,37;650,1;1,672;0,066;1,379;5,458
42,37;650,13;1,67;0,066;1,379;5,458
42,37;650,15;1,669;0,066;1,379;5,458
42,37;650,18;1,668;0,066;1,379;5,458
42,38;650,2;1,667;0,066;1,379;5,458
42,38;650,23;1,665;0,066;1,379;5,458
42,38;650,25;1,664;0,066;1,379;5,458
42,38;650,28;1,663;0,066;1,379;5,458
42,38;650,3;1,662;0,066;1,379;5,458
42,38;650,33;1,661;0,066;1,379;5,458
42,39;650,35;1,659;0,066;1,379;5,458
42,39;650,38;1,658;0,066;1,379;5,458
42,39;650,4;1,657;0,066;1,379;5,458
42,39;650,43;1,656;0,066;1,379;5,458
42,39;650,45;1,655;0,066;1,379;5,458
42,39;650,48;1,653;0,065;1,379;5,458
42,39;650,5;1,652;0,065;1,379;5,458
42,4;650,53;1,651;0,065;1,379;5,458
42,4;650,55;1,65;0,065;1,379;5,458
42,4;650,58;1,649;0,065;1,379;5,458
42,4;650,6;1,648;0,065;1,379;5,458
42,4;650,62;1,647;0,065;1,379;5,458
42,41;650,65;1,646;0,065;1,379;5,458
42,41;650,67;1,645;0,065;1,379;5,458
42,41;650,7;1,644;0,065;1,379;5,458
42,41;650,72;1,643;0,065;1,379;5,458
42,41;650,75;1,642;0,065;1,379;5,458
42,41;650,77;1,641;0,065;1,379;5,458
42,41;650,8;1,641;0,065;1,379;5,458
42,42;650,82;1,64;0,065;1,379;5,458
42,42;650,85;1,639;0,065;1,379;5,458
42,42;650,87;1,639;0,065;1,379;5,458
42,42;650,9;1,638;0,065;1,379;5,458
42,42;650,92;1,637;0,065;1,379;5,458
42,43;650,95;1,636;0,065;1,379;5,458
42,43;650,97;1,635;0,065;1,379;5,458
42,43;651;1,635;0,065;1,379;5,458
42,43;651,02;1,634;0,065;1,379;5,458
42,43;651,05;1,633;0,065;1,379;5,458
42,43;651,07;1,632;0,065;1,379;5,458
42,44;651,1;1,631;0,065;1,379;5,458
42,44;651,12;1,631;0,065;1,379;5,458
42,44;651,15;1,63;0,065;1,379;5,458
42,44;651,17;1,63;0,065;1,379;5,458
42,44;651,2;1,629;0,064;1,379;5,458
42,44;651,22;1,628;0,064;1,379;5,458
42,44;651,25;1,628;0,064;1,379;5,458
42,45;651,27;1,627;0,064;1,379;5,458
42,45;651,3;1,626;0,064;1,379;5,458
42,45;651,32;1,625;0,064;1,378;5,458
42,45;651,35;1,625;0,064;1,378;5,458
42,45;651,37;1,624;0,064;1,378;5,457
42,46;651,4;1,623;0,064;1,378;5,457
42,46;651,42;1,622;0,064;1,378;5,457
42,46;651,45;1,621;0,064;1,378;5,457
42,46;651,47;1,62;0,064;1,378;5,457
42,46;651,5;1,619;0,064;1,378;5,457
42,46;651,52;1,618;0,064;1,378;5,457
42,46;651,55;1,616;0,064;1,378;5,457
42,47;651,57;1,615;0,064;1,378;5,457
42,47;651,6;1,614;0,064;1,378;5,457
42,47;651,62;1,613;0,064;1,378;5,457
42,47;651,65;1,612;0,064;1,378;5,457
42,47;651,67;1,611;0,064;1,378;5,457
42,48;651,7;1,61;0,064;1,378;5,457
42,48;651,72;1,609;0,064;1,378;5,457
42,48;651,75;1,608;0,064;1,378;5,457
42,48;651,77;1,606;0,064;1,378;5,457
42,48;651,8;1,605;0,064;1,378;5,457
42,48;651,82;1,604;0,064;1,378;5,457
42,49;651,85;1,603;0,063;1,378;5,457
42,49;651,87;1,602;0,063;1,378;5,457
42,49;651,9;1,601;0,063;1,378;5,457
42,49;651,92;1,6;0,063;1,378;5,457
42,49;651,94;1,599;0,063;1,378;5,457
42,49;651,97;1,598;0,063;1,378;5,457
42,49;651,99;1,597;0,063;1,378;5,457
42,5;652,02;1,596;0,063;1,378;5,457
42,5;652,04;1,595;0,063;1,378;5,457
42,5;652,07;1,594;0,063;1,378;5,457
42,5;652,09;1,593;0,063;1,378;5,457
42,5;652,12;1,592;0,063;1,378;5,457
42,51;652,14;1,59;0,063;1,378;5,457
42,51;652,17;1,589;0,063;1,378;5,457
42,51;652,19;1,588;0,063;1,378;5,457
42,51;652,22;1,587;0,063;1,378;5,457
42,51;652,24;1,586;0,063;1,378;5,457
42,51;652,27;1,585;0,063;1,378;5,457
42,51;652,29;1,584;0,063;1,378;5,457
42,52;652,32;1,583;0,063;1,378;5,457
42,52;652,34;1,582;0,063;1,378;5,457
42,52;652,37;1,581;0,063;1,378;5,457
42,52;652,39;1,58;0,063;1,378;5,457
42,52;652,42;1,58;0,063;1,378;5,457
42,53;652,44;1,579;0,062;1,378;5,457
42,53;652,47;1,578;0,062;1,378;5,457
42,53;652,49;1,577;0,062;1,378;5,457
42,53;652,52;1,576;0,062;1,378;5,457
42,53;652,54;1,575;0,062;1,378;5,457
42,53;652,57;1,574;0,062;1,378;5,457
42,54;652,59;1,573;0,062;1,378;5,457
42,54;652,62;1,572;0,062;1,378;5,457
42,54;652,64;1,571;0,062;1,378;5,457
42,54;652,67;1,569;0,062;1,378;5,457
42,54;652,69;1,568;0,062;1,378;5,457
42,54;652,72;1,568;0,062;1,378;5,457
42,54;652,74;1,567;0,062;1,378;5,457
42,55;652,77;1,566;0,062;1,378;5,457
42,55;652,79;1,565;0,062;1,378;5,457
42,55;652,82;1,564;0,062;1,378;5,457
42,55;652,84;1,563;0,062;1,378;5,457
42,55;652,87;1,562;0,062;1,378;5,457
42,56;652,89;1,561;0,062;1,378;5,457
42,56;652,92;1,559;0,062;1,378;5,457
42,56;652,94;1,558;0,062;1,378;5,457
42,56;652,97;1,557;0,062;1,378;5,457
42,56;652,99;1,556;0,062;1,378;5,457
42,56;653,02;1,555;0,062;1,378;5,457
42,56;653,04;1,554;0,062;1,378;5,457
42,57;653,07;1,553;0,061;1,378;5,457
42,57;653,09;1,551;0,061;1,378;5,457
42,57;653,12;1,55;0,061;1,378;5,457
42,57;653,14;1,549;0,061;1,378;5,457
42,57;653,17;1,548;0,061;1,378;5,457
42,58;653,19;1,547;0,061;1,378;5,457
42,58;653,22;1,546;0,061;1,378;5,457
42,58;653,24;1,544;0,061;1,378;5,457
42,58;653,26;1,543;0,061;1,378;5,457
42,58;653,29;1,542;0,061;1,378;5,457
42,58;653,31;1,54;0,061;1,378;5,457
42,59;653,34;1,539;0,061;1,378;5,457
42,59;653,36;1,538;0,061;1,378;5,457
42,59;653,39;1,536;0,061;1,378;5,457
42,59;653,41;1,535;0,061;1,378;5,457
42,59;653,44;1,533;0,061;1,378;5,457
42,59;653,46;1,532;0,061;1,378;5,457
42,59;653,49;1,531;0,061;1,378;5,457
42,6;653,51;1,529;0,061;1,378;5,457
42,6;653,54;1,528;0,06;1,378;5,457
42,6;653,56;1,527;0,06;1,378;5,457
42,6;653,59;1,525;0,06;1,378;5,457
42,6;653,61;1,524;0,06;1,378;5,457
42,61;653,64;1,522;0,06;1,378;5,457
42,61;653,66;1,521;0,06;1,378;5,457
42,61;653,69;1,519;0,06;1,378;5,457
42,61;653,71;1,517;0,06;1,378;5,457
42,61;653,74;1,516;0,06;1,378;5,457
42,61;653,76;1,514;0,06;1,378;5,457
42,61;653,79;1,512;0,06;1,378;5,457
42,62;653,81;1,511;0,06;1,378;5,457
42,62;653,84;1,51;0,06;1,378;5,457
42,62;653,86;1,508;0,06;1,378;5,457
42,62;653,89;1,507;0,06;1,378;5,457
42,62;653,91;1,506;0,06;1,378;5,457
42,63;653,94;1,504;0,06;1,378;5,457
42,63;653,96;1,503;0,06;1,378;5,457
42,63;653,99;1,502;0,059;1,378;5,457
42,63;654,01;1,501;0,059;1,378;5,457
42,63;654,04;1,499;0,059;1,378;5,457
42,63;654,06;1,498;0,059;1,378;5,457
42,64;654,09;1,497;0,059;1,378;5,457
42,64;654,11;1,496;0,059;1,378;5,457
42,64;654,14;1,494;0,059;1,378;5,457
42,64;654,16;1,493;0,059;1,378;5,456
42,64;654,19;1,492;0,059;1,378;5,456
42,64;654,21;1,491;0,059;1,378;5,456
42,64;654,24;1,49;0,059;1,378;5,456
42,65;654,26;1,488;0,059;1,378;5,456
42,65;654,28;1,487;0,059;1,378;5,456
42,65;654,31;1,486;0,059;1,378;5,456
42,65;654,33;1,485;0,059;1,378;5,456
42,65;654,36;1,483;0,059;1,378;5,456
42,66;654,38;1,482;0,059;1,378;5,456
42,66;654,41;1,481;0,059;1,378;5,456
42,66;654,43;1,479;0,059;1,378;5,456
42,66;654,46;1,478;0,059;1,378;5,456
42,66;654,48;1,476;0,058;1,378;5,456
42,66;654,51;1,475;0,058;1,378;5,456
42,66;654,53;1,474;0,058;1,378;5,456
42,67;654,56;1,473;0,058;1,378;5,456
42,67;654,58;1,472;0,058;1,378;5,456
42,67;654,61;1,47;0,058;1,378;5,456
42,67;654,63;1,469;0,058;1,378;5,456
42,67;654,66;1,468;0,058;1,378;5,456
42,68;654,68;1,467;0,058;1,378;5,456
42,68;654,71;1,466;0,058;1,378;5,456
42,68;654,73;1,465;0,058;1,378;5,456
42,68;654,76;1,464;0,058;1,378;5,456
42,68;654,78;1,463;0,058;1,378;5,456
42,68;654,81;1,461;0,058;1,378;5,456
42,69;654,83;1,46;0,058;1,378;5,456
42,69;654,86;1,459;0,058;1,378;5,456
42,69;654,88;1,458;0,058;1,378;5,456
42,69;654,91;1,457;0,058;1,378;5,456
42,69;654,93;1,457;0,058;1,378;5,456
42,69;654,96;1,456;0,058;1,378;5,456
42,69;654,98;1,455;0,058;1,378;5,456
42,7;655,01;1,454;0,058;1,378;5,456
42,7;655,03;1,453;0,058;1,378;5,456
42,7;655,06;1,452;0,057;1,378;5,456
42,7;655,08;1,451;0,057;1,378;5,456
42,7;655,11;1,45;0,057;1,378;5,456
42,71;655,13;1,449;0,057;1,378;5,456
42,71;655,16;1,448;0,057;1,378;5,456
42,71;655,18;1,447;0,057;1,378;5,456
42,71;655,21;1,446;0,057;1,378;5,456
42,71;655,23;1,445;0,057;1,378;5,456
42,71;655,26;1,444;0,057;1,378;5,456
42,71;655,28;1,443;0,057;1,378;5,456
42,72;655,3;1,442;0,057;1,378;5,456
42,72;655,33;1,441;0,057;1,378;5,456
42,72;655,35;1,44;0,057;1,378;5,456
42,72;655,38;1,439;0,057;1,378;5,456
42,72;655,4;1,438;0,057;1,378;5,456
42,73;655,43;1,437;0,057;1,378;5,456
42,73;655,45;1,436;0,057;1,378;5,456
42,73;655,48;1,435;0,057;1,378;5,456
42,73;655,5;1,434;0,057;1,378;5,456
42,73;655,53;1,434;0,057;1,378;5,456
42,73;655,55;1,433;0,057;1,378;5,456
42,74;655,58;1,432;0,057;1,378;5,456
42,74;655,6;1,431;0,057;1,378;5,456
42,74;655,63;1,43;0,057;1,378;5,456
42,74;655,65;1,429;0,057;1,378;5,456
42,74;655,68;1,428;0,057;1,378;5,456
42,74;655,7;1,428;0,057;1,378;5,456
42,74;655,73;1,427;0,056;1,378;5,456
42,75;655,75;1,426;0,056;1,378;5,456
42,75;655,78;1,426;0,056;1,378;5,456
42,75;655,8;1,425;0,056;1,378;5,456
42,75;655,83;1,424;0,056;1,378;5,456
42,75;655,85;1,423;0,056;1,378;5,456
42,76;655,88;1,422;0,056;1,378;5,456
42,76;655,9;1,421;0,056;1,378;5,456
42,76;655,93;1,42;0,056;1,378;5,456
42,76;655,95;1,419;0,056;1,378;5,456
42,76;655,98;1,418;0,056;1,378;5,456
42,76;656;1,417;0,056;1,378;5,456
42,76;656,03;1,416;0,056;1,378;5,456
42,77;656,05;1,415;0,056;1,378;5,456
42,77;656,08;1,414;0,056;1,378;5,456
42,77;656,1;1,413;0,056;1,378;5,456
42,77;656,13;1,412;0,056;1,378;5,456
42,77;656,15;1,412;0,056;1,378;5,456
42,78;656,18;1,411;0,056;1,378;5,456
42,78;656,2;1,41;0,056;1,378;5,456
42,78;656,23;1,409;0,056;1,378;5,456
42,78;656,25;1,408;0,056;1,378;5,456
42,78;656,27;1,407;0,056;1,378;5,456
42,78;656,3;1,406;0,056;1,378;5,456
42,79;656,32;1,405;0,056;1,378;5,456
42,79;656,35;1,403;0,056;1,378;5,456
42,79;656,37;1,402;0,055;1,378;5,456
42,79;656,4;1,4;0,055;1,378;5,456
42,79;656,42;1,399;0,055;1,378;5,456
42,79;656,45;1,397;0,055;1,378;5,456
42,79;656,47;1,396;0,055;1,378;5,456
42,8;656,5;1,394;0,055;1,378;5,456
42,8;656,52;1,393;0,055;1,378;5,456
42,8;656,55;1,391;0,055;1,378;5,456
42,8;656,57;1,389;0,055;1,378;5,456
42,8;656,6;1,388;0,055;1,378;5,456
42,81;656,62;1,386;0,055;1,378;5,456
42,81;656,65;1,385;0,055;1,378;5,456
42,81;656,67;1,383;0,055;1,378;5,456
42,81;656,7;1,381;0,055;1,378;5,456
42,81;656,72;1,38;0,055;1,378;5,456
42,81;656,75;1,378;0,055;1,378;5,456
42,81;656,77;1,377;0,054;1,378;5,456
42,82;656,8;1,375;0,054;1,378;5,456
42,82;656,82;1,373;0,054;1,378;5,456
42,82;656,85;1,372;0,054;1,378;5,456
42,82;656,87;1,37;0,054;1,378;5,456
42,82;656,9;1,369;0,054;1,378;5,456
42,83;656,92;1,367;0,054;1,378;5,456
42,83;656,95;1,366;0,054;1,378;5,456
42,83;656,97;1,364;0,054;1,378;5,456
42,83;657;1,362;0,054;1,378;5,456
42,83;657,02;1,361;0,054;1,378;5,456
42,83;657,05;1,359;0,054;1,378;5,456
42,84;657,07;1,358;0,054;1,378;5,455
42,84;657,1;1,356;0,054;1,378;5,455
42,84;657,12;1,355;0,054;1,378;5,455
42,84;657,14;1,353;0,054;1,378;5,455
42,84;657,17;1,352;0,054;1,378;5,455
42,84;657,19;1,351;0,053;1,378;5,455
42,84;657,22;1,349;0,053;1,378;5,455
42,85;657,24;1,348;0,053;1,378;5,455
42,85;657,27;1,346;0,053;1,378;5,455
42,85;657,29;1,345;0,053;1,378;5,455
42,85;657,32;1,343;0,053;1,378;5,455
42,85;657,34;1,342;0,053;1,378;5,455
42,86;657,37;1,34;0,053;1,378;5,455
42,86;657,39;1,339;0,053;1,378;5,455
42,86;657,42;1,337;0,053;1,378;5,455
42,86;657,44;1,336;0,053;1,378;5,455
42,86;657,47;1,334;0,053;1,378;5,455
42,86;657,49;1,333;0,053;1,378;5,455
42,86;657,52;1,331;0,053;1,378;5,455
42,87;657,54;1,33;0,053;1,378;5,455
42,87;657,57;1,329;0,053;1,378;5,455
42,87;657,59;1,328;0,053;1,378;5,455
42,87;657,62;1,327;0,053;1,378;5,455
42,87;657,64;1,326;0,052;1,378;5,455
42,88;657,67;1,325;0,052;1,378;5,455
42,88;657,69;1,324;0,052;1,378;5,455
42,88;657,72;1,323;0,052;1,378;5,455
42,88;657,74;1,321;0,052;1,378;5,455
42,88;657,77;1,32;0,052;1,378;5,455
42,88;657,79;1,319;0,052;1,378;5,455
42,89;657,82;1,318;0,052;1,378;5,455
42,89;657,84;1,317;0,052;1,378;5,455
42,89;657,87;1,316;0,052;1,378;5,455
42,89;657,89;1,315;0,052;1,378;5,455
42,89;657,92;1,314;0,052;1,378;5,455
42,89;657,94;1,313;0,052;1,378;5,455
42,89;657,97;1,311;0,052;1,378;5,455
42,9;657,99;1,31;0,052;1,378;5,455
42,9;658,02;1,309;0,052;1,378;5,455
42,9;658,04;1,308;0,052;1,378;5,455
42,9;658,07;1,307;0,052;1,378;5,455
42,9;658,09;1,306;0,052;1,378;5,455
42,91;658,12;1,305;0,052;1,378;5,455
42,91;658,14;1,304;0,052;1,378;5,455
42,91;658,17;1,303;0,052;1,378;5,455
42,91;658,19;1,302;0,052;1,378;5,455
42,91;658,22;1,3;0,051;1,378;5,455
42,91;658,24;1,299;0,051;1,378;5,455
42,91;658,27;1,298;0,051;1,378;5,455
42,92;658,29;1,297;0,051;1,378;5,455
42,92;658,31;1,296;0,051;1,378;5,455
42,92;658,34;1,295;0,051;1,378;5,455
42,92;658,36;1,294;0,051;1,378;5,455
42,92;658,39;1,293;0,051;1,378;5,455
42,93;658,41;1,292;0,051;1,378;5,455
42,93;658,44;1,29;0,051;1,378;5,455
42,93;658,46;1,289;0,051;1,378;5,455
42,93;658,49;1,288;0,051;1,378;5,455
42,93;658,51;1,287;0,051;1,378;5,455
42,93;658,54;1,286;0,051;1,378;5,455
42,94;658,56;1,285;0,051;1,378;5,455
42,94;658,59;1,284;0,051;1,378;5,455
42,94;658,61;1,283;0,051;1,378;5,455
42,94;658,64;1,282;0,051;1,378;5,455
42,94;658,66;1,281;0,051;1,378;5,455
42,94;658,69;1,28;0,051;1,378;5,455
42,94;658,71;1,279;0,051;1,378;5,455
42,95;658,74;1,278;0,051;1,378;5,455
42,95;658,76;1,277;0,051;1,378;5,455
42,95;658,79;1,277;0,051;1,378;5,455
42,95;658,81;1,275;0,05;1,378;5,455
42,95;658,84;1,274;0,05;1,378;5,455
42,96;658,86;1,273;0,05;1,378;5,455
42,96;658,89;1,272;0,05;1,378;5,455
42,96;658,91;1,271;0,05;1,378;5,455
42,96;658,94;1,27;0,05;1,378;5,455
42,96;658,96;1,27;0,05;1,378;5,455
42,96;658,99;1,269;0,05;1,378;5,455
42,96;659,01;1,268;0,05;1,378;5,455
42,97;659,04;1,268;0,05;1,378;5,455
42,97;659,06;1,267;0,05;1,378;5,455
42,97;659,09;1,266;0,05;1,378;5,455
42,97;659,11;1,265;0,05;1,378;5,455
42,97;659,14;1,265;0,05;1,378;5,455
42,98;659,16;1,264;0,05;1,378;5,455
42,98;659,19;1,263;0,05;1,378;5,455
42,98;659,21;1,263;0,05;1,378;5,455
42,98;659,24;1,262;0,05;1,378;5,455
42,98;659,26;1,261;0,05;1,378;5,455
42,98;659,29;1,26;0,05;1,378;5,455
42,99;659,31;1,26;0,05;1,378;5,455
42,99;659,34;1,259;0,05;1,378;5,455
42,99;659,36;1,258;0,05;1,378;5,455
42,99;659,39;1,258;0,05;1,378;5,455
42,99;659,41;1,257;0,05;1,378;5,455
42,99;659,44;1,256;0,05;1,378;5,455
42,99;659,46;1,256;0,05;1,378;5,455
43;659,49;1,255;0,05;1,378;5,455
43;659,51;1,254;0,05;1,378;5,455
43;659,53;1,254;0,05;1,378;5,455
43;659,56;1,253;0,05;1,378;5,455
43;659,58;1,252;0,05;1,378;5,454
43,01;659,61;1,251;0,05;1,378;5,454
43,01;659,63;1,25;0,049;1,378;5,454
43,01;659,66;1,249;0,049;1,378;5,454
43,01;659,68;1,249;0,049;1,378;5,454
43,01;659,71;1,248;0,049;1,378;5,454
43,01;659,73;1,247;0,049;1,378;5,454
43,01;659,76;1,246;0,049;1,378;5,454
43,02;659,78;1,245;0,049;1,378;5,454
43,02;659,81;1,244;0,049;1,378;5,454
43,02;659,83;1,243;0,049;1,378;5,454
43,02;659,86;1,243;0,049;1,378;5,454
43,02;659,88;1,242;0,049;1,378;5,454
43,03;659,91;1,241;0,049;1,378;5,454
43,03;659,93;1,24;0,049;1,378;5,454
43,03;659,96;1,239;0,049;1,378;5,454
43,03;659,98;1,238;0,049;1,378;5,454
43,03;660,01;1,237;0,049;1,378;5,454
43,03;660,03;1,236;0,049;1,378;5,454
43,04;660,06;1,236;0,049;1,378;5,454
43,04;660,08;1,235;0,049;1,378;5,454
43,04;660,11;1,234;0,049;1,378;5,454
43,04;660,13;1,234;0,049;1,378;5,454
43,04;660,16;1,233;0,049;1,378;5,454
43,04;660,18;1,232;0,049;1,378;5,454
43,04;660,21;1,232;0,049;1,378;5,454
43,05;660,23;1,231;0,049;1,378;5,454
43,05;660,26;1,23;0,049;1,378;5,454
43,05;660,28;1,229;0,049;1,378;5,454
43,05;660,31;1,228;0,049;1,378;5,454
43,05;660,33;1,227;0,049;1,378;5,454
43,06;660,36;1,226;0,049;1,378;5,454
43,06;660,38;1,225;0,049;1,378;5,454
43,06;660,41;1,224;0,048;1,378;5,454
43,06;660,43;1,223;0,048;1,378;5,454
43,06;660,46;1,222;0,048;1,378;5,454
43,06;660,48;1,221;0,048;1,378;5,454
43,06;660,51;1,22;0,048;1,378;5,454
43,07;660,53;1,219;0,048;1,378;5,454
43,07;660,55;1,218;0,048;1,378;5,454
43,07;660,58;1,216;0,048;1,378;5,454
43,07;660,6;1,215;0,048;1,378;5,454
43,07;660,63;1,214;0,048;1,378;5,454
43,08;660,65;1,212;0,048;1,378;5,454
43,08;660,68;1,211;0,048;1,378;5,454
43,08;660,7;1,21;0,048;1,378;5,454
43,08;660,73;1,208;0,048;1,378;5,454
43,08;660,75;1,207;0,048;1,378;5,454
43,08;660,78;1,205;0,048;1,378;5,454
43,09;660,8;1,204;0,048;1,378;5,454
43,09;660,83;1,203;0,048;1,378;5,454
43,09;660,85;1,202;0,048;1,378;5,454
43,09;660,88;1,2;0,048;1,378;5,454
43,09;660,9;1,199;0,047;1,378;5,454
43,09;660,93;1,198;0,047;1,378;5,454
43,09;660,95;1,196;0,047;1,378;5,454
43,1;660,98;1,195;0,047;1,378;5,454
43,1;661;1,194;0,047;1,378;5,454
43,1;661,03;1,193;0,047;1,378;5,454
43,1;661,05;1,191;0,047;1,378;5,454
43,1;661,08;1,19;0,047;1,378;5,454
43,11;661,1;1,189;0,047;1,378;5,454
43,11;661,13;1,187;0,047;1,378;5,454
43,11;661,15;1,186;0,047;1,378;5,454
43,11;661,18;1,184;0,047;1,378;5,454
43,11;661,2;1,183;0,047;1,378;5,454
43,11;661,23;1,181;0,047;1,378;5,454
43,11;661,25;1,18;0,047;1,378;5,454
43,12;661,28;1,178;0,047;1,378;5,454
43,12;661,3;1,176;0,047;1,378;5,454
43,12;661,33;1,175;0,047;1,378;5,454
43,12;661,35;1,173;0,046;1,378;5,454
43,12;661,38;1,172;0,046;1,378;5,454
43,13;661,4;1,17;0,046;1,378;5,454
43,13;661,43;1,169;0,046;1,378;5,454
43,13;661,45;1,167;0,046;1,378;5,454
43,13;661,47;1,166;0,046;1,378;5,454
43,13;661,5;1,164;0,046;1,378;5,454
43,13;661,52;1,163;0,046;1,378;5,454
43,14;661,55;1,161;0,046;1,378;5,454
43,14;661,57;1,16;0,046;1,378;5,454
43,14;661,6;1,158;0,046;1,378;5,454
43,14;661,62;1,157;0,046;1,378;5,454
43,14;661,65;1,155;0,046;1,378;5,454
43,14;661,67;1,154;0,046;1,378;5,454
43,14;661,7;1,152;0,046;1,378;5,454
43,15;661,72;1,151;0,046;1,378;5,454
43,15;661,75;1,15;0,046;1,378;5,454
43,15;661,77;1,149;0,045;1,378;5,454
43,15;661,8;1,148;0,045;1,378;5,454
43,15;661,82;1,146;0,045;1,378;5,454
43,16;661,85;1,145;0,045;1,378;5,454
43,16;661,87;1,144;0,045;1,378;5,454
43,16;661,9;1,143;0,045;1,378;5,454
43,16;661,92;1,142;0,045;1,378;5,454
43,16;661,95;1,141;0,045;1,378;5,454
43,16;661,97;1,14;0,045;1,377;5,454
43,16;662;1,139;0,045;1,377;5,454
43,17;662,02;1,138;0,045;1,377;5,454
43,17;662,05;1,137;0,045;1,377;5,454
43,17;662,07;1,136;0,045;1,377;5,454
43,17;662,1;1,135;0,045;1,377;5,454
43,17;662,12;1,134;0,045;1,377;5,453
43,18;662,15;1,133;0,045;1,377;5,453
43,18;662,17;1,132;0,045;1,377;5,453
43,18;662,2;1,131;0,045;1,377;5,453
43,18;662,22;1,13;0,045;1,377;5,453
43,18;662,25;1,13;0,045;1,377;5,453
43,18;662,27;1,129;0,045;1,377;5,453
43,19;662,3;1,128;0,045;1,377;5,453
43,19;662,32;1,127;0,045;1,377;5,453
43,19;662,35;1,126;0,045;1,377;5,453
43,19;662,37;1,125;0,045;1,377;5,453
43,19;662,4;1,124;0,045;1,377;5,453
43,19;662,42;1,123;0,044;1,377;5,453
43,19;662,45;1,122;0,044;1,377;5,453
43,2;662,47;1,122;0,044;1,377;5,453
43,2;662,5;1,121;0,044;1,377;5,453
43,2;662,52;1,12;0,044;1,377;5,453
43,2;662,55;1,119;0,044;1,377;5,453
43,2;662,57;1,119;0,044;1,377;5,453
43,21;662,6;1,118;0,044;1,377;5,453
43,21;662,62;1,117;0,044;1,377;5,453
43,21;662,65;1,116;0,044;1,377;5,453
43,21;662,67;1,115;0,044;1,377;5,453
43,21;662,7;1,115;0,044;1,377;5,453
43,21;662,72;1,114;0,044;1,377;5,453
43,21;662,75;1,114;0,044;1,377;5,453
43,22;662,77;1,113;0,044;1,377;5,453
43,22;662,8;1,112;0,044;1,377;5,453
43,22;662,82;1,111;0,044;1,377;5,453
43,22;662,85;1,111;0,044;1,377;5,453
43,22;662,87;1,11;0,044;1,377;5,453
43,23;662,9;1,109;0,044;1,377;5,453
43,23;662,92;1,109;0,044;1,377;5,453
43,23;662,95;1,108;0,044;1,377;5,453
43,23;662,97;1,107;0,044;1,377;5,453
43,23;663;1,106;0,044;1,377;5,453
43,23;663,02;1,105;0,044;1,377;5,453
43,24;663,04;1,105;0,044;1,377;5,453
43,24;663,07;1,104;0,044;1,377;5,453
43,24;663,09;1,103;0,044;1,377;5,453
43,24;663,12;1,102;0,044;1,377;5,453
43,24;663,14;1,101;0,044;1,377;5,453
43,24;663,17;1,1;0,044;1,377;5,453
43,24;663,19;1,099;0,044;1,377;5,453
43,25;663,22;1,098;0,043;1,377;5,453
43,25;663,24;1,097;0,043;1,377;5,453
43,25;663,27;1,096;0,043;1,377;5,453
43,25;663,29;1,095;0,043;1,377;5,453
43,25;663,32;1,094;0,043;1,377;5,453
43,26;663,34;1,093;0,043;1,377;5,453
43,26;663,37;1,092;0,043;1,377;5,453
43,26;663,39;1,091;0,043;1,377;5,453
43,26;663,42;1,09;0,043;1,377;5,453
43,26;663,44;1,088;0,043;1,377;5,453
43,26;663,47;1,087;0,043;1,377;5,453
43,26;663,49;1,086;0,043;1,377;5,453
43,27;663,52;1,085;0,043;1,377;5,453
43,27;663,54;1,084;0,043;1,377;5,453
43,27;663,57;1,083;0,043;1,377;5,453
43,27;663,59;1,082;0,043;1,377;5,453
43,27;663,62;1,081;0,043;1,377;5,453
43,28;663,64;1,08;0,043;1,377;5,453
43,28;663,67;1,079;0,043;1,377;5,453
43,28;663,69;1,078;0,043;1,377;5,453
43,28;663,72;1,076;0,043;1,377;5,453
43,28;663,74;1,075;0,043;1,377;5,453
43,28;663,77;1,074;0,043;1,377;5,453
43,29;663,79;1,073;0,042;1,377;5,453
43,29;663,82;1,072;0,042;1,377;5,453
43,29;663,84;1,071;0,042;1,377;5,453
43,29;663,87;1,07;0,042;1,377;5,453
43,29;663,89;1,069;0,042;1,377;5,453
43,29;663,92;1,068;0,042;1,377;5,453
43,29;663,94;1,067;0,042;1,377;5,453
43,3;663,97;1,066;0,042;1,377;5,453
43,3;663,99;1,065;0,042;1,377;5,453
43,3;664,02;1,064;0,042;1,377;5,453
43,3;664,04;1,063;0,042;1,377;5,453
43,3;664,07;1,062;0,042;1,377;5,453
43,31;664,09;1,061;0,042;1,377;5,453
43,31;664,12;1,06;0,042;1,377;5,453
43,31;664,14;1,059;0,042;1,377;5,453
43,31;664,17;1,058;0,042;1,377;5,453
43,31;664,19;1,057;0,042;1,377;5,453
43,31;664,22;1,056;0,042;1,377;5,453
43,31;664,24;1,055;0,042;1,377;5,453
43,32;664,27;1,055;0,042;1,377;5,453
43,32;664,29;1,054;0,042;1,377;5,453
43,32;664,31;1,053;0,042;1,377;5,453
43,32;664,34;1,052;0,042;1,377;5,453
43,32;664,36;1,051;0,042;1,377;5,453
43,33;664,39;1,05;0,042;1,377;5,453
43,33;664,41;1,049;0,042;1,377;5,453
43,33;664,44;1,048;0,041;1,377;5,453
43,33;664,46;1,047;0,041;1,377;5,453
43,33;664,49;1,046;0,041;1,377;5,453
43,33;664,51;1,045;0,041;1,377;5,453
43,34;664,54;1,044;0,041;1,377;5,453
43,34;664,56;1,043;0,041;1,377;5,453
43,34;664,59;1,042;0,041;1,377;5,453
43,34;664,61;1,041;0,041;1,377;5,452
43,34;664,64;1,04;0,041;1,377;5,452
43,34;664,66;1,039;0,041;1,377;5,452
43,34;664,69;1,037;0,041;1,377;5,452
43,35;664,71;1,036;0,041;1,377;5,452
43,35;664,74;1,035;0,041;1,377;5,452
43,35;664,76;1,034;0,041;1,377;5,452
43,35;664,79;1,033;0,041;1,377;5,452
43,35;664,81;1,032;0,041;1,377;5,452
43,36;664,84;1,031;0,041;1,377;5,452
43,36;664,86;1,029;0,041;1,377;5,452
43,36;664,89;1,028;0,041;1,377;5,452
43,36;664,91;1,027;0,041;1,377;5,452
43,36;664,94;1,026;0,041;1,377;5,452
43,36;664,96;1,025;0,041;1,377;5,452
43,36;664,99;1,024;0,041;1,377;5,452
43,37;665,01;1,022;0,04;1,377;5,452
43,37;665,04;1,021;0,04;1,377;5,452
43,37;665,06;1,02;0,04;1,377;5,452
43,37;665,09;1,019;0,04;1,377;5,452
43,37;665,11;1,018;0,04;1,377;5,452
43,38;665,14;1,016;0,04;1,377;5,452
43,38;665,16;1,015;0,04;1,377;5,452
43,38;665,19;1,014;0,04;1,377;5,452
43,38;665,21;1,013;0,04;1,377;5,452
43,38;665,24;1,012;0,04;1,377;5,452
43,38;665,26;1,01;0,04;1,377;5,452
43,39;665,29;1,009;0,04;1,377;5,452
43,39;665,31;1,008;0,04;1,377;5,452
43,39;665,34;1,007;0,04;1,377;5,452
43,39;665,36;1,006;0,04;1,377;5,452
43,39;665,39;1,004;0,04;1,377;5,452
43,39;665,41;1,003;0,04;1,377;5,452
43,39;665,44;1,002;0,04;1,377;5,452
43,4;665,46;1,001;0,04;1,377;5,452
43,4;665,49;0,999;0,04;1,377;5,452
43,4;665,51;0,998;0,04;1,377;5,452
43,4;665,54;0,997;0,039;1,377;5,452
43,4;665,56;0,996;0,039;1,377;5,452
43,41;665,59;0,995;0,039;1,377;5,452
43,41;665,61;0,993;0,039;1,377;5,452
43,41;665,64;0,992;0,039;1,377;5,452
43,41;665,66;0,991;0,039;1,377;5,452
43,41;665,69;0,99;0,039;1,377;5,452
43,41;665,71;0,989;0,039;1,377;5,452
43,41;665,74;0,988;0,039;1,377;5,452
43,42;665,76;0,986;0,039;1,377;5,452
43,42;665,79;0,985;0,039;1,377;5,452
43,42;665,81;0,984;0,039;1,377;5,452
43,42;665,83;0,983;0,039;1,377;5,452
43,42;665,86;0,981;0,039;1,377;5,452
43,43;665,88;0,98;0,039;1,377;5,452
43,43;665,91;0,979;0,039;1,377;5,452
43,43;665,93;0,978;0,039;1,377;5,452
43,43;665,96;0,977;0,039;1,377;5,452
43,43;665,98;0,976;0,039;1,377;5,452
43,43;666,01;0,974;0,039;1,377;5,452
43,44;666,03;0,973;0,039;1,377;5,452
43,44;666,06;0,972;0,038;1,377;5,452
43,44;666,08;0,971;0,038;1,377;5,452
43,44;666,11;0,969;0,038;1,377;5,452
43,44;666,13;0,968;0,038;1,377;5,452
43,44;666,16;0,967;0,038;1,377;5,452
43,44;666,18;0,965;0,038;1,377;5,452
43,45;666,21;0,964;0,038;1,377;5,452
43,45;666,23;0,963;0,038;1,377;5,452
43,45;666,26;0,961;0,038;1,377;5,452
43,45;666,28;0,96;0,038;1,377;5,452
43,45;666,31;0,959;0,038;1,377;5,452
43,46;666,33;0,957;0,038;1,377;5,452
43,46;666,36;0,956;0,038;1,377;5,452
43,46;666,38;0,955;0,038;1,377;5,452
43,46;666,41;0,953;0,038;1,377;5,452
43,46;666,43;0,952;0,038;1,377;5,452
43,46;666,46;0,951;0,038;1,377;5,452
43,46;666,48;0,949;0,038;1,377;5,452
43,47;666,51;0,948;0,038;1,377;5,452
43,47;666,53;0,947;0,037;1,377;5,452
43,47;666,56;0,945;0,037;1,377;5,452
43,47;666,58;0,944;0,037;1,377;5,452
43,47;666,61;0,942;0,037;1,377;5,452
43,48;666,63;0,941;0,037;1,377;5,452
43,48;666,66;0,94;0,037;1,377;5,452
43,48;666,68;0,938;0,037;1,377;5,452
43,48;666,71;0,937;0,037;1,377;5,452
43,48;666,73;0,936;0,037;1,377;5,452
43,48;666,76;0,935;0,037;1,377;5,451
43,49;666,78;0,933;0,037;1,377;5,451
43,49;666,81;0,932;0,037;1,377;5,451
43,49;666,83;0,93;0,037;1,377;5,451
43,49;666,86;0,929;0,037;1,377;5,451
43,49;666,88;0,927;0,037;1,377;5,451
43,49;666,9;0,926;0,037;1,377;5,451
43,49;666,93;0,925;0,037;1,377;5,451
43,5;666,95;0,923;0,037;1,377;5,451
43,5;666,98;0,922;0,037;1,377;5,451
43,5;667;0,921;0,036;1,377;5,451
43,5;667,03;0,92;0,036;1,377;5,451
43,5;667,05;0,919;0,036;1,377;5,451
43,51;667,08;0,918;0,036;1,377;5,451
43,51;667,1;0,916;0,036;1,377;5,451
43,51;667,13;0,915;0,036;1,377;5,451
43,51;667,15;0,914;0,036;1,377;5,451
43,51;667,18;0,913;0,036;1,377;5,451
43,51;667,2;0,912;0,036;1,377;5,451
43,51;667,23;0,91;0,036;1,377;5,451
43,52;667,25;0,909;0,036;1,377;5,451
43,52;667,28;0,908;0,036;1,377;5,451
43,52;667,3;0,907;0,036;1,377;5,451
43,52;667,33;0,906;0,036;1,377;5,451
43,52;667,35;0,905;0,036;1,377;5,451
43,53;667,38;0,904;0,036;1,377;5,451
43,53;667,4;0,904;0,036;1,377;5,451
43,53;667,43;0,902;0,036;1,377;5,451
43,53;667,45;0,901;0,036;1,377;5,451
43,53;667,48;0,901;0,036;1,377;5,451
43,53;667,5;0,9;0,036;1,377;5,451
43,54;667,53;0,899;0,036;1,377;5,451
43,54;667,55;0,898;0,036;1,377;5,451
43,54;667,58;0,897;0,036;1,377;5,451
43,54;667,6;0,896;0,035;1,377;5,451
43,54;667,63;0,895;0,035;1,377;5,451
43,54;667,65;0,894;0,035;1,377;5,451
43,54;667,68;0,893;0,035;1,377;5,451
43,55;667,7;0,892;0,035;1,377;5,451
43,55;667,73;0,892;0,035;1,377;5,451
43,55;667,75;0,891;0,035;1,377;5,451
43,55;667,78;0,89;0,035;1,377;5,451
43,55;667,8;0,889;0,035;1,377;5,451
43,56;667,83;0,889;0,035;1,377;5,451
43,56;667,85;0,888;0,035;1,377;5,451
43,56;667,88;0,887;0,035;1,377;5,451
43,56;667,9;0,886;0,035;1,377;5,451
43,56;667,93;0,886;0,035;1,377;5,451
43,56;667,95;0,885;0,035;1,377;5,451
43,56;667,98;0,884;0,035;1,377;5,451
43,57;668;0,883;0,035;1,377;5,451
43,57;668,03;0,883;0,035;1,377;5,451
43,57;668,05;0,882;0,035;1,377;5,451
43,57;668,08;0,882;0,035;1,377;5,451
43,57;668,1;0,881;0,035;1,377;5,451
43,58;668,13;0,881;0,035;1,377;5,451
43,58;668,15;0,88;0,035;1,377;5,451
43,58;668,18;0,879;0,035;1,377;5,451
43,58;668,2;0,879;0,035;1,377;5,451
43,58;668,23;0,878;0,035;1,377;5,451
43,58;668,25;0,878;0,035;1,377;5,451
43,59;668,28;0,877;0,035;1,377;5,451
43,59;668,3;0,876;0,035;1,377;5,451
43,59;668,32;0,875;0,035;1,377;5,451
43,59;668,35;0,875;0,035;1,377;5,451
43,59;668,37;0,874;0,035;1,377;5,451
43,59;668,4;0,873;0,035;1,377;5,451
43,59;668,42;0,872;0,035;1,377;5,451
43,6;668,45;0,872;0,035;1,377;5,451
43,6;668,47;0,871;0,034;1,377;5,451
43,6;668,5;0,87;0,034;1,377;5,451
43,6;668,52;0,87;0,034;1,377;5,451
43,6;668,55;0,869;0,034;1,377;5,451
43,61;668,57;0,868;0,034;1,377;5,451
43,61;668,6;0,867;0,034;1,377;5,451
43,61;668,62;0,866;0,034;1,377;5,451
43,61;668,65;0,866;0,034;1,377;5,451
43,61;668,67;0,865;0,034;1,377;5,451
43,61;668,7;0,864;0,034;1,377;5,451
43,61;668,72;0,864;0,034;1,377;5,45
43,62;668,75;0,863;0,034;1,377;5,45
43,62;668,77;0,862;0,034;1,377;5,45
43,62;668,8;0,862;0,034;1,377;5,45
43,62;668,82;0,861;0,034;1,377;5,45
43,62;668,85;0,86;0,034;1,377;5,45
43,63;668,87;0,859;0,034;1,377;5,45
43,63;668,9;0,858;0,034;1,377;5,45
43,63;668,92;0,857;0,034;1,377;5,45
43,63;668,95;0,856;0,034;1,377;5,45
43,63;668,97;0,855;0,034;1,377;5,45
43,63;669;0,855;0,034;1,377;5,45
43,64;669,02;0,854;0,034;1,377;5,45
43,64;669,05;0,853;0,034;1,377;5,45
43,64;669,07;0,852;0,034;1,377;5,45
43,64;669,1;0,851;0,034;1,377;5,45
43,64;669,12;0,85;0,034;1,377;5,45
43,64;669,15;0,849;0,034;1,377;5,45
43,64;669,17;0,848;0,034;1,377;5,45
43,65;669,2;0,847;0,034;1,377;5,45
43,65;669,22;0,846;0,033;1,377;5,45
43,65;669,25;0,845;0,033;1,377;5,45
43,65;669,27;0,844;0,033;1,377;5,45
43,65;669,3;0,842;0,033;1,377;5,45
43,66;669,32;0,841;0,033;1,377;5,45
43,66;669,35;0,84;0,033;1,377;5,45
43,66;669,37;0,838;0,033;1,377;5,45
43,66;669,4;0,837;0,033;1,377;5,45
43,66;669,42;0,836;0,033;1,377;5,45
43,66;669,45;0,835;0,033;1,377;5,45
43,66;669,47;0,834;0,033;1,377;5,45
43,67;669,5;0,833;0,033;1,377;5,45
43,67;669,52;0,831;0,033;1,377;5,45
43,67;669,55;0,83;0,033;1,377;5,45
43,67;669,57;0,829;0,033;1,377;5,45
43,67;669,6;0,828;0,033;1,377;5,45
43,68;669,62;0,827;0,033;1,377;5,45
43,68;669,65;0,826;0,033;1,377;5,45
43,68;669,67;0,825;0,033;1,377;5,45
43,68;669,7;0,824;0,033;1,377;5,45
43,68;669,72;0,822;0,033;1,377;5,45
43,68;669,74;0,821;0,033;1,377;5,45
43,69;669,77;0,82;0,032;1,377;5,45
43,69;669,79;0,819;0,032;1,377;5,45
43,69;669,82;0,817;0,032;1,377;5,45
43,69;669,84;0,816;0,032;1,377;5,45
43,69;669,87;0,814;0,032;1,377;5,45
43,69;669,89;0,813;0,032;1,377;5,45
43,69;669,92;0,811;0,032;1,377;5,45
43,7;669,94;0,809;0,032;1,377;5,45
43,7;669,97;0,808;0,032;1,377;5,45
43,7;669,99;0,806;0,032;1,377;5,45
43,7;670,02;0,805;0,032;1,377;5,45
43,7;670,04;0,803;0,032;1,377;5,45
43,71;670,07;0,802;0,032;1,377;5,45
43,71;670,09;0,8;0,032;1,377;5,45
43,71;670,12;0,799;0,032;1,377;5,45
43,71;670,14;0,797;0,032;1,377;5,45
43,71;670,17;0,796;0,031;1,377;5,45
43,71;670,19;0,794;0,031;1,377;5,45
43,71;670,22;0,792;0,031;1,377;5,45
43,72;670,24;0,79;0,031;1,377;5,45
43,72;670,27;0,789;0,031;1,377;5,45
43,72;670,29;0,787;0,031;1,377;5,45
43,72;670,32;0,785;0,031;1,377;5,45
43,72;670,34;0,784;0,031;1,377;5,45
43,73;670,37;0,782;0,031;1,377;5,45
43,73;670,39;0,78;0,031;1,377;5,45
43,73;670,42;0,779;0,031;1,376;5,45
43,73;670,44;0,777;0,031;1,376;5,45
43,73;670,47;0,775;0,031;1,376;5,45
43,73;670,49;0,773;0,031;1,376;5,45
43,74;670,52;0,772;0,031;1,376;5,45
43,74;670,54;0,77;0,03;1,376;5,45
43,74;670,57;0,769;0,03;1,376;5,45
43,74;670,59;0,767;0,03;1,376;5,45
43,74;670,62;0,766;0,03;1,376;5,449
43,74;670,64;0,764;0,03;1,376;5,449
43,74;670,67;0,762;0,03;1,376;5,449
43,75;670,69;0,761;0,03;1,376;5,449
43,75;670,72;0,759;0,03;1,376;5,449
43,75;670,74;0,757;0,03;1,376;5,449
43,75;670,77;0,755;0,03;1,376;5,449
43,75;670,79;0,754;0,03;1,376;5,449
43,76;670,82;0,752;0,03;1,376;5,449
43,76;670,84;0,75;0,03;1,376;5,449
43,76;670,87;0,748;0,03;1,376;5,449
43,76;670,89;0,747;0,03;1,376;5,449
43,76;670,92;0,745;0,029;1,376;5,449
43,76;670,94;0,743;0,029;1,376;5,449
43,76;670,96;0,741;0,029;1,376;5,449
43,77;670,99;0,74;0,029;1,376;5,449
43,77;671,01;0,738;0,029;1,376;5,449
43,77;671,04;0,737;0,029;1,376;5,449
43,77;671,06;0,735;0,029;1,376;5,449
43,77;671,09;0,734;0,029;1,376;5,449
43,78;671,11;0,733;0,029;1,376;5,449
43,78;671,14;0,731;0,029;1,376;5,449
43,78;671,16;0,73;0,029;1,376;5,449
43,78;671,19;0,729;0,029;1,376;5,449
43,78;671,21;0,727;0,029;1,376;5,449
43,78;671,24;0,726;0,029;1,376;5,449
43,79;671,26;0,725;0,029;1,376;5,449
43,79;671,29;0,724;0,029;1,376;5,449
43,79;671,31;0,723;0,029;1,376;5,449
43,79;671,34;0,721;0,029;1,376;5,449
43,79;671,36;0,72;0,029;1,376;5,449
43,79;671,39;0,719;0,028;1,376;5,449
43,79;671,41;0,718;0,028;1,376;5,449
43,8;671,44;0,717;0,028;1,376;5,449
43,8;671,46;0,717;0,028;1,376;5,449
43,8;671,49;0,716;0,028;1,376;5,449
43,8;671,51;0,715;0,028;1,376;5,449
43,8;671,54;0,714;0,028;1,376;5,449
43,81;671,56;0,713;0,028;1,376;5,449
43,81;671,59;0,712;0,028;1,376;5,449
43,81;671,61;0,711;0,028;1,376;5,449
43,81;671,64;0,71;0,028;1,376;5,449
43,81;671,66;0,709;0,028;1,376;5,449
43,81;671,69;0,708;0,028;1,376;5,449
43,81;671,71;0,707;0,028;1,376;5,449
43,82;671,74;0,706;0,028;1,376;5,449
43,82;671,76;0,706;0,028;1,376;5,449
43,82;671,79;0,705;0,028;1,376;5,449
43,82;671,81;0,704;0,028;1,376;5,449
43,82;671,84;0,703;0,028;1,376;5,449
43,83;671,86;0,702;0,028;1,376;5,449
43,83;671,89;0,701;0,028;1,376;5,449
43,83;671,91;0,701;0,028;1,376;5,449
43,83;671,94;0,7;0,028;1,376;5,449
43,83;671,96;0,699;0,028;1,376;5,449
43,83;671,99;0,699;0,028;1,376;5,449
43,84;672,01;0,698;0,028;1,376;5,449
43,84;672,04;0,697;0,028;1,376;5,449
43,84;672,06;0,697;0,028;1,376;5,449
43,84;672,09;0,696;0,028;1,376;5,449
43,84;672,11;0,696;0,028;1,376;5,449
43,84;672,14;0,695;0,028;1,376;5,449
43,84;672,16;0,694;0,027;1,376;5,449
43,85;672,19;0,694;0,027;1,376;5,449
43,85;672,21;0,693;0,027;1,376;5,449
43,85;672,24;0,692;0,027;1,376;5,449
43,85;672,26;0,692;0,027;1,376;5,449
43,85;672,29;0,691;0,027;1,376;5,449
43,86;672,31;0,69;0,027;1,376;5,449
43,86;672,34;0,69;0,027;1,376;5,449
43,86;672,36;0,689;0,027;1,376;5,449
43,86;672,39;0,689;0,027;1,376;5,449
43,86;672,41;0,688;0,027;1,376;5,449
43,86;672,44;0,687;0,027;1,376;5,449
43,86;672,46;0,686;0,027;1,376;5,449
43,87;672,49;0,686;0,027;1,376;5,448
43,87;672,51;0,685;0,027;1,376;5,448
43,87;672,53;0,684;0,027;1,376;5,448
43,87;672,56;0,683;0,027;1,376;5,448
43,87;672,58;0,683;0,027;1,376;5,448
43,88;672,61;0,682;0,027;1,376;5,448
43,88;672,63;0,681;0,027;1,376;5,448
43,88;672,66;0,68;0,027;1,376;5,448
43,88;672,68;0,679;0,027;1,376;5,448
43,88;672,71;0,678;0,027;1,376;5,448
43,88;672,73;0,677;0,027;1,376;5,448
43,89;672,76;0,677;0,027;1,376;5,448
43,89;672,78;0,676;0,027;1,376;5,448
43,89;672,81;0,675;0,027;1,376;5,448
43,89;672,83;0,673;0,027;1,376;5,448
43,89;672,86;0,672;0,027;1,376;5,448
43,89;672,88;0,671;0,027;1,376;5,448
43,89;672,91;0,67;0,027;1,376;5,448
43,9;672,93;0,669;0,026;1,376;5,448
43,9;672,96;0,667;0,026;1,376;5,448
43,9;672,98;0,666;0,026;1,376;5,448
43,9;673,01;0,665;0,026;1,376;5,448
43,9;673,03;0,663;0,026;1,376;5,448
43,91;673,06;0,662;0,026;1,376;5,448
43,91;673,08;0,66;0,026;1,376;5,448
43,91;673,11;0,659;0,026;1,376;5,448
43,91;673,13;0,657;0,026;1,376;5,448
43,91;673,16;0,656;0,026;1,376;5,448
43,91;673,18;0,654;0,026;1,376;5,448
43,91;673,21;0,653;0,026;1,376;5,448
43,92;673,23;0,651;0,026;1,376;5,448
43,92;673,26;0,65;0,026;1,376;5,448
43,92;673,28;0,648;0,026;1,376;5,448
43,92;673,31;0,647;0,026;1,376;5,448
43,92;673,33;0,645;0,026;1,376;5,448
43,93;673,36;0,644;0,025;1,376;5,448
43,93;673,38;0,643;0,025;1,376;5,448
43,93;673,41;0,641;0,025;1,376;5,448
43,93;673,43;0,64;0,025;1,376;5,448
43,93;673,46;0,638;0,025;1,376;5,448
43,93;673,48;0,637;0,025;1,376;5,448
43,94;673,51;0,636;0,025;1,376;5,448
43,94;673,53;0,634;0,025;1,376;5,448
43,94;673,56;0,633;0,025;1,376;5,448
43,94;673,58;0,632;0,025;1,376;5,448
43,94;673,61;0,63;0,025;1,376;5,448
43,94;673,63;0,629;0,025;1,376;5,448
43,94;673,66;0,628;0,025;1,376;5,448
43,95;673,68;0,626;0,025;1,376;5,448
43,95;673,7;0,625;0,025;1,376;5,448
43,95;673,73;0,623;0,025;1,376;5,448
43,95;673,75;0,621;0,025;1,376;5,448
43,95;673,78;0,619;0,025;1,376;5,448
43,96;673,8;0,617;0,024;1,376;5,448
43,96;673,83;0,616;0,024;1,376;5,448
43,96;673,85;0,614;0,024;1,376;5,448
43,96;673,88;0,612;0,024;1,376;5,448
43,96;673,9;0,61;0,024;1,376;5,448
43,96;673,93;0,608;0,024;1,376;5,448
43,96;673,95;0,607;0,024;1,376;5,448
43,97;673,98;0,605;0,024;1,376;5,448
43,97;674;0,603;0,024;1,376;5,448
43,97;674,03;0,601;0,024;1,376;5,448
43,97;674,05;0,6;0,024;1,376;5,448
43,97;674,08;0,598;0,024;1,376;5,448
43,98;674,1;0,597;0,024;1,376;5,448
43,98;674,13;0,595;0,024;1,376;5,448
43,98;674,15;0,594;0,024;1,376;5,448
43,98;674,18;0,592;0,023;1,376;5,448
43,98;674,2;0,591;0,023;1,376;5,448
43,98;674,23;0,589;0,023;1,376;5,448
43,99;674,25;0,588;0,023;1,376;5,448
43,99;674,28;0,586;0,023;1,376;5,448
43,99;674,3;0,585;0,023;1,376;5,448
43,99;674,33;0,584;0,023;1,376;5,448
43,99;674,35;0,582;0,023;1,376;5,447
43,99;674,38;0,581;0,023;1,376;5,447
43,99;674,4;0,579;0,023;1,376;5,447
44;674,43;0,578;0,023;1,376;5,447
44;674,45;0,577;0,023;1,376;5,447
44;674,48;0,575;0,023;1,376;5,447
44;674,5;0,574;0,023;1,376;5,447
44;674,53;0,573;0,023;1,376;5,447
44,01;674,55;0,572;0,023;1,376;5,447
44,01;674,58;0,57;0,023;1,376;5,447
44,01;674,6;0,569;0,023;1,376;5,447
44,01;674,63;0,567;0,022;1,376;5,447
44,01;674,65;0,566;0,022;1,376;5,447
44,01;674,68;0,564;0,022;1,376;5,447
44,01;674,7;0,563;0,022;1,376;5,447
44,02;674,73;0,562;0,022;1,376;5,447
44,02;674,75;0,56;0,022;1,376;5,447
44,02;674,78;0,559;0,022;1,376;5,447
44,02;674,8;0,557;0,022;1,376;5,447
44,02;674,82;0,555;0,022;1,376;5,447
44,03;674,85;0,554;0,022;1,376;5,447
44,03;674,87;0,552;0,022;1,376;5,447
44,03;674,9;0,551;0,022;1,376;5,447
44,03;674,92;0,549;0,022;1,376;5,447
44,03;674,95;0,548;0,022;1,376;5,447
44,03;674,97;0,547;0,022;1,376;5,447
44,04;675;0,545;0,022;1,376;5,447
44,04;675,02;0,544;0,022;1,376;5,447
44,04;675,05;0,543;0,022;1,376;5,447
44,04;675,07;0,542;0,021;1,376;5,447
44,04;675,1;0,541;0,021;1,376;5,447
44,04;675,12;0,54;0,021;1,376;5,447
44,04;675,15;0,539;0,021;1,376;5,447
44,05;675,17;0,538;0,021;1,376;5,447
44,05;675,2;0,537;0,021;1,376;5,447
44,05;675,22;0,536;0,021;1,376;5,447
44,05;675,25;0,535;0,021;1,376;5,447
44,05;675,27;0,534;0,021;1,376;5,447
44,06;675,3;0,533;0,021;1,376;5,447
44,06;675,32;0,532;0,021;1,376;5,447
44,06;675,35;0,531;0,021;1,376;5,447
44,06;675,37;0,53;0,021;1,376;5,447
44,06;675,4;0,53;0,021;1,376;5,447
44,06;675,42;0,529;0,021;1,376;5,447
44,06;675,45;0,528;0,021;1,376;5,447
44,07;675,47;0,527;0,021;1,376;5,447
44,07;675,5;0,526;0,021;1,376;5,447
44,07;675,52;0,526;0,021;1,376;5,447
44,07;675,55;0,525;0,021;1,376;5,447
44,07;675,57;0,524;0,021;1,376;5,447
44,08;675,6;0,523;0,021;1,376;5,447
44,08;675,62;0,522;0,021;1,376;5,447
44,08;675,65;0,522;0,021;1,376;5,447
44,08;675,67;0,521;0,021;1,376;5,447
44,08;675,7;0,52;0,021;1,376;5,447
44,08;675,72;0,519;0,021;1,376;5,447
44,09;675,75;0,518;0,021;1,376;5,447
44,09;675,77;0,517;0,02;1,376;5,447
44,09;675,8;0,516;0,02;1,376;5,447
44,09;675,82;0,515;0,02;1,376;5,447
44,09;675,85;0,514;0,02;1,376;5,447
44,09;675,87;0,513;0,02;1,376;5,447
44,09;675,9;0,512;0,02;1,376;5,447
44,1;675,92;0,512;0,02;1,376;5,447
44,1;675,95;0,511;0,02;1,376;5,447
44,1;675,97;0,51;0,02;1,376;5,447
44,1;676;0,509;0,02;1,376;5,447
44,1;676,02;0,508;0,02;1,376;5,447
44,11;676,05;0,507;0,02;1,376;5,447
44,11;676,07;0,506;0,02;1,376;5,447
44,11;676,1;0,506;0,02;1,376;5,447
44,11;676,12;0,505;0,02;1,376;5,447
44,11;676,15;0,504;0,02;1,376;5,446
44,11;676,17;0,503;0,02;1,376;5,446
44,11;676,2;0,502;0,02;1,376;5,446
44,12;676,22;0,502;0,02;1,376;5,446
44,12;676,25;0,501;0,02;1,376;5,446
44,12;676,27;0,5;0,02;1,376;5,446
44,12;676,29;0,499;0,02;1,376;5,446
44,12;676,32;0,498;0,02;1,376;5,446
44,13;676,34;0,498;0,02;1,376;5,446
44,13;676,37;0,497;0,02;1,376;5,446
44,13;676,39;0,496;0,02;1,376;5,446
44,13;676,42;0,495;0,02;1,376;5,446
44,13;676,44;0,494;0,02;1,376;5,446
44,13;676,47;0,493;0,02;1,376;5,446
44,14;676,49;0,492;0,019;1,376;5,446
44,14;676,52;0,491;0,019;1,376;5,446
44,14;676,54;0,49;0,019;1,376;5,446
44,14;676,57;0,489;0,019;1,376;5,446
44,14;676,59;0,488;0,019;1,376;5,446
44,14;676,62;0,487;0,019;1,376;5,446
44,14;676,64;0,486;0,019;1,376;5,446
44,15;676,67;0,485;0,019;1,376;5,446
44,15;676,69;0,484;0,019;1,376;5,446
44,15;676,72;0,483;0,019;1,376;5,446
44,15;676,74;0,482;0,019;1,376;5,446
44,15;676,77;0,481;0,019;1,376;5,446
44,16;676,79;0,479;0,019;1,376;5,446
44,16;676,82;0,478;0,019;1,376;5,446
44,16;676,84;0,477;0,019;1,376;5,446
44,16;676,87;0,476;0,019;1,376;5,446
44,16;676,89;0,475;0,019;1,376;5,446
44,16;676,92;0,473;0,019;1,376;5,446
44,16;676,94;0,472;0,019;1,376;5,446
44,17;676,97;0,471;0,019;1,376;5,446
44,17;676,99;0,47;0,019;1,376;5,446
44,17;677,02;0,469;0,019;1,376;5,446
44,17;677,04;0,468;0,019;1,376;5,446
44,17;677,07;0,467;0,018;1,376;5,446
44,18;677,09;0,466;0,018;1,376;5,446
44,18;677,12;0,465;0,018;1,376;5,446
44,18;677,14;0,464;0,018;1,376;5,446
44,18;677,17;0,463;0,018;1,376;5,446
44,18;677,19;0,462;0,018;1,376;5,446
44,18;677,22;0,46;0,018;1,376;5,446
44,19;677,24;0,459;0,018;1,376;5,446
44,19;677,27;0,458;0,018;1,376;5,446
44,19;677,29;0,456;0,018;1,376;5,446
44,19;677,32;0,455;0,018;1,376;5,446
44,19;677,34;0,453;0,018;1,376;5,446
44,19;677,37;0,452;0,018;1,376;5,446
44,19;677,39;0,451;0,018;1,376;5,446
44,2;677,42;0,45;0,018;1,376;5,446
44,2;677,44;0,448;0,018;1,376;5,446
44,2;677,47;0,447;0,018;1,376;5,446
44,2;677,49;0,446;0,018;1,376;5,446
44,2;677,52;0,444;0,018;1,376;5,446
44,21;677,54;0,443;0,018;1,376;5,446
44,21;677,57;0,442;0,017;1,376;5,446
44,21;677,59;0,441;0,017;1,376;5,446
44,21;677,62;0,439;0,017;1,376;5,446
44,21;677,64;0,438;0,017;1,376;5,446
44,21;677,67;0,437;0,017;1,376;5,446
44,21;677,69;0,436;0,017;1,376;5,446
44,22;677,72;0,434;0,017;1,376;5,446
44,22;677,74;0,433;0,017;1,375;5,446
44,22;677,77;0,432;0,017;1,375;5,446
44,22;677,79;0,431;0,017;1,375;5,446
44,22;677,82;0,43;0,017;1,375;5,446
44,23;677,84;0,429;0,017;1,375;5,446
44,23;677,87;0,428;0,017;1,375;5,446
44,23;677,89;0,427;0,017;1,375;5,446
44,23;677,92;0,426;0,017;1,375;5,446
44,23;677,94;0,424;0,017;1,375;5,446
44,23;677,97;0,423;0,017;1,375;5,446
44,24;677,99;0,422;0,017;1,375;5,446
44,24;678,02;0,421;0,017;1,375;5,445
44,24;678,04;0,419;0,017;1,375;5,445
44,24;678,07;0,418;0,017;1,375;5,445
44,24;678,09;0,417;0,017;1,375;5,445
44,24;678,11;0,416;0,016;1,375;5,445
44,24;678,14;0,415;0,016;1,375;5,445
44,25;678,16;0,413;0,016;1,375;5,445
44,25;678,19;0,412;0,016;1,375;5,445
44,25;678,21;0,411;0,016;1,375;5,445
44,25;678,24;0,41;0,016;1,375;5,445
44,25;678,26;0,409;0,016;1,375;5,445
44,26;678,29;0,407;0,016;1,375;5,445
44,26;678,31;0,406;0,016;1,375;5,445
44,26;678,34;0,405;0,016;1,375;5,445
44,26;678,36;0,404;0,016;1,375;5,445
44,26;678,39;0,402;0,016;1,375;5,445
44,26;678,41;0,401;0,016;1,375;5,445
44,26;678,44;0,4;0,016;1,375;5,445
44,27;678,46;0,4;0,016;1,375;5,445
44,27;678,49;0,399;0,016;1,375;5,445
44,27;678,51;0,398;0,016;1,375;5,445
44,27;678,54;0,397;0,016;1,375;5,445
44,27;678,56;0,396;0,016;1,375;5,445
44,28;678,59;0,395;0,016;1,375;5,445
44,28;678,61;0,394;0,016;1,375;5,445
44,28;678,64;0,393;0,016;1,375;5,445
44,28;678,66;0,392;0,016;1,375;5,445
44,28;678,69;0,391;0,015;1,375;5,445
44,28;678,71;0,39;0,015;1,375;5,445
44,29;678,74;0,389;0,015;1,375;5,445
44,29;678,76;0,388;0,015;1,375;5,445
44,29;678,79;0,387;0,015;1,375;5,445
44,29;678,81;0,386;0,015;1,375;5,445
44,29;678,84;0,384;0,015;1,375;5,445
44,29;678,86;0,383;0,015;1,375;5,445
44,29;678,89;0,382;0,015;1,375;5,445
44,3;678,91;0,381;0,015;1,375;5,445
44,3;678,94;0,38;0,015;1,375;5,445
44,3;678,96;0,379;0,015;1,375;5,445
44,3;678,99;0,378;0,015;1,375;5,445
44,3;679,01;0,376;0,015;1,375;5,445
44,31;679,04;0,375;0,015;1,375;5,445
44,31;679,06;0,374;0,015;1,375;5,445
44,31;679,09;0,373;0,015;1,375;5,445
44,31;679,11;0,371;0,015;1,375;5,445
44,31;679,14;0,37;0,015;1,375;5,445
44,31;679,16;0,368;0,015;1,375;5,445
44,31;679,19;0,367;0,015;1,375;5,445
44,32;679,21;0,366;0,014;1,375;5,445
44,32;679,24;0,365;0,014;1,375;5,445
44,32;679,26;0,364;0,014;1,375;5,445
44,32;679,29;0,363;0,014;1,375;5,445
44,32;679,31;0,362;0,014;1,375;5,445
44,33;679,33;0,361;0,014;1,375;5,445
44,33;679,36;0,36;0,014;1,375;5,445
44,33;679,38;0,359;0,014;1,375;5,445
44,33;679,41;0,357;0,014;1,375;5,445
44,33;679,43;0,356;0,014;1,375;5,445
44,33;679,46;0,355;0,014;1,375;5,445
44,34;679,48;0,354;0,014;1,375;5,445
44,34;679,51;0,353;0,014;1,375;5,445
44,34;679,53;0,352;0,014;1,375;5,445
44,34;679,56;0,351;0,014;1,375;5,445
44,34;679,58;0,35;0,014;1,375;5,445
44,34;679,61;0,349;0,014;1,375;5,445
44,34;679,63;0,348;0,014;1,375;5,445
44,35;679,66;0,347;0,014;1,375;5,445
44,35;679,68;0,345;0,014;1,375;5,445
44,35;679,71;0,344;0,014;1,375;5,444
44,35;679,73;0,343;0,014;1,375;5,444
44,35;679,76;0,342;0,014;1,375;5,444
44,36;679,78;0,341;0,014;1,375;5,444
44,36;679,81;0,34;0,013;1,375;5,444
44,36;679,83;0,339;0,013;1,375;5,444
44,36;679,86;0,338;0,013;1,375;5,444
44,36;679,88;0,336;0,013;1,375;5,444
44,36;679,91;0,335;0,013;1,375;5,444
44,36;679,93;0,334;0,013;1,375;5,444
44,37;679,96;0,332;0,013;1,375;5,444
44,37;679,98;0,331;0,013;1,375;5,444
44,37;680,01;0,329;0,013;1,375;5,444
44,37;680,03;0,328;0,013;1,375;5,444
44,37;680,06;0,327;0,013;1,375;5,444
44,38;680,08;0,325;0,013;1,375;5,444
44,38;680,11;0,324;0,013;1,375;5,444
44,38;680,13;0,322;0,013;1,375;5,444
44,38;680,16;0,321;0,013;1,375;5,444
44,38;680,18;0,319;0,013;1,375;5,444
44,38;680,21;0,318;0,013;1,375;5,444
44,39;680,23;0,316;0,013;1,375;5,444
44,39;680,26;0,315;0,012;1,375;5,444
44,39;680,28;0,314;0,012;1,375;5,444
44,39;680,31;0,312;0,012;1,375;5,444
44,39;680,33;0,311;0,012;1,375;5,444
44,39;680,36;0,309;0,012;1,375;5,444
44,39;680,38;0,308;0,012;1,375;5,444
44,4;680,41;0,307;0,012;1,375;5,444
44,4;680,43;0,305;0,012;1,375;5,444
44,4;680,46;0,304;0,012;1,375;5,444
44,4;680,48;0,303;0,012;1,375;5,444
44,4;680,51;0,301;0,012;1,375;5,444
44,41;680,53;0,3;0,012;1,375;5,444
44,41;680,55;0,299;0,012;1,375;5,444
44,41;680,58;0,297;0,012;1,375;5,444
44,41;680,6;0,296;0,012;1,375;5,444
44,41;680,63;0,294;0,012;1,375;5,444
44,41;680,65;0,293;0,012;1,375;5,444
44,41;680,68;0,291;0,012;1,375;5,444
44,42;680,7;0,29;0,011;1,375;5,444
44,42;680,73;0,289;0,011;1,375;5,444
44,42;680,75;0,287;0,011;1,375;5,444
44,42;680,78;0,286;0,011;1,375;5,444
44,42;680,8;0,285;0,011;1,375;5,444
44,43;680,83;0,283;0,011;1,375;5,444
44,43;680,85;0,282;0,011;1,375;5,444
44,43;680,88;0,281;0,011;1,375;5,444
44,43;680,9;0,28;0,011;1,375;5,444
44,43;680,93;0,278;0,011;1,375;5,444
44,43;680,95;0,277;0,011;1,375;5,444
44,44;680,98;0,276;0,011;1,375;5,444
44,44;681;0,274;0,011;1,375;5,444
44,44;681,03;0,273;0,011;1,375;5,444
44,44;681,05;0,272;0,011;1,375;5,444
44,44;681,08;0,271;0,011;1,375;5,444
44,44;681,1;0,27;0,011;1,375;5,444
44,44;681,13;0,269;0,011;1,375;5,444
44,45;681,15;0,268;0,011;1,375;5,444
44,45;681,18;0,267;0,011;1,375;5,444
44,45;681,2;0,266;0,011;1,375;5,444
44,45;681,23;0,265;0,01;1,375;5,444
44,45;681,25;0,264;0,01;1,375;5,444
44,46;681,28;0,263;0,01;1,375;5,444
44,46;681,3;0,262;0,01;1,375;5,444
44,46;681,33;0,261;0,01;1,375;5,444
44,46;681,35;0,26;0,01;1,375;5,444
44,46;681,38;0,259;0,01;1,375;5,444
44,46;681,4;0,258;0,01;1,375;5,444
44,46;681,43;0,257;0,01;1,375;5,443
44,47;681,45;0,256;0,01;1,375;5,443
44,47;681,48;0,255;0,01;1,375;5,443
44,47;681,5;0,254;0,01;1,375;5,443
44,47;681,53;0,253;0,01;1,375;5,443
44,47;681,55;0,252;0,01;1,375;5,443
44,48;681,58;0,251;0,01;1,375;5,443
44,48;681,6;0,25;0,01;1,375;5,443
44,48;681,63;0,249;0,01;1,375;5,443
44,48;681,65;0,248;0,01;1,375;5,443
44,48;681,68;0,247;0,01;1,375;5,443
44,48;681,7;0,246;0,01;1,375;5,443
44,49;681,73;0,244;0,01;1,375;5,443
44,49;681,75;0,243;0,01;1,375;5,443
44,49;681,78;0,242;0,01;1,375;5,443
44,49;681,8;0,241;0,01;1,375;5,443
44,49;681,83;0,24;0,009;1,375;5,443
44,49;681,85;0,239;0,009;1,375;5,443
44,49;681,88;0,237;0,009;1,375;5,443
44,5;681,9;0,236;0,009;1,375;5,443
44,5;681,92;0,235;0,009;1,375;5,443
44,5;681,95;0,234;0,009;1,375;5,443
44,5;681,97;0,233;0,009;1,375;5,443
44,5;682;0,231;0,009;1,375;5,443
44,51;682,02;0,23;0,009;1,375;5,443
44,51;682,05;0,229;0,009;1,375;5,443
44,51;682,07;0,227;0,009;1,375;5,443
44,51;682,1;0,226;0,009;1,375;5,443
44,51;682,12;0,224;0,009;1,375;5,443
44,51;682,15;0,223;0,009;1,375;5,443
44,51;682,17;0,222;0,009;1,375;5,443
44,52;682,2;0,22;0,009;1,375;5,443
44,52;682,22;0,219;0,009;1,375;5,443
44,52;682,25;0,217;0,009;1,375;5,443
44,52;682,27;0,216;0,009;1,375;5,443
44,52;682,3;0,215;0,009;1,375;5,443
44,53;682,32;0,213;0,008;1,375;5,443
44,53;682,35;0,212;0,008;1,375;5,443
44,53;682,37;0,21;0,008;1,375;5,443
44,53;682,4;0,209;0,008;1,375;5,443
44,53;682,42;0,207;0,008;1,375;5,443
44,53;682,45;0,206;0,008;1,375;5,443
44,54;682,47;0,204;0,008;1,375;5,443
44,54;682,5;0,203;0,008;1,375;5,443
44,54;682,52;0,201;0,008;1,375;5,443
44,54;682,55;0,2;0,008;1,375;5,443
44,54;682,57;0,198;0,008;1,375;5,443
44,54;682,6;0,197;0,008;1,375;5,443
44,54;682,62;0,195;0,008;1,375;5,443
44,55;682,65;0,194;0,008;1,375;5,443
44,55;682,67;0,192;0,008;1,375;5,443
44,55;682,7;0,191;0,008;1,375;5,443
44,55;682,72;0,189;0,007;1,375;5,443
44,55;682,75;0,188;0,007;1,375;5,443
44,56;682,77;0,187;0,007;1,375;5,443
44,56;682,8;0,185;0,007;1,375;5,443
44,56;682,82;0,184;0,007;1,375;5,443
44,56;682,85;0,183;0,007;1,375;5,443
44,56;682,87;0,181;0,007;1,375;5,443
44,56;682,89;0,18;0,007;1,375;5,443
44,56;682,92;0,179;0,007;1,375;5,443
44,57;682,94;0,178;0,007;1,375;5,443
44,57;682,97;0,177;0,007;1,375;5,443
44,57;682,99;0,176;0,007;1,375;5,443
44,57;683,02;0,174;0,007;1,375;5,442
44,57;683,04;0,173;0,007;1,375;5,442
44,58;683,07;0,172;0,007;1,375;5,442
44,58;683,09;0,171;0,007;1,375;5,442
44,58;683,12;0,17;0,007;1,375;5,442
44,58;683,14;0,169;0,007;1,375;5,442
44,58;683,17;0,168;0,007;1,375;5,442
44,58;683,19;0,167;0,007;1,375;5,442
44,59;683,22;0,166;0,007;1,375;5,442
44,59;683,24;0,165;0,007;1,375;5,442
44,59;683,27;0,164;0,006;1,375;5,442
44,59;683,29;0,163;0,006;1,375;5,442
44,59;683,32;0,162;0,006;1,375;5,442
44,59;683,34;0,161;0,006;1,375;5,442
44,59;683,37;0,16;0,006;1,375;5,442
44,6;683,39;0,159;0,006;1,375;5,442
44,6;683,42;0,158;0,006;1,375;5,442
44,6;683,44;0,157;0,006;1,375;5,442
44,6;683,47;0,156;0,006;1,375;5,442
44,6;683,49;0,155;0,006;1,375;5,442
44,61;683,52;0,154;0,006;1,375;5,442
44,61;683,54;0,153;0,006;1,375;5,442
44,61;683,57;0,152;0,006;1,375;5,442
44,61;683,59;0,151;0,006;1,375;5,442
44,61;683,62;0,15;0,006;1,375;5,442
44,61;683,64;0,15;0,006;1,375;5,442
44,61;683,67;0,149;0,006;1,375;5,442
44,62;683,69;0,148;0,006;1,375;5,442
44,62;683,72;0,147;0,006;1,375;5,442
44,62;683,74;0,146;0,006;1,375;5,442
44,62;683,77;0,145;0,006;1,375;5,442
44,62;683,79;0,144;0,006;1,375;5,442
44,63;683,82;0,143;0,006;1,375;5,442
44,63;683,84;0,143;0,006;1,375;5,442
44,63;683,87;0,142;0,006;1,375;5,442
44,63;683,89;0,141;0,006;1,375;5,442
44,63;683,92;0,14;0,006;1,375;5,442
44,63;683,94;0,139;0,006;1,375;5,442
44,64;683,97;0,139;0,005;1,375;5,442
44,64;683,99;0,138;0,005;1,375;5,442
44,64;684,02;0,137;0,005;1,375;5,442
44,64;684,04;0,136;0,005;1,375;5,442
44,64;684,07;0,135;0,005;1,375;5,442
44,64;684,09;0,135;0,005;1,375;5,442
44,64;684,12;0,134;0,005;1,375;5,442
44,65;684,14;0,133;0,005;1,375;5,442
44,65;684,17;0,132;0,005;1,375;5,442
44,65;684,19;0,132;0,005;1,375;5,442
44,65;684,22;0,131;0,005;1,375;5,442
44,65;684,24;0,13;0,005;1,375;5,442
44,66;684,26;0,129;0,005;1,375;5,442
44,66;684,29;0,128;0,005;1,374;5,442
44,66;684,31;0,127;0,005;1,374;5,442
44,66;684,34;0,127;0,005;1,374;5,442
44,66;684,36;0,126;0,005;1,374;5,442
44,66;684,39;0,125;0,005;1,374;5,442
44,66;684,41;0,124;0,005;1,374;5,442
44,67;684,44;0,123;0,005;1,374;5,442
44,67;684,46;0,123;0,005;1,374;5,442
44,67;684,49;0,122;0,005;1,374;5,442
44,67;684,51;0,121;0,005;1,374;5,442
44,67;684,54;0,12;0,005;1,374;5,442
44,68;684,56;0,119;0,005;1,374;5,441
44,68;684,59;0,119;0,005;1,374;5,441
44,68;684,61;0,118;0,005;1,374;5,441
44,68;684,64;0,117;0,005;1,374;5,441
44,68;684,66;0,116;0,005;1,374;5,441
44,68;684,69;0,115;0,005;1,374;5,441
44,69;684,71;0,114;0,005;1,374;5,441
44,69;684,74;0,113;0,004;1,374;5,441
44,69;684,76;0,112;0,004;1,374;5,441
44,69;684,79;0,111;0,004;1,374;5,441
44,69;684,81;0,11;0,004;1,374;5,441
44,69;684,84;0,109;0,004;1,374;5,441
44,69;684,86;0,108;0,004;1,374;5,441
44,7;684,89;0,107;0,004;1,374;5,441
44,7;684,91;0,106;0,004;1,374;5,441
44,7;684,94;0,105;0,004;1,374;5,441
44,7;684,96;0,105;0,004;1,374;5,441
44,7;684,99;0,104;0,004;1,374;5,441
44,71;685,01;0,103;0,004;1,374;5,441
44,71;685,04;0,102;0,004;1,374;5,441
44,71;685,06;0,101;0,004;1,374;5,441
44,71;685,09;0,1;0,004;1,374;5,441
44,71;685,11;0,099;0,004;1,374;5,441
44,71;685,14;0,098;0,004;1,374;5,441
44,71;685,16;0,097;0,004;1,374;5,441
44,72;685,19;0,096;0,004;1,374;5,441
44,72;685,21;0,095;0,004;1,374;5,441
44,72;685,24;0,094;0,004;1,374;5,441
44,72;685,26;0,093;0,004;1,374;5,441
44,72;685,29;0,092;0,004;1,374;5,441
44,73;685,31;0,091;0,004;1,374;5,441
44,73;685,34;0,09;0,004;1,374;5,441
44,73;685,36;0,089;0,004;1,374;5,441
44,73;685,39;0,088;0,003;1,374;5,441
44,73;685,41;0,087;0,003;1,374;5,441
44,73;685,44;0,086;0,003;1,374;5,441
44,74;685,46;0,085;0,003;1,374;5,441
44,74;685,49;0,084;0,003;1,374;5,441
44,74;685,51;0,083;0,003;1,374;5,441
44,74;685,54;0,082;0,003;1,374;5,441
44,74;685,56;0,081;0,003;1,374;5,441
44,74;685,58;0,08;0,003;1,374;5,441
44,74;685,61;0,078;0,003;1,374;5,441
44,75;685,63;0,077;0,003;1,374;5,441
44,75;685,66;0,076;0,003;1,374;5,441
44,75;685,68;0,075;0,003;1,374;5,441
44,75;685,71;0,074;0,003;1,374;5,441
44,75;685,73;0,073;0,003;1,374;5,441
44,76;685,76;0,071;0,003;1,374;5,441
44,76;685,78;0,07;0,003;1,374;5,441
44,76;685,81;0,069;0,003;1,374;5,441
44,76;685,83;0,067;0,003;1,374;5,441
44,76;685,86;0,066;0,003;1,374;5,441
44,76;685,88;0,065;0,003;1,374;5,441
44,76;685,91;0,064;0,003;1,374;5,441
44,77;685,93;0,063;0,002;1,374;5,441
44,77;685,96;0,062;0,002;1,374;5,441
44,77;685,98;0,061;0,002;1,374;5,441
44,77;686,01;0,06;0,002;1,374;5,441
44,77;686,03;0,058;0,002;1,374;5,44
44,78;686,06;0,057;0,002;1,374;5,44
44,78;686,08;0,056;0,002;1,374;5,44
44,78;686,11;0,055;0,002;1,374;5,44
44,78;686,13;0,053;0,002;1,374;5,44
44,78;686,16;0,052;0,002;1,374;5,44
44,78;686,18;0,051;0,002;1,374;5,44
44,79;686,21;0,049;0,002;1,374;5,44
44,79;686,23;0,048;0,002;1,374;5,44
44,79;686,26;0,046;0,002;1,374;5,44
44,79;686,28;0,045;0,002;1,374;5,44
44,79;686,31;0,043;0,002;1,374;5,44
44,79;686,33;0,042;0,002;1,374;5,44
44,79;686,36;0,04;0,002;1,374;5,44
44,8;686,38;0,039;0,002;1,374;5,44
44,8;686,41;0,038;0,001;1,374;5,44
44,8;686,43;0,036;0,001;1,374;5,44
44,8;686,46;0,035;0,001;1,374;5,44
44,8;686,48;0,034;0,001;1,374;5,44
44,81;686,51;0,032;0,001;1,374;5,44
44,81;686,53;0,031;0,001;1,374;5,44
44,81;686,56;0,03;0,001;1,374;5,44
44,81;686,58;0,028;0,001;1,374;5,44
44,81;686,61;0,027;0,001;1,374;5,44
44,81;686,63;0,025;0,001;1,374;5,44
44,81;686,66;0,024;0,001;1,374;5,44
44,82;686,68;0,023;0,001;1,374;5,44
44,82;686,71;0,021;0,001;1,374;5,44
44,82;686,73;0,02;0,001;1,374;5,44
44,82;686,76;0,019;0,001;1,374;5,44
44,82;686,78;0,017;0,001;1,374;5,44
44,83;686,81;0,016;0,001;1,374;5,44
44,83;686,83;0,015;0,001;1,374;5,44
44,83;686,86;0,014;0,001;1,374;5,44
44,83;686,88;0,013;0;1,374;5,44
44,83;686,9;0,011;0;1,374;5,44
44,83;686,93;0,01;0;1,374;5,44
44,84;686,95;0,009;0;1,374;5,44
44,84;686,98;0,008;0;1,374;5,44
44,84;687;0,007;0;1,374;5,44
44,84;687,03;0,006;0;1,374;5,44
44,84;687,05;0,005;0;1,374;5,44
44,84;687,08;0,003;0;1,374;5,44
44,84;687,1;0,002;0;1,374;5,44
44,85;687,13;0,001;0;1,374;5,44
44,85;687,15;0;0;1,374;5,44
44,85;687,18;-0,002;0;1,374;5,44
44,85;687,2;-0,003;0;1,374;5,44
44,85;687,23;-0,004;0;1,374;5,44
44,86;687,25;-0,005;0;1,374;5,44
44,86;687,28;-0,007;0;1,374;5,44
44,86;687,3;-0,008;0;1,374;5,44
44,86;687,33;-0,009;0;1,374;5,44
44,86;687,35;-0,01;0;1,374;5,44
44,86;687,38;-0,011;0;1,374;5,44
44,86;687,4;-0,012;0;1,374;5,44
44,87;687,43;-0,012;0;1,374;5,44
44,87;687,45;-0,013;-0,001;1,374;5,44
44,87;687,48;-0,014;-0,001;1,374;5,44
44,87;687,5;-0,015;-0,001;1,374;5,44
44,87;687,53;-0,016;-0,001;1,374;5,439
44,88;687,55;-0,017;-0,001;1,374;5,439
44,88;687,58;-0,017;-0,001;1,374;5,439
44,88;687,6;-0,018;-0,001;1,374;5,439
44,88;687,63;-0,019;-0,001;1,374;5,439
44,88;687,65;-0,02;-0,001;1,374;5,439
44,88;687,68;-0,022;-0,001;1,374;5,439
44,89;687,7;-0,023;-0,001;1,374;5,439
44,89;687,73;-0,024;-0,001;1,374;5,439
44,89;687,75;-0,025;-0,001;1,374;5,439
44,89;687,78;-0,026;-0,001;1,374;5,439
44,89;687,8;-0,027;-0,001;1,374;5,439
44,89;687,83;-0,029;-0,001;1,374;5,439
44,89;687,85;-0,03;-0,001;1,374;5,439
44,9;687,88;-0,031;-0,001;1,374;5,439
44,9;687,9;-0,032;-0,001;1,374;5,439
44,9;687,93;-0,033;-0,001;1,374;5,439
44,9;687,95;-0,035;-0,001;1,374;5,439
44,9;687,97;-0,036;-0,001;1,374;5,439
44,91;688;-0,037;-0,001;1,374;5,439
44,91;688,02;-0,039;-0,002;1,374;5,439
44,91;688,05;-0,04;-0,002;1,374;5,439
44,91;688,07;-0,041;-0,002;1,374;5,439
44,91;688,1;-0,042;-0,002;1,374;5,439
44,91;688,12;-0,044;-0,002;1,374;5,439
44,91;688,15;-0,045;-0,002;1,374;5,439
44,92;688,17;-0,046;-0,002;1,374;5,439
44,92;688,2;-0,047;-0,002;1,374;5,439
44,92;688,22;-0,049;-0,002;1,374;5,439
44,92;688,25;-0,05;-0,002;1,374;5,439
44,92;688,27;-0,051;-0,002;1,374;5,439
44,93;688,3;-0,052;-0,002;1,374;5,439
44,93;688,32;-0,053;-0,002;1,374;5,439
44,93;688,35;-0,054;-0,002;1,374;5,439
44,93;688,37;-0,056;-0,002;1,374;5,439
44,93;688,4;-0,057;-0,002;1,374;5,439
44,93;688,42;-0,058;-0,002;1,374;5,439
44,94;688,45;-0,059;-0,002;1,374;5,439
44,94;688,47;-0,06;-0,002;1,374;5,439
44,94;688,5;-0,061;-0,002;1,374;5,439
44,94;688,52;-0,062;-0,002;1,374;5,439
44,94;688,55;-0,063;-0,003;1,374;5,439
44,94;688,57;-0,065;-0,003;1,374;5,439
44,94;688,6;-0,066;-0,003;1,374;5,439
44,95;688,62;-0,067;-0,003;1,374;5,439
44,95;688,65;-0,068;-0,003;1,374;5,439
44,95;688,67;-0,069;-0,003;1,374;5,439
44,95;688,7;-0,071;-0,003;1,374;5,439
44,95;688,72;-0,072;-0,003;1,374;5,439
44,96;688,75;-0,073;-0,003;1,374;5,439
44,96;688,77;-0,074;-0,003;1,374;5,439
44,96;688,8;-0,076;-0,003;1,374;5,439
44,96;688,82;-0,077;-0,003;1,374;5,439
44,96;688,85;-0,078;-0,003;1,374;5,439
44,96;688,87;-0,079;-0,003;1,374;5,439
44,96;688,9;-0,08;-0,003;1,374;5,439
44,97;688,92;-0,081;-0,003;1,374;5,439
44,97;688,95;-0,082;-0,003;1,374;5,439
44,97;688,97;-0,083;-0,003;1,374;5,439
44,97;689;-0,084;-0,003;1,374;5,438
44,97;689,02;-0,085;-0,003;1,374;5,438
44,98;689,05;-0,086;-0,003;1,374;5,438
44,98;689,07;-0,086;-0,003;1,374;5,438
44,98;689,1;-0,087;-0,003;1,374;5,438
44,98;689,12;-0,088;-0,003;1,374;5,438
44,98;689,15;-0,088;-0,004;1,374;5,438
44,98;689,17;-0,089;-0,004;1,374;5,438
44,99;689,2;-0,09;-0,004;1,374;5,438
44,99;689,22;-0,09;-0,004;1,374;5,438
44,99;689,25;-0,091;-0,004;1,374;5,438
44,99;689,27;-0,092;-0,004;1,374;5,438
44,99;689,3;-0,092;-0,004;1,374;5,438
44,99;689,32;-0,093;-0,004;1,374;5,438
44,99;689,35;-0,094;-0,004;1,374;5,438
45;689,37;-0,095;-0,004;1,374;5,438
45;689,4;-0,095;-0,004;1,374;5,438
45;689,42;-0,096;-0,004;1,374;5,438
45;689,45;-0,097;-0,004;1,374;5,438
45;689,47;-0,097;-0,004;1,374;5,438
45,01;689,5;-0,098;-0,004;1,374;5,438
45,01;689,52;-0,099;-0,004;1,374;5,438
45,01;689,55;-0,099;-0,004;1,374;5,438
45,01;689,57;-0,1;-0,004;1,374;5,438
45,01;689,6;-0,101;-0,004;1,374;5,438
45,01;689,62;-0,101;-0,004;1,374;5,438
45,01;689,65;-0,102;-0,004;1,374;5,438
45,02;689,67;-0,103;-0,004;1,374;5,438
45,02;689,7;-0,104;-0,004;1,374;5,438
45,02;689,72;-0,105;-0,004;1,374;5,438
45,02;689,74;-0,105;-0,004;1,374;5,438
45,02;689,77;-0,106;-0,004;1,374;5,438
45,03;689,79;-0,107;-0,004;1,374;5,438
45,03;689,82;-0,107;-0,004;1,374;5,438
45,03;689,84;-0,108;-0,004;1,374;5,438
45,03;689,87;-0,109;-0,004;1,374;5,438
45,03;689,89;-0,11;-0,004;1,374;5,438
45,03;689,92;-0,111;-0,004;1,374;5,438
45,04;689,94;-0,112;-0,004;1,374;5,438
45,04;689,97;-0,113;-0,004;1,374;5,438
45,04;689,99;-0,114;-0,005;1,374;5,438
45,04;690,02;-0,115;-0,005;1,374;5,438
45,04;690,04;-0,116;-0,005;1,374;5,438
45,04;690,07;-0,117;-0,005;1,374;5,438
45,04;690,09;-0,118;-0,005;1,374;5,438
45,05;690,12;-0,12;-0,005;1,374;5,438
45,05;690,14;-0,121;-0,005;1,374;5,438
45,05;690,17;-0,122;-0,005;1,373;5,438
45,05;690,19;-0,123;-0,005;1,373;5,438
45,05;690,22;-0,125;-0,005;1,373;5,438
45,06;690,24;-0,126;-0,005;1,373;5,438
45,06;690,27;-0,127;-0,005;1,373;5,438
45,06;690,29;-0,128;-0,005;1,373;5,438
45,06;690,32;-0,13;-0,005;1,373;5,438
45,06;690,34;-0,131;-0,005;1,373;5,438
45,06;690,37;-0,133;-0,005;1,373;5,438
45,06;690,39;-0,134;-0,005;1,373;5,438
45,07;690,42;-0,136;-0,005;1,373;5,438
45,07;690,44;-0,137;-0,005;1,373;5,438
45,07;690,47;-0,139;-0,005;1,373;5,437
45,07;690,49;-0,14;-0,006;1,373;5,437
45,07;690,52;-0,142;-0,006;1,373;5,437
45,08;690,54;-0,144;-0,006;1,373;5,437
45,08;690,57;-0,146;-0,006;1,373;5,437
45,08;690,59;-0,147;-0,006;1,373;5,437
45,08;690,62;-0,149;-0,006;1,373;5,437
45,08;690,64;-0,151;-0,006;1,373;5,437
45,08;690,67;-0,153;-0,006;1,373;5,437
45,09;690,69;-0,154;-0,006;1,373;5,437
45,09;690,72;-0,156;-0,006;1,373;5,437
45,09;690,74;-0,158;-0,006;1,373;5,437
45,09;690,77;-0,16;-0,006;1,373;5,437
45,09;690,79;-0,162;-0,006;1,373;5,437
45,09;690,82;-0,163;-0,006;1,373;5,437
45,09;690,84;-0,165;-0,007;1,373;5,437
45,1;690,87;-0,167;-0,007;1,373;5,437
45,1;690,89;-0,169;-0,007;1,373;5,437
45,1;690,92;-0,171;-0,007;1,373;5,437
45,1;690,94;-0,172;-0,007;1,373;5,437
45,1;690,97;-0,174;-0,007;1,373;5,437
45,11;690,99;-0,176;-0,007;1,373;5,437
45,11;691,02;-0,178;-0,007;1,373;5,437
45,11;691,04;-0,18;-0,007;1,373;5,437
45,11;691,07;-0,182;-0,007;1,373;5,437
45,11;691,09;-0,183;-0,007;1,373;5,437
45,11;691,12;-0,185;-0,007;1,373;5,437
45,11;691,14;-0,187;-0,007;1,373;5,437
45,12;691,16;-0,188;-0,007;1,373;5,437
45,12;691,19;-0,19;-0,008;1,373;5,437
45,12;691,21;-0,191;-0,008;1,373;5,437
45,12;691,24;-0,193;-0,008;1,373;5,437
45,12;691,26;-0,194;-0,008;1,373;5,437
45,13;691,29;-0,196;-0,008;1,373;5,437
45,13;691,31;-0,197;-0,008;1,373;5,437
45,13;691,34;-0,199;-0,008;1,373;5,437
45,13;691,36;-0,2;-0,008;1,373;5,437
45,13;691,39;-0,201;-0,008;1,373;5,437
45,13;691,41;-0,203;-0,008;1,373;5,437
45,14;691,44;-0,204;-0,008;1,373;5,437
45,14;691,46;-0,205;-0,008;1,373;5,437
45,14;691,49;-0,207;-0,008;1,373;5,437
45,14;691,51;-0,208;-0,008;1,373;5,437
45,14;691,54;-0,21;-0,008;1,373;5,437
45,14;691,56;-0,211;-0,008;1,373;5,437
45,14;691,59;-0,213;-0,008;1,373;5,437
45,15;691,61;-0,214;-0,008;1,373;5,437
45,15;691,64;-0,216;-0,009;1,373;5,437
45,15;691,66;-0,217;-0,009;1,373;5,437
45,15;691,69;-0,218;-0,009;1,373;5,437
45,15;691,71;-0,22;-0,009;1,373;5,437
45,16;691,74;-0,221;-0,009;1,373;5,437
45,16;691,76;-0,222;-0,009;1,373;5,437
45,16;691,79;-0,223;-0,009;1,373;5,437
45,16;691,81;-0,224;-0,009;1,373;5,437
45,16;691,84;-0,225;-0,009;1,373;5,437
45,16;691,86;-0,226;-0,009;1,373;5,436
45,16;691,89;-0,228;-0,009;1,373;5,436
45,17;691,91;-0,229;-0,009;1,373;5,436
45,17;691,94;-0,23;-0,009;1,373;5,436
45,17;691,96;-0,231;-0,009;1,373;5,436
45,17;691,99;-0,232;-0,009;1,373;5,436
45,17;692,01;-0,233;-0,009;1,373;5,436
45,18;692,04;-0,234;-0,009;1,373;5,436
45,18;692,06;-0,235;-0,009;1,373;5,436
45,18;692,09;-0,236;-0,009;1,373;5,436
45,18;692,11;-0,237;-0,009;1,373;5,436
45,18;692,14;-0,238;-0,009;1,373;5,436
45,18;692,16;-0,239;-0,009;1,373;5,436
45,19;692,19;-0,24;-0,01;1,373;5,436
45,19;692,21;-0,241;-0,01;1,373;5,436
45,19;692,24;-0,242;-0,01;1,373;5,436
45,19;692,26;-0,243;-0,01;1,373;5,436
45,19;692,29;-0,245;-0,01;1,373;5,436
45,19;692,31;-0,246;-0,01;1,373;5,436
45,19;692,34;-0,247;-0,01;1,373;5,436
45,2;692,36;-0,248;-0,01;1,373;5,436
45,2;692,38;-0,249;-0,01;1,373;5,436
45,2;692,41;-0,25;-0,01;1,373;5,436
45,2;692,43;-0,251;-0,01;1,373;5,436
45,2;692,46;-0,252;-0,01;1,373;5,436
45,21;692,48;-0,254;-0,01;1,373;5,436
45,21;692,51;-0,255;-0,01;1,373;5,436
45,21;692,53;-0,256;-0,01;1,373;5,436
45,21;692,56;-0,257;-0,01;1,373;5,436
45,21;692,58;-0,258;-0,01;1,373;5,436
45,21;692,61;-0,26;-0,01;1,373;5,436
45,21;692,63;-0,261;-0,01;1,373;5,436
45,22;692,66;-0,262;-0,01;1,373;5,436
45,22;692,68;-0,263;-0,01;1,373;5,436
45,22;692,71;-0,265;-0,01;1,373;5,436
45,22;692,73;-0,266;-0,011;1,373;5,436
45,22;692,76;-0,267;-0,011;1,373;5,436
45,23;692,78;-0,269;-0,011;1,373;5,436
45,23;692,81;-0,27;-0,011;1,373;5,436
45,23;692,83;-0,271;-0,011;1,373;5,436
45,23;692,86;-0,273;-0,011;1,373;5,436
45,23;692,88;-0,274;-0,011;1,373;5,436
45,23;692,91;-0,275;-0,011;1,373;5,436
45,24;692,93;-0,276;-0,011;1,373;5,436
45,24;692,96;-0,278;-0,011;1,373;5,436
45,24;692,98;-0,279;-0,011;1,373;5,436
45,24;693,01;-0,28;-0,011;1,373;5,436
45,24;693,03;-0,282;-0,011;1,373;5,436
45,24;693,06;-0,283;-0,011;1,373;5,436
45,24;693,08;-0,285;-0,011;1,373;5,436
45,25;693,11;-0,286;-0,011;1,373;5,436
45,25;693,13;-0,287;-0,011;1,373;5,436
45,25;693,16;-0,289;-0,011;1,373;5,436
45,25;693,18;-0,29;-0,011;1,373;5,436
45,25;693,21;-0,292;-0,012;1,373;5,435
45,26;693,23;-0,294;-0,012;1,373;5,435
45,26;693,26;-0,295;-0,012;1,373;5,435
45,26;693,28;-0,297;-0,012;1,373;5,435
45,26;693,31;-0,299;-0,012;1,373;5,435
45,26;693,33;-0,301;-0,012;1,373;5,435
45,26;693,36;-0,302;-0,012;1,373;5,435
45,26;693,38;-0,304;-0,012;1,373;5,435
45,27;693,41;-0,306;-0,012;1,373;5,435
45,27;693,43;-0,308;-0,012;1,373;5,435
45,27;693,46;-0,31;-0,012;1,373;5,435
45,27;693,48;-0,311;-0,012;1,373;5,435
45,27;693,51;-0,313;-0,012;1,373;5,435
45,28;693,53;-0,315;-0,012;1,373;5,435
45,28;693,56;-0,316;-0,013;1,373;5,435
45,28;693,58;-0,318;-0,013;1,373;5,435
45,28;693,61;-0,32;-0,013;1,373;5,435
45,28;693,63;-0,321;-0,013;1,373;5,435
45,28;693,66;-0,323;-0,013;1,373;5,435
45,29;693,68;-0,324;-0,013;1,373;5,435
45,29;693,71;-0,326;-0,013;1,373;5,435
45,29;693,73;-0,327;-0,013;1,373;5,435
45,29;693,76;-0,329;-0,013;1,373;5,435
45,29;693,78;-0,331;-0,013;1,373;5,435
45,29;693,81;-0,332;-0,013;1,373;5,435
45,29;693,83;-0,334;-0,013;1,373;5,435
45,3;693,86;-0,335;-0,013;1,373;5,435
45,3;693,88;-0,337;-0,013;1,373;5,435
45,3;693,91;-0,338;-0,013;1,373;5,435
45,3;693,93;-0,34;-0,013;1,373;5,435
45,3;693,96;-0,342;-0,014;1,373;5,435
45,31;693,98;-0,343;-0,014;1,373;5,435
45,31;694,01;-0,344;-0,014;1,373;5,435
45,31;694,03;-0,346;-0,014;1,373;5,435
45,31;694,06;-0,347;-0,014;1,373;5,435
45,31;694,08;-0,349;-0,014;1,373;5,435
45,31;694,11;-0,35;-0,014;1,373;5,435
45,31;694,13;-0,351;-0,014;1,373;5,435
45,32;694,15;-0,353;-0,014;1,373;5,435
45,32;694,18;-0,354;-0,014;1,373;5,435
45,32;694,2;-0,355;-0,014;1,373;5,435
45,32;694,23;-0,357;-0,014;1,373;5,435
45,32;694,25;-0,358;-0,014;1,373;5,435
45,33;694,28;-0,359;-0,014;1,373;5,435
45,33;694,3;-0,361;-0,014;1,373;5,435
45,33;694,33;-0,362;-0,014;1,373;5,435
45,33;694,35;-0,363;-0,014;1,373;5,435
45,33;694,38;-0,364;-0,014;1,373;5,435
45,33;694,4;-0,366;-0,014;1,373;5,435
45,34;694,43;-0,367;-0,015;1,373;5,435
45,34;694,45;-0,368;-0,015;1,373;5,435
45,34;694,48;-0,369;-0,015;1,373;5,435
45,34;694,5;-0,37;-0,015;1,373;5,435
45,34;694,53;-0,371;-0,015;1,373;5,435
45,34;694,55;-0,372;-0,015;1,373;5,435
45,34;694,58;-0,373;-0,015;1,373;5,434
45,35;694,6;-0,373;-0,015;1,373;5,434
45,35;694,63;-0,374;-0,015;1,373;5,434
45,35;694,65;-0,375;-0,015;1,373;5,434
45,35;694,68;-0,376;-0,015;1,373;5,434
45,35;694,7;-0,377;-0,015;1,373;5,434
45,36;694,73;-0,378;-0,015;1,373;5,434
45,36;694,75;-0,379;-0,015;1,373;5,434
45,36;694,78;-0,379;-0,015;1,373;5,434
45,36;694,8;-0,38;-0,015;1,373;5,434
45,36;694,83;-0,381;-0,015;1,373;5,434
45,36;694,85;-0,382;-0,015;1,373;5,434
45,36;694,88;-0,383;-0,015;1,373;5,434
45,37;694,9;-0,384;-0,015;1,373;5,434
45,37;694,93;-0,385;-0,015;1,373;5,434
45,37;694,95;-0,386;-0,015;1,373;5,434
45,37;694,98;-0,387;-0,015;1,373;5,434
45,37;695;-0,387;-0,015;1,373;5,434
45,38;695,03;-0,388;-0,015;1,373;5,434
45,38;695,05;-0,389;-0,015;1,373;5,434
45,38;695,08;-0,39;-0,015;1,373;5,434
45,38;695,1;-0,391;-0,015;1,373;5,434
45,38;695,13;-0,392;-0,016;1,373;5,434
45,38;695,15;-0,392;-0,016;1,373;5,434
45,39;695,18;-0,393;-0,016;1,373;5,434
45,39;695,2;-0,394;-0,016;1,373;5,434
45,39;695,23;-0,394;-0,016;1,373;5,434
45,39;695,25;-0,395;-0,016;1,373;5,434
45,39;695,28;-0,396;-0,016;1,373;5,434
45,39;695,3;-0,397;-0,016;1,373;5,434
45,39;695,33;-0,398;-0,016;1,373;5,434
45,4;695,35;-0,399;-0,016;1,373;5,434
45,4;695,38;-0,4;-0,016;1,373;5,434
45,4;695,4;-0,4;-0,016;1,373;5,434
45,4;695,43;-0,401;-0,016;1,373;5,434
45,4;695,45;-0,402;-0,016;1,373;5,434
45,41;695,48;-0,403;-0,016;1,373;5,434
45,41;695,5;-0,404;-0,016;1,373;5,434
45,41;695,53;-0,405;-0,016;1,373;5,434
45,41;695,55;-0,406;-0,016;1,372;5,434
45,41;695,58;-0,407;-0,016;1,372;5,434
45,41;695,6;-0,408;-0,016;1,372;5,434
45,41;695,63;-0,409;-0,016;1,372;5,434
45,42;695,65;-0,41;-0,016;1,372;5,434
45,42;695,68;-0,411;-0,016;1,372;5,434
45,42;695,7;-0,411;-0,016;1,372;5,434
45,42;695,73;-0,412;-0,016;1,372;5,434
45,42;695,75;-0,413;-0,016;1,372;5,434
45,43;695,78;-0,414;-0,016;1,372;5,434
45,43;695,8;-0,415;-0,016;1,372;5,434
45,43;695,83;-0,415;-0,016;1,372;5,434
45,43;695,85;-0,416;-0,016;1,372;5,434
45,43;695,88;-0,417;-0,017;1,372;5,434
45,43;695,9;-0,418;-0,017;1,372;5,433
45,44;695,92;-0,419;-0,017;1,372;5,433
45,44;695,95;-0,42;-0,017;1,372;5,433
45,44;695,97;-0,421;-0,017;1,372;5,433
45,44;696;-0,422;-0,017;1,372;5,433
45,44;696,02;-0,423;-0,017;1,372;5,433
45,44;696,05;-0,424;-0,017;1,372;5,433
45,44;696,07;-0,425;-0,017;1,372;5,433
45,45;696,1;-0,425;-0,017;1,372;5,433
45,45;696,12;-0,426;-0,017;1,372;5,433
45,45;696,15;-0,427;-0,017;1,372;5,433
45,45;696,17;-0,428;-0,017;1,372;5,433
45,45;696,2;-0,43;-0,017;1,372;5,433
45,46;696,22;-0,431;-0,017;1,372;5,433
45,46;696,25;-0,432;-0,017;1,372;5,433
45,46;696,27;-0,433;-0,017;1,372;5,433
45,46;696,3;-0,435;-0,017;1,372;5,433
45,46;696,32;-0,436;-0,017;1,372;5,433
45,46;696,35;-0,438;-0,017;1,372;5,433
45,46;696,37;-0,439;-0,017;1,372;5,433
45,47;696,4;-0,441;-0,017;1,372;5,433
45,47;696,42;-0,442;-0,018;1,372;5,433
45,47;696,45;-0,444;-0,018;1,372;5,433
45,47;696,47;-0,445;-0,018;1,372;5,433
45,47;696,5;-0,447;-0,018;1,372;5,433
45,48;696,52;-0,448;-0,018;1,372;5,433
45,48;696,55;-0,449;-0,018;1,372;5,433
45,48;696,57;-0,451;-0,018;1,372;5,433
45,48;696,6;-0,453;-0,018;1,372;5,433
45,48;696,62;-0,454;-0,018;1,372;5,433
45,48;696,65;-0,456;-0,018;1,372;5,433
45,49;696,67;-0,457;-0,018;1,372;5,433
45,49;696,7;-0,459;-0,018;1,372;5,433
45,49;696,72;-0,46;-0,018;1,372;5,433
45,49;696,75;-0,462;-0,018;1,372;5,433
45,49;696,77;-0,463;-0,018;1,372;5,433
45,49;696,8;-0,464;-0,018;1,372;5,433
45,49;696,82;-0,466;-0,018;1,372;5,433
45,5;696,85;-0,467;-0,019;1,372;5,433
45,5;696,87;-0,469;-0,019;1,372;5,433
45,5;696,9;-0,47;-0,019;1,372;5,433
45,5;696,92;-0,472;-0,019;1,372;5,433
45,5;696,95;-0,473;-0,019;1,372;5,433
45,51;696,97;-0,475;-0,019;1,372;5,433
45,51;697;-0,476;-0,019;1,372;5,433
45,51;697,02;-0,478;-0,019;1,372;5,433
45,51;697,05;-0,479;-0,019;1,372;5,433
45,51;697,07;-0,481;-0,019;1,372;5,433
45,51;697,1;-0,482;-0,019;1,372;5,433
45,51;697,12;-0,483;-0,019;1,372;5,433
45,52;697,15;-0,485;-0,019;1,372;5,433
45,52;697,17;-0,486;-0,019;1,372;5,433
45,52;697,2;-0,487;-0,019;1,372;5,433
45,52;697,22;-0,489;-0,019;1,372;5,432
45,52;697,25;-0,49;-0,019;1,372;5,432
45,53;697,27;-0,491;-0,019;1,372;5,432
45,53;697,3;-0,493;-0,02;1,372;5,432
45,53;697,32;-0,494;-0,02;1,372;5,432
45,53;697,35;-0,495;-0,02;1,372;5,432
45,53;697,37;-0,496;-0,02;1,372;5,432
45,53;697,4;-0,497;-0,02;1,372;5,432
45,54;697,42;-0,498;-0,02;1,372;5,432
45,54;697,45;-0,5;-0,02;1,372;5,432
45,54;697,47;-0,501;-0,02;1,372;5,432
45,54;697,5;-0,502;-0,02;1,372;5,432
45,54;697,52;-0,503;-0,02;1,372;5,432
45,54;697,55;-0,503;-0,02;1,372;5,432
45,54;697,57;-0,504;-0,02;1,372;5,432
45,55;697,6;-0,505;-0,02;1,372;5,432
45,55;697,62;-0,506;-0,02;1,372;5,432
45,55;697,65;-0,506;-0,02;1,372;5,432
45,55;697,67;-0,507;-0,02;1,372;5,432
45,55;697,7;-0,508;-0,02;1,372;5,432
45,56;697,72;-0,508;-0,02;1,372;5,432
45,56;697,75;-0,509;-0,02;1,372;5,432
45,56;697,77;-0,509;-0,02;1,372;5,432
45,56;697,8;-0,51;-0,02;1,372;5,432
45,56;697,82;-0,51;-0,02;1,372;5,432
45,56;697,85;-0,511;-0,02;1,372;5,432
45,56;697,87;-0,511;-0,02;1,372;5,432
45,57;697,9;-0,512;-0,02;1,372;5,432
45,57;697,92;-0,512;-0,02;1,372;5,432
45,57;697,95;-0,512;-0,02;1,372;5,432
45,57;697,97;-0,513;-0,02;1,372;5,432
45,57;698;-0,513;-0,02;1,372;5,432
45,58;698,02;-0,514;-0,02;1,372;5,432
45,58;698,05;-0,514;-0,02;1,372;5,432
45,58;698,07;-0,515;-0,02;1,372;5,432
45,58;698,1;-0,515;-0,02;1,372;5,432
45,58;698,12;-0,515;-0,02;1,372;5,432
45,58;698,14;-0,516;-0,02;1,372;5,432
45,59;698,17;-0,516;-0,02;1,372;5,432
45,59;698,2;-0,516;-0,02;1,372;5,432
45,59;698,22;-0,517;-0,02;1,372;5,432
45,59;698,25;-0,517;-0,02;1,372;5,432
45,59;698,27;-0,518;-0,02;1,372;5,432
45,59;698,29;-0,518;-0,021;1,372;5,432
45,59;698,32;-0,519;-0,021;1,372;5,432
45,6;698,34;-0,519;-0,021;1,372;5,432
45,6;698,37;-0,52;-0,021;1,372;5,432
45,6;698,39;-0,521;-0,021;1,372;5,432
45,6;698,42;-0,521;-0,021;1,372;5,432
45,6;698,44;-0,522;-0,021;1,372;5,432
45,61;698,47;-0,523;-0,021;1,372;5,432
45,61;698,49;-0,524;-0,021;1,372;5,432
45,61;698,52;-0,525;-0,021;1,372;5,432
45,61;698,54;-0,526;-0,021;1,372;5,432
45,61;698,57;-0,527;-0,021;1,372;5,432
45,61;698,59;-0,528;-0,021;1,372;5,432
45,61;698,62;-0,529;-0,021;1,372;5,431
45,62;698,64;-0,53;-0,021;1,372;5,431
45,62;698,67;-0,531;-0,021;1,372;5,431
45,62;698,69;-0,532;-0,021;1,372;5,431
45,62;698,72;-0,533;-0,021;1,372;5,431
45,62;698,74;-0,534;-0,021;1,372;5,431
45,63;698,77;-0,535;-0,021;1,372;5,431
45,63;698,79;-0,536;-0,021;1,372;5,431
45,63;698,82;-0,537;-0,021;1,372;5,431
45,63;698,84;-0,539;-0,021;1,372;5,431
45,63;698,87;-0,54;-0,021;1,372;5,431
45,63;698,89;-0,542;-0,021;1,372;5,431
45,64;698,92;-0,543;-0,021;1,372;5,431
45,64;698,94;-0,544;-0,022;1,372;5,431
45,64;698,97;-0,546;-0,022;1,372;5,431
45,64;698,99;-0,547;-0,022;1,372;5,431
45,64;699,02;-0,549;-0,022;1,372;5,431
45,64;699,04;-0,55;-0,022;1,372;5,431
45,64;699,07;-0,552;-0,022;1,372;5,431
45,65;699,09;-0,553;-0,022;1,372;5,431
45,65;699,12;-0,555;-0,022;1,372;5,431
45,65;699,14;-0,557;-0,022;1,372;5,431
45,65;699,17;-0,558;-0,022;1,372;5,431
45,65;699,19;-0,56;-0,022;1,372;5,431
45,66;699,22;-0,562;-0,022;1,372;5,431
45,66;699,24;-0,564;-0,022;1,372;5,431
45,66;699,27;-0,566;-0,022;1,372;5,431
45,66;699,29;-0,567;-0,022;1,372;5,431
45,66;699,32;-0,569;-0,023;1,372;5,431
45,66;699,34;-0,571;-0,023;1,372;5,431
45,66;699,37;-0,573;-0,023;1,372;5,431
45,67;699,39;-0,575;-0,023;1,372;5,431
45,67;699,42;-0,577;-0,023;1,372;5,431
45,67;699,44;-0,579;-0,023;1,372;5,431
45,67;699,47;-0,58;-0,023;1,372;5,431
45,67;699,49;-0,582;-0,023;1,372;5,431
45,68;699,52;-0,584;-0,023;1,372;5,431
45,68;699,54;-0,586;-0,023;1,372;5,431
45,68;699,57;-0,587;-0,023;1,372;5,431
45,68;699,59;-0,589;-0,023;1,372;5,431
45,68;699,62;-0,591;-0,023;1,372;5,431
45,68;699,64;-0,592;-0,023;1,372;5,431
45,69;699,67;-0,594;-0,024;1,372;5,431
45,69;699,69;-0,595;-0,024;1,372;5,431
45,69;699,72;-0,596;-0,024;1,372;5,431
45,69;699,74;-0,598;-0,024;1,372;5,431
45,69;699,77;-0,599;-0,024;1,372;5,431
45,69;699,79;-0,6;-0,024;1,372;5,431
45,69;699,82;-0,602;-0,024;1,372;5,431
45,7;699,84;-0,603;-0,024;1,372;5,43
45,7;699,87;-0,604;-0,024;1,372;5,43
45,7;699,89;-0,605;-0,024;1,372;5,43
45,7;699,92;-0,606;-0,024;1,372;5,43
45,7;699,94;-0,607;-0,024;1,372;5,43
45,71;699,97;-0,608;-0,024;1,372;5,43
45,71;699,99;-0,609;-0,024;1,372;5,43
45,71;700,02;-0,61;-0,024;1,372;5,43
45,71;700,04;-0,611;-0,024;1,372;5,43
45,71;700,07;-0,612;-0,024;1,372;5,43
45,71;700,09;-0,613;-0,024;1,372;5,43
45,71;700,12;-0,613;-0,024;1,372;5,43
45,72;700,14;-0,614;-0,024;1,372;5,43
45,72;700,17;-0,615;-0,024;1,372;5,43
45,72;700,19;-0,616;-0,024;1,372;5,43
45,72;700,22;-0,616;-0,024;1,372;5,43
45,72;700,24;-0,617;-0,024;1,372;5,43
45,73;700,27;-0,617;-0,024;1,372;5,43
45,73;700,29;-0,618;-0,024;1,372;5,43
45,73;700,32;-0,619;-0,024;1,372;5,43
45,73;700,34;-0,619;-0,025;1,372;5,43
45,73;700,37;-0,62;-0,025;1,372;5,43
45,73;700,39;-0,621;-0,025;1,372;5,43
45,74;700,42;-0,621;-0,025;1,372;5,43
45,74;700,44;-0,622;-0,025;1,372;5,43
45,74;700,47;-0,623;-0,025;1,372;5,43
45,74;700,49;-0,623;-0,025;1,372;5,43
45,74;700,52;-0,624;-0,025;1,372;5,43
45,74;700,54;-0,624;-0,025;1,372;5,43
45,74;700,57;-0,625;-0,025;1,372;5,43
45,75;700,59;-0,625;-0,025;1,372;5,43
45,75;700,62;-0,626;-0,025;1,372;5,43
45,75;700,64;-0,627;-0,025;1,372;5,43
45,75;700,67;-0,627;-0,025;1,371;5,43
45,75;700,69;-0,628;-0,025;1,371;5,43
45,76;700,72;-0,628;-0,025;1,371;5,43
45,76;700,74;-0,629;-0,025;1,371;5,43
45,76;700,77;-0,629;-0,025;1,371;5,43
45,76;700,79;-0,63;-0,025;1,371;5,43
45,76;700,82;-0,631;-0,025;1,371;5,43
45,76;700,84;-0,631;-0,025;1,371;5,43
45,76;700,87;-0,632;-0,025;1,371;5,43
45,77;700,89;-0,633;-0,025;1,371;5,43
45,77;700,92;-0,633;-0,025;1,371;5,43
45,77;700,94;-0,634;-0,025;1,371;5,43
45,77;700,97;-0,635;-0,025;1,371;5,43
45,77;700,99;-0,636;-0,025;1,371;5,43
45,78;701,02;-0,637;-0,025;1,371;5,429
45,78;701,04;-0,637;-0,025;1,371;5,429
45,78;701,07;-0,638;-0,025;1,371;5,429
45,78;701,09;-0,639;-0,025;1,371;5,429
45,78;701,12;-0,64;-0,025;1,371;5,429
45,78;701,14;-0,641;-0,025;1,371;5,429
45,79;701,17;-0,642;-0,025;1,371;5,429
45,79;701,19;-0,643;-0,025;1,371;5,429
45,79;701,22;-0,644;-0,026;1,371;5,429
45,79;701,24;-0,645;-0,026;1,371;5,429
45,79;701,27;-0,647;-0,026;1,371;5,429
45,79;701,29;-0,648;-0,026;1,371;5,429
45,79;701,32;-0,649;-0,026;1,371;5,429
45,8;701,34;-0,65;-0,026;1,371;5,429
45,8;701,37;-0,651;-0,026;1,371;5,429
45,8;701,39;-0,653;-0,026;1,371;5,429
45,8;701,42;-0,654;-0,026;1,371;5,429
45,8;701,44;-0,655;-0,026;1,371;5,429
45,81;701,47;-0,656;-0,026;1,371;5,429
45,81;701,49;-0,657;-0,026;1,371;5,429
45,81;701,52;-0,659;-0,026;1,371;5,429
45,81;701,54;-0,66;-0,026;1,371;5,429
45,81;701,57;-0,661;-0,026;1,371;5,429
45,81;701,59;-0,662;-0,026;1,371;5,429
45,81;701,62;-0,663;-0,026;1,371;5,429
45,82;701,64;-0,664;-0,026;1,371;5,429
45,82;701,67;-0,665;-0,026;1,371;5,429
45,82;701,69;-0,666;-0,026;1,371;5,429
45,82;701,72;-0,667;-0,026;1,371;5,429
45,82;701,74;-0,669;-0,026;1,371;5,429
45,83;701,77;-0,67;-0,027;1,371;5,429
45,83;701,79;-0,671;-0,027;1,371;5,429
45,83;701,82;-0,673;-0,027;1,371;5,429
45,83;701,84;-0,674;-0,027;1,371;5,429
45,83;701,87;-0,676;-0,027;1,371;5,429
45,83;701,89;-0,677;-0,027;1,371;5,429
45,84;701,92;-0,679;-0,027;1,371;5,429
45,84;701,94;-0,681;-0,027;1,371;5,429
45,84;701,97;-0,682;-0,027;1,371;5,429
45,84;701,99;-0,684;-0,027;1,371;5,429
45,84;702,01;-0,685;-0,027;1,371;5,429
45,84;702,04;-0,687;-0,027;1,371;5,429
45,84;702,06;-0,688;-0,027;1,371;5,429
45,85;702,09;-0,689;-0,027;1,371;5,429
45,85;702,11;-0,691;-0,027;1,371;5,429
45,85;702,14;-0,692;-0,027;1,371;5,429
45,85;702,16;-0,694;-0,027;1,371;5,429
45,85;702,19;-0,695;-0,028;1,371;5,429
45,86;702,21;-0,696;-0,028;1,371;5,428
45,86;702,24;-0,698;-0,028;1,371;5,428
45,86;702,26;-0,699;-0,028;1,371;5,428
45,86;702,29;-0,701;-0,028;1,371;5,428
45,86;702,31;-0,702;-0,028;1,371;5,428
45,86;702,34;-0,704;-0,028;1,371;5,428
45,86;702,36;-0,705;-0,028;1,371;5,428
45,87;702,39;-0,707;-0,028;1,371;5,428
45,87;702,41;-0,708;-0,028;1,371;5,428
45,87;702,44;-0,709;-0,028;1,371;5,428
45,87;702,46;-0,711;-0,028;1,371;5,428
45,87;702,49;-0,712;-0,028;1,371;5,428
45,88;702,51;-0,713;-0,028;1,371;5,428
45,88;702,54;-0,714;-0,028;1,371;5,428
45,88;702,56;-0,716;-0,028;1,371;5,428
45,88;702,59;-0,717;-0,028;1,371;5,428
45,88;702,61;-0,718;-0,028;1,371;5,428
45,88;702,64;-0,719;-0,028;1,371;5,428
45,89;702,66;-0,72;-0,029;1,371;5,428
45,89;702,69;-0,722;-0,029;1,371;5,428
45,89;702,71;-0,723;-0,029;1,371;5,428
45,89;702,74;-0,724;-0,029;1,371;5,428
45,89;702,76;-0,725;-0,029;1,371;5,428
45,89;702,79;-0,727;-0,029;1,371;5,428
45,89;702,81;-0,728;-0,029;1,371;5,428
45,9;702,84;-0,729;-0,029;1,371;5,428
45,9;702,86;-0,73;-0,029;1,371;5,428
45,9;702,89;-0,732;-0,029;1,371;5,428
45,9;702,91;-0,733;-0,029;1,371;5,428
45,9;702,94;-0,734;-0,029;1,371;5,428
45,91;702,96;-0,735;-0,029;1,371;5,428
45,91;702,99;-0,736;-0,029;1,371;5,428
45,91;703,01;-0,737;-0,029;1,371;5,428
45,91;703,04;-0,738;-0,029;1,371;5,428
45,91;703,06;-0,739;-0,029;1,371;5,428
45,91;703,09;-0,74;-0,029;1,371;5,428
45,91;703,11;-0,741;-0,029;1,371;5,428
45,92;703,14;-0,741;-0,029;1,371;5,428
45,92;703,16;-0,742;-0,029;1,371;5,428
45,92;703,19;-0,743;-0,029;1,371;5,428
45,92;703,21;-0,744;-0,029;1,371;5,428
45,92;703,24;-0,745;-0,029;1,371;5,428
45,93;703,26;-0,746;-0,03;1,371;5,428
45,93;703,29;-0,747;-0,03;1,371;5,428
45,93;703,31;-0,748;-0,03;1,371;5,428
45,93;703,34;-0,749;-0,03;1,371;5,428
45,93;703,36;-0,75;-0,03;1,371;5,428
45,93;703,39;-0,751;-0,03;1,371;5,428
45,94;703,41;-0,752;-0,03;1,371;5,428
45,94;703,44;-0,753;-0,03;1,371;5,428
45,94;703,46;-0,754;-0,03;1,371;5,428
45,94;703,49;-0,755;-0,03;1,371;5,428
45,94;703,51;-0,756;-0,03;1,371;5,428
45,94;703,54;-0,757;-0,03;1,371;5,427
45,94;703,56;-0,758;-0,03;1,371;5,427
45,95;703,59;-0,759;-0,03;1,371;5,427
45,95;703,61;-0,76;-0,03;1,371;5,427
45,95;703,64;-0,761;-0,03;1,371;5,427
45,95;703,66;-0,762;-0,03;1,371;5,427
45,95;703,69;-0,763;-0,03;1,371;5,427
45,96;703,71;-0,764;-0,03;1,371;5,427
45,96;703,74;-0,765;-0,03;1,371;5,427
45,96;703,76;-0,766;-0,03;1,371;5,427
45,96;703,79;-0,767;-0,03;1,371;5,427
45,96;703,81;-0,768;-0,03;1,371;5,427
45,96;703,84;-0,769;-0,03;1,371;5,427
45,96;703,86;-0,77;-0,03;1,371;5,427
45,97;703,89;-0,771;-0,031;1,371;5,427
45,97;703,91;-0,772;-0,031;1,371;5,427
45,97;703,94;-0,772;-0,031;1,371;5,427
45,97;703,96;-0,774;-0,031;1,371;5,427
45,97;703,99;-0,775;-0,031;1,371;5,427
45,98;704,01;-0,776;-0,031;1,371;5,427
45,98;704,04;-0,777;-0,031;1,371;5,427
45,98;704,06;-0,778;-0,031;1,371;5,427
45,98;704,09;-0,779;-0,031;1,371;5,427
45,98;704,11;-0,78;-0,031;1,371;5,427
45,98;704,14;-0,781;-0,031;1,371;5,427
45,99;704,16;-0,782;-0,031;1,371;5,427
45,99;704,19;-0,783;-0,031;1,371;5,427
45,99;704,21;-0,784;-0,031;1,371;5,427
45,99;704,24;-0,785;-0,031;1,371;5,427
45,99;704,26;-0,786;-0,031;1,371;5,427
45,99;704,29;-0,787;-0,031;1,371;5,427
45,99;704,31;-0,789;-0,031;1,371;5,427
46;704,34;-0,79;-0,031;1,371;5,427
46;704,36;-0,791;-0,031;1,371;5,427
46;704,39;-0,792;-0,031;1,371;5,427
46;704,41;-0,793;-0,031;1,371;5,427
46;704,44;-0,794;-0,031;1,371;5,427
46,01;704,46;-0,795;-0,031;1,371;5,427
46,01;704,49;-0,796;-0,032;1,371;5,427
46,01;704,51;-0,797;-0,032;1,371;5,427
46,01;704,54;-0,798;-0,032;1,371;5,427
46,01;704,56;-0,799;-0,032;1,371;5,427
46,01;704,59;-0,8;-0,032;1,371;5,427
46,01;704,61;-0,801;-0,032;1,371;5,427
46,02;704,64;-0,802;-0,032;1,371;5,427
46,02;704,66;-0,803;-0,032;1,371;5,427
46,02;704,69;-0,804;-0,032;1,371;5,427
46,02;704,71;-0,805;-0,032;1,371;5,426
46,02;704,74;-0,806;-0,032;1,371;5,426
46,03;704,76;-0,806;-0,032;1,371;5,426
46,03;704,79;-0,807;-0,032;1,371;5,426
46,03;704,81;-0,808;-0,032;1,371;5,426
46,03;704,84;-0,809;-0,032;1,371;5,426
46,03;704,86;-0,81;-0,032;1,371;5,426
46,03;704,89;-0,811;-0,032;1,371;5,426
46,04;704,91;-0,812;-0,032;1,371;5,426
46,04;704,94;-0,813;-0,032;1,371;5,426
46,04;704,96;-0,814;-0,032;1,371;5,426
46,04;704,99;-0,815;-0,032;1,371;5,426
46,04;705,01;-0,816;-0,032;1,371;5,426
46,04;705,04;-0,817;-0,032;1,371;5,426
46,04;705,06;-0,818;-0,032;1,371;5,426
46,05;705,09;-0,819;-0,032;1,371;5,426
46,05;705,11;-0,82;-0,032;1,371;5,426
46,05;705,14;-0,821;-0,033;1,371;5,426
46,05;705,16;-0,822;-0,033;1,371;5,426
46,05;705,19;-0,823;-0,033;1,371;5,426
46,06;705,21;-0,824;-0,033;1,371;5,426
46,06;705,24;-0,825;-0,033;1,371;5,426
46,06;705,26;-0,826;-0,033;1,371;5,426
46,06;705,29;-0,827;-0,033;1,371;5,426
46,06;705,31;-0,828;-0,033;1,371;5,426
46,06;705,34;-0,828;-0,033;1,371;5,426
46,06;705,36;-0,829;-0,033;1,371;5,426
46,07;705,39;-0,83;-0,033;1,371;5,426
46,07;705,41;-0,831;-0,033;1,371;5,426
46,07;705,44;-0,832;-0,033;1,371;5,426
46,07;705,46;-0,833;-0,033;1,37;5,426
46,07;705,49;-0,834;-0,033;1,37;5,426
46,08;705,51;-0,835;-0,033;1,37;5,426
46,08;705,54;-0,835;-0,033;1,37;5,426
46,08;705,56;-0,836;-0,033;1,37;5,426
46,08;705,59;-0,837;-0,033;1,37;5,426
46,08;705,61;-0,838;-0,033;1,37;5,426
46,08;705,63;-0,838;-0,033;1,37;5,426
46,09;705,66;-0,839;-0,033;1,37;5,426
46,09;705,68;-0,84;-0,033;1,37;5,426
46,09;705,71;-0,841;-0,033;1,37;5,426
46,09;705,73;-0,842;-0,033;1,37;5,426
46,09;705,76;-0,843;-0,033;1,37;5,426
46,09;705,78;-0,844;-0,033;1,37;5,426
46,09;705,81;-0,845;-0,033;1,37;5,426
46,1;705,83;-0,846;-0,033;1,37;5,426
46,1;705,86;-0,847;-0,034;1,37;5,426
46,1;705,88;-0,848;-0,034;1,37;5,425
46,1;705,91;-0,849;-0,034;1,37;5,425
46,1;705,93;-0,85;-0,034;1,37;5,425
46,11;705,96;-0,851;-0,034;1,37;5,425
46,11;705,98;-0,851;-0,034;1,37;5,425
46,11;706,01;-0,852;-0,034;1,37;5,425
46,11;706,03;-0,853;-0,034;1,37;5,425
46,11;706,06;-0,854;-0,034;1,37;5,425
46,11;706,08;-0,855;-0,034;1,37;5,425
46,11;706,11;-0,856;-0,034;1,37;5,425
46,12;706,13;-0,856;-0,034;1,37;5,425
46,12;706,16;-0,857;-0,034;1,37;5,425
46,12;706,18;-0,858;-0,034;1,37;5,425
46,12;706,21;-0,859;-0,034;1,37;5,425
46,12;706,23;-0,86;-0,034;1,37;5,425
46,13;706,26;-0,86;-0,034;1,37;5,425
46,13;706,28;-0,861;-0,034;1,37;5,425
46,13;706,31;-0,862;-0,034;1,37;5,425
46,13;706,33;-0,863;-0,034;1,37;5,425
46,13;706,36;-0,864;-0,034;1,37;5,425
46,13;706,38;-0,864;-0,034;1,37;5,425
46,14;706,41;-0,865;-0,034;1,37;5,425
46,14;706,43;-0,866;-0,034;1,37;5,425
46,14;706,46;-0,867;-0,034;1,37;5,425
46,14;706,48;-0,868;-0,034;1,37;5,425
46,14;706,51;-0,868;-0,034;1,37;5,425
46,14;706,53;-0,869;-0,034;1,37;5,425
46,14;706,56;-0,87;-0,034;1,37;5,425
46,15;706,58;-0,871;-0,034;1,37;5,425
46,15;706,61;-0,871;-0,034;1,37;5,425
46,15;706,63;-0,872;-0,035;1,37;5,425
46,15;706,66;-0,873;-0,035;1,37;5,425
46,15;706,68;-0,873;-0,035;1,37;5,425
46,16;706,71;-0,874;-0,035;1,37;5,425
46,16;706,73;-0,875;-0,035;1,37;5,425
46,16;706,76;-0,875;-0,035;1,37;5,425
46,16;706,78;-0,876;-0,035;1,37;5,425
46,16;706,81;-0,877;-0,035;1,37;5,425
46,16;706,83;-0,877;-0,035;1,37;5,425
46,16;706,86;-0,878;-0,035;1,37;5,425
46,17;706,88;-0,879;-0,035;1,37;5,425
46,17;706,91;-0,879;-0,035;1,37;5,425
46,17;706,93;-0,88;-0,035;1,37;5,425
46,17;706,96;-0,88;-0,035;1,37;5,425
46,17;706,98;-0,881;-0,035;1,37;5,425
46,18;707,01;-0,882;-0,035;1,37;5,425
46,18;707,03;-0,882;-0,035;1,37;5,425
46,18;707,06;-0,883;-0,035;1,37;5,424
46,18;707,08;-0,883;-0,035;1,37;5,424
46,18;707,11;-0,884;-0,035;1,37;5,424
46,18;707,13;-0,884;-0,035;1,37;5,424
46,19;707,16;-0,885;-0,035;1,37;5,424
46,19;707,18;-0,885;-0,035;1,37;5,424
46,19;707,21;-0,886;-0,035;1,37;5,424
46,19;707,23;-0,887;-0,035;1,37;5,424
46,19;707,26;-0,887;-0,035;1,37;5,424
46,19;707,28;-0,888;-0,035;1,37;5,424
46,19;707,31;-0,888;-0,035;1,37;5,424
46,2;707,33;-0,889;-0,035;1,37;5,424
46,2;707,36;-0,89;-0,035;1,37;5,424
46,2;707,38;-0,89;-0,035;1,37;5,424
46,2;707,41;-0,891;-0,035;1,37;5,424
46,2;707,43;-0,892;-0,035;1,37;5,424
46,21;707,46;-0,893;-0,035;1,37;5,424
46,21;707,48;-0,894;-0,035;1,37;5,424
46,21;707,51;-0,894;-0,035;1,37;5,424
46,21;707,53;-0,895;-0,035;1,37;5,424
46,21;707,56;-0,896;-0,035;1,37;5,424
46,21;707,58;-0,897;-0,036;1,37;5,424
46,21;707,61;-0,898;-0,036;1,37;5,424
46,22;707,63;-0,899;-0,036;1,37;5,424
46,22;707,66;-0,899;-0,036;1,37;5,424
46,22;707,68;-0,9;-0,036;1,37;5,424
46,22;707,71;-0,901;-0,036;1,37;5,424
46,22;707,73;-0,902;-0,036;1,37;5,424
46,23;707,76;-0,903;-0,036;1,37;5,424
46,23;707,78;-0,904;-0,036;1,37;5,424
46,23;707,81;-0,905;-0,036;1,37;5,424
46,23;707,83;-0,906;-0,036;1,37;5,424
46,23;707,86;-0,907;-0,036;1,37;5,424
46,23;707,88;-0,908;-0,036;1,37;5,424
46,24;707,91;-0,909;-0,036;1,37;5,424
46,24;707,93;-0,909;-0,036;1,37;5,424
46,24;707,96;-0,91;-0,036;1,37;5,424
46,24;707,98;-0,911;-0,036;1,37;5,424
46,24;708,01;-0,912;-0,036;1,37;5,424
46,24;708,03;-0,913;-0,036;1,37;5,424
46,24;708,06;-0,914;-0,036;1,37;5,424
46,25;708,08;-0,915;-0,036;1,37;5,424
46,25;708,11;-0,916;-0,036;1,37;5,424
46,25;708,13;-0,917;-0,036;1,37;5,424
46,25;708,16;-0,918;-0,036;1,37;5,424
46,25;708,18;-0,919;-0,036;1,37;5,424
46,26;708,21;-0,919;-0,036;1,37;5,423
46,26;708,23;-0,92;-0,036;1,37;5,423
46,26;708,26;-0,921;-0,036;1,37;5,423
46,26;708,28;-0,922;-0,037;1,37;5,423
46,26;708,31;-0,923;-0,037;1,37;5,423
46,26;708,33;-0,924;-0,037;1,37;5,423
46,26;708,36;-0,925;-0,037;1,37;5,423
46,27;708,38;-0,926;-0,037;1,37;5,423
46,27;708,41;-0,926;-0,037;1,37;5,423
46,27;708,43;-0,927;-0,037;1,37;5,423
46,27;708,46;-0,928;-0,037;1,37;5,423
46,27;708,48;-0,929;-0,037;1,37;5,423
46,28;708,51;-0,93;-0,037;1,37;5,423
46,28;708,53;-0,931;-0,037;1,37;5,423
46,28;708,56;-0,932;-0,037;1,37;5,423
46,28;708,58;-0,932;-0,037;1,37;5,423
46,28;708,61;-0,933;-0,037;1,37;5,423
46,28;708,63;-0,934;-0,037;1,37;5,423
46,29;708,66;-0,934;-0,037;1,37;5,423
46,29;708,68;-0,935;-0,037;1,37;5,423
46,29;708,71;-0,936;-0,037;1,37;5,423
46,29;708,73;-0,936;-0,037;1,37;5,423
46,29;708,76;-0,937;-0,037;1,37;5,423
46,29;708,78;-0,938;-0,037;1,37;5,423
46,29;708,81;-0,938;-0,037;1,37;5,423
46,3;708,83;-0,939;-0,037;1,37;5,423
46,3;708,86;-0,94;-0,037;1,37;5,423
46,3;708,88;-0,94;-0,037;1,37;5,423
46,3;708,91;-0,941;-0,037;1,37;5,423
46,3;708,93;-0,942;-0,037;1,37;5,423
46,31;708,96;-0,942;-0,037;1,37;5,423
46,31;708,98;-0,943;-0,037;1,37;5,423
46,31;709,01;-0,944;-0,037;1,37;5,423
46,31;709,03;-0,944;-0,037;1,37;5,423
46,31;709,06;-0,945;-0,037;1,37;5,423
46,31;709,08;-0,946;-0,037;1,37;5,423
46,31;709,11;-0,947;-0,037;1,37;5,423
46,32;709,13;-0,948;-0,038;1,37;5,423
46,32;709,16;-0,949;-0,038;1,37;5,423
46,32;709,18;-0,95;-0,038;1,37;5,423
46,32;709,21;-0,95;-0,038;1,37;5,423
46,32;709,23;-0,951;-0,038;1,37;5,423
46,33;709,26;-0,952;-0,038;1,37;5,423
46,33;709,28;-0,953;-0,038;1,37;5,423
46,33;709,31;-0,954;-0,038;1,37;5,423
46,33;709,33;-0,955;-0,038;1,37;5,422
46,33;709,36;-0,956;-0,038;1,37;5,422
46,33;709,38;-0,957;-0,038;1,37;5,422
46,34;709,41;-0,958;-0,038;1,37;5,422
46,34;709,43;-0,958;-0,038;1,37;5,422
46,34;709,46;-0,959;-0,038;1,37;5,422
46,34;709,48;-0,96;-0,038;1,37;5,422
46,34;709,51;-0,961;-0,038;1,37;5,422
46,34;709,53;-0,962;-0,038;1,37;5,422
46,34;709,56;-0,962;-0,038;1,37;5,422
46,35;709,58;-0,963;-0,038;1,37;5,422
46,35;709,61;-0,964;-0,038;1,37;5,422
46,35;709,63;-0,965;-0,038;1,37;5,422
46,35;709,66;-0,965;-0,038;1,37;5,422
46,35;709,68;-0,966;-0,038;1,37;5,422
46,36;709,71;-0,967;-0,038;1,37;5,422
46,36;709,73;-0,968;-0,038;1,37;5,422
46,36;709,76;-0,969;-0,038;1,37;5,422
46,36;709,78;-0,969;-0,038;1,37;5,422
46,36;709,81;-0,97;-0,038;1,37;5,422
46,36;709,83;-0,971;-0,038;1,37;5,422
46,36;709,86;-0,972;-0,038;1,37;5,422
46,37;709,88;-0,973;-0,039;1,37;5,422
46,37;709,91;-0,973;-0,039;1,37;5,422
46,37;709,93;-0,974;-0,039;1,37;5,422
46,37;709,96;-0,975;-0,039;1,37;5,422
46,37;709,98;-0,976;-0,039;1,37;5,422
46,38;710,01;-0,976;-0,039;1,369;5,422
46,38;710,03;-0,977;-0,039;1,369;5,422
46,38;710,06;-0,978;-0,039;1,369;5,422
46,38;710,08;-0,978;-0,039;1,369;5,422
46,38;710,11;-0,979;-0,039;1,369;5,422
46,38;710,13;-0,98;-0,039;1,369;5,422
46,39;710,16;-0,981;-0,039;1,369;5,422
46,39;710,18;-0,981;-0,039;1,369;5,422
46,39;710,21;-0,982;-0,039;1,369;5,422
46,39;710,23;-0,983;-0,039;1,369;5,422
46,39;710,26;-0,983;-0,039;1,369;5,422
46,39;710,28;-0,984;-0,039;1,369;5,422
46,39;710,31;-0,985;-0,039;1,369;5,422
46,4;710,33;-0,985;-0,039;1,369;5,422
46,4;710,36;-0,986;-0,039;1,369;5,422
46,4;710,38;-0,986;-0,039;1,369;5,422
46,4;710,41;-0,987;-0,039;1,369;5,422
46,4;710,43;-0,987;-0,039;1,369;5,421
46,41;710,46;-0,987;-0,039;1,369;5,421
46,41;710,48;-0,988;-0,039;1,369;5,421
46,41;710,5;-0,988;-0,039;1,369;5,421
46,41;710,53;-0,989;-0,039;1,369;5,421
46,41;710,55;-0,989;-0,039;1,369;5,421
46,41;710,58;-0,99;-0,039;1,369;5,421
46,41;710,6;-0,991;-0,039;1,369;5,421
46,42;710,63;-0,991;-0,039;1,369;5,421
46,42;710,65;-0,992;-0,039;1,369;5,421
46,42;710,68;-0,993;-0,039;1,369;5,421
46,42;710,7;-0,994;-0,039;1,369;5,421
46,42;710,73;-0,995;-0,039;1,369;5,421
46,43;710,75;-0,996;-0,039;1,369;5,421
46,43;710,78;-0,997;-0,039;1,369;5,421
46,43;710,8;-0,998;-0,04;1,369;5,421
46,43;710,83;-0,999;-0,04;1,369;5,421
46,43;710,85;-1;-0,04;1,369;5,421
46,43;710,88;-1,001;-0,04;1,369;5,421
46,44;710,9;-1,002;-0,04;1,369;5,421
46,44;710,93;-1,002;-0,04;1,369;5,421
46,44;710,95;-1,003;-0,04;1,369;5,421
46,44;710,98;-1,004;-0,04;1,369;5,421
46,44;711;-1,005;-0,04;1,369;5,421
46,44;711,03;-1,006;-0,04;1,369;5,421
46,44;711,05;-1,007;-0,04;1,369;5,421
46,45;711,08;-1,008;-0,04;1,369;5,421
46,45;711,1;-1,009;-0,04;1,369;5,421
46,45;711,13;-1,01;-0,04;1,369;5,421
46,45;711,15;-1,01;-0,04;1,369;5,421
46,45;711,18;-1,011;-0,04;1,369;5,421
46,46;711,2;-1,012;-0,04;1,369;5,421
46,46;711,23;-1,013;-0,04;1,369;5,421
46,46;711,25;-1,014;-0,04;1,369;5,421
46,46;711,28;-1,015;-0,04;1,369;5,421
46,46;711,3;-1,016;-0,04;1,369;5,421
46,46;711,33;-1,017;-0,04;1,369;5,421
46,46;711,35;-1,017;-0,04;1,369;5,421
46,47;711,38;-1,018;-0,04;1,369;5,421
46,47;711,4;-1,019;-0,04;1,369;5,421
46,47;711,43;-1,02;-0,04;1,369;5,421
46,47;711,45;-1,021;-0,04;1,369;5,421
46,47;711,48;-1,022;-0,04;1,369;5,421
46,48;711,5;-1,023;-0,04;1,369;5,421
46,48;711,53;-1,024;-0,041;1,369;5,42
46,48;711,55;-1,025;-0,041;1,369;5,42
46,48;711,58;-1,026;-0,041;1,369;5,42
46,48;711,6;-1,027;-0,041;1,369;5,42
46,48;711,63;-1,027;-0,041;1,369;5,42
46,49;711,65;-1,028;-0,041;1,369;5,42
46,49;711,68;-1,029;-0,041;1,369;5,42
46,49;711,7;-1,03;-0,041;1,369;5,42
46,49;711,73;-1,031;-0,041;1,369;5,42
46,49;711,75;-1,032;-0,041;1,369;5,42
46,49;711,78;-1,033;-0,041;1,369;5,42
46,49;711,8;-1,034;-0,041;1,369;5,42
46,5;711,83;-1,035;-0,041;1,369;5,42
46,5;711,85;-1,035;-0,041;1,369;5,42
46,5;711,88;-1,036;-0,041;1,369;5,42
46,5;711,9;-1,037;-0,041;1,369;5,42
46,5;711,93;-1,037;-0,041;1,369;5,42
46,51;711,95;-1,038;-0,041;1,369;5,42
46,51;711,98;-1,038;-0,041;1,369;5,42
46,51;712;-1,039;-0,041;1,369;5,42
46,51;712,03;-1,039;-0,041;1,369;5,42
46,51;712,05;-1,039;-0,041;1,369;5,42
46,51;712,08;-1,04;-0,041;1,369;5,42
46,51;712,1;-1,04;-0,041;1,369;5,42
46,52;712,13;-1,041;-0,041;1,369;5,42
46,52;712,15;-1,041;-0,041;1,369;5,42
46,52;712,18;-1,042;-0,041;1,369;5,42
46,52;712,2;-1,042;-0,041;1,369;5,42
46,52;712,23;-1,043;-0,041;1,369;5,42
46,53;712,25;-1,044;-0,041;1,369;5,42
46,53;712,28;-1,044;-0,041;1,369;5,42
46,53;712,3;-1,045;-0,041;1,369;5,42
46,53;712,33;-1,045;-0,041;1,369;5,42
46,53;712,35;-1,046;-0,041;1,369;5,42
46,53;712,38;-1,046;-0,041;1,369;5,42
46,54;712,4;-1,047;-0,041;1,369;5,42
46,54;712,43;-1,048;-0,041;1,369;5,42
46,54;712,45;-1,048;-0,041;1,369;5,42
46,54;712,48;-1,049;-0,042;1,369;5,42
46,54;712,5;-1,049;-0,042;1,369;5,42
46,54;712,53;-1,05;-0,042;1,369;5,42
46,54;712,55;-1,05;-0,042;1,369;5,42
46,55;712,58;-1,051;-0,042;1,369;5,42
46,55;712,6;-1,051;-0,042;1,369;5,42
46,55;712,63;-1,052;-0,042;1,369;5,419
46,55;712,65;-1,052;-0,042;1,369;5,419
46,55;712,68;-1,053;-0,042;1,369;5,419
46,56;712,7;-1,054;-0,042;1,369;5,419
46,56;712,73;-1,054;-0,042;1,369;5,419
46,56;712,75;-1,055;-0,042;1,369;5,419
46,56;712,78;-1,055;-0,042;1,369;5,419
46,56;712,8;-1,056;-0,042;1,369;5,419
46,56;712,83;-1,057;-0,042;1,369;5,419
46,56;712,85;-1,057;-0,042;1,369;5,419
46,57;712,88;-1,058;-0,042;1,369;5,419
46,57;712,9;-1,059;-0,042;1,369;5,419
46,57;712,93;-1,059;-0,042;1,369;5,419
46,57;712,95;-1,06;-0,042;1,369;5,419
46,57;712,98;-1,06;-0,042;1,369;5,419
46,58;713;-1,061;-0,042;1,369;5,419
46,58;713,03;-1,062;-0,042;1,369;5,419
46,58;713,05;-1,062;-0,042;1,369;5,419
46,58;713,08;-1,063;-0,042;1,369;5,419
46,58;713,1;-1,064;-0,042;1,369;5,419
46,58;713,13;-1,065;-0,042;1,369;5,419
46,59;713,15;-1,065;-0,042;1,369;5,419
46,59;713,18;-1,066;-0,042;1,369;5,419
46,59;713,2;-1,067;-0,042;1,369;5,419
46,59;713,23;-1,068;-0,042;1,369;5,419
46,59;713,25;-1,068;-0,042;1,369;5,419
46,59;713,28;-1,069;-0,042;1,369;5,419
46,59;713,3;-1,07;-0,042;1,369;5,419
46,6;713,33;-1,07;-0,042;1,369;5,419
46,6;713,35;-1,071;-0,042;1,369;5,419
46,6;713,38;-1,072;-0,042;1,369;5,419
46,6;713,4;-1,072;-0,042;1,369;5,419
46,6;713,43;-1,073;-0,042;1,369;5,419
46,61;713,45;-1,073;-0,042;1,369;5,419
46,61;713,48;-1,074;-0,043;1,369;5,419
46,61;713,5;-1,074;-0,043;1,369;5,419
46,61;713,53;-1,075;-0,043;1,369;5,419
46,61;713,55;-1,075;-0,043;1,369;5,419
46,61;713,58;-1,076;-0,043;1,369;5,419
46,61;713,6;-1,077;-0,043;1,369;5,419
46,62;713,63;-1,077;-0,043;1,369;5,419
46,62;713,65;-1,078;-0,043;1,369;5,419
46,62;713,68;-1,078;-0,043;1,369;5,419
46,62;713,7;-1,079;-0,043;1,369;5,419
46,62;713,73;-1,079;-0,043;1,369;5,418
46,63;713,75;-1,08;-0,043;1,369;5,418
46,63;713,77;-1,08;-0,043;1,369;5,418
46,63;713,8;-1,081;-0,043;1,369;5,418
46,63;713,82;-1,082;-0,043;1,369;5,418
46,63;713,85;-1,082;-0,043;1,369;5,418
46,63;713,87;-1,083;-0,043;1,369;5,418
46,64;713,9;-1,083;-0,043;1,369;5,418
46,64;713,92;-1,084;-0,043;1,369;5,418
46,64;713,95;-1,084;-0,043;1,369;5,418
46,64;713,97;-1,084;-0,043;1,369;5,418
46,64;714;-1,085;-0,043;1,369;5,418
46,64;714,02;-1,086;-0,043;1,369;5,418
46,64;714,05;-1,086;-0,043;1,369;5,418
46,65;714,07;-1,087;-0,043;1,369;5,418
46,65;714,1;-1,088;-0,043;1,369;5,418
46,65;714,12;-1,089;-0,043;1,369;5,418
46,65;714,15;-1,089;-0,043;1,369;5,418
46,65;714,17;-1,09;-0,043;1,369;5,418
46,66;714,2;-1,091;-0,043;1,369;5,418
46,66;714,22;-1,092;-0,043;1,369;5,418
46,66;714,25;-1,093;-0,043;1,369;5,418
46,66;714,27;-1,093;-0,043;1,369;5,418
46,66;714,3;-1,094;-0,043;1,369;5,418
46,66;714,32;-1,095;-0,043;1,368;5,418
46,66;714,35;-1,096;-0,043;1,368;5,418
46,67;714,37;-1,097;-0,043;1,368;5,418
46,67;714,4;-1,097;-0,043;1,368;5,418
46,67;714,42;-1,098;-0,043;1,368;5,418
46,67;714,45;-1,099;-0,044;1,368;5,418
46,67;714,47;-1,1;-0,044;1,368;5,418
46,68;714,5;-1,101;-0,044;1,368;5,418
46,68;714,52;-1,102;-0,044;1,368;5,418
46,68;714,55;-1,103;-0,044;1,368;5,418
46,68;714,57;-1,103;-0,044;1,368;5,418
46,68;714,6;-1,104;-0,044;1,368;5,418
46,68;714,62;-1,105;-0,044;1,368;5,418
46,69;714,65;-1,106;-0,044;1,368;5,418
46,69;714,67;-1,107;-0,044;1,368;5,418
46,69;714,7;-1,108;-0,044;1,368;5,418
46,69;714,72;-1,109;-0,044;1,368;5,418
46,69;714,75;-1,11;-0,044;1,368;5,418
46,69;714,77;-1,111;-0,044;1,368;5,417
46,69;714,8;-1,112;-0,044;1,368;5,417
46,7;714,82;-1,113;-0,044;1,368;5,417
46,7;714,85;-1,114;-0,044;1,368;5,417
46,7;714,87;-1,115;-0,044;1,368;5,417
46,7;714,9;-1,116;-0,044;1,368;5,417
46,7;714,92;-1,116;-0,044;1,368;5,417
46,71;714,95;-1,117;-0,044;1,368;5,417
46,71;714,97;-1,118;-0,044;1,368;5,417
46,71;715;-1,119;-0,044;1,368;5,417
46,71;715,02;-1,12;-0,044;1,368;5,417
46,71;715,05;-1,121;-0,044;1,368;5,417
46,71;715,07;-1,122;-0,044;1,368;5,417
46,71;715,1;-1,123;-0,044;1,368;5,417
46,72;715,12;-1,124;-0,044;1,368;5,417
46,72;715,15;-1,125;-0,045;1,368;5,417
46,72;715,17;-1,126;-0,045;1,368;5,417
46,72;715,2;-1,127;-0,045;1,368;5,417
46,72;715,22;-1,127;-0,045;1,368;5,417
46,73;715,25;-1,128;-0,045;1,368;5,417
46,73;715,27;-1,129;-0,045;1,368;5,417
46,73;715,3;-1,129;-0,045;1,368;5,417
46,73;715,32;-1,13;-0,045;1,368;5,417
46,73;715,35;-1,13;-0,045;1,368;5,417
46,73;715,37;-1,131;-0,045;1,368;5,417
46,74;715,4;-1,132;-0,045;1,368;5,417
46,74;715,42;-1,132;-0,045;1,368;5,417
46,74;715,45;-1,133;-0,045;1,368;5,417
46,74;715,47;-1,133;-0,045;1,368;5,417
46,74;715,5;-1,134;-0,045;1,368;5,417
46,74;715,52;-1,134;-0,045;1,368;5,417
46,74;715,55;-1,135;-0,045;1,368;5,417
46,75;715,57;-1,135;-0,045;1,368;5,417
46,75;715,6;-1,135;-0,045;1,368;5,417
46,75;715,62;-1,136;-0,045;1,368;5,417
46,75;715,65;-1,136;-0,045;1,368;5,417
46,75;715,67;-1,136;-0,045;1,368;5,417
46,76;715,7;-1,137;-0,045;1,368;5,417
46,76;715,72;-1,137;-0,045;1,368;5,417
46,76;715,75;-1,137;-0,045;1,368;5,417
46,76;715,77;-1,138;-0,045;1,368;5,417
46,76;715,8;-1,138;-0,045;1,368;5,416
46,76;715,82;-1,139;-0,045;1,368;5,416
46,76;715,85;-1,139;-0,045;1,368;5,416
46,77;715,87;-1,139;-0,045;1,368;5,416
46,77;715,9;-1,14;-0,045;1,368;5,416
46,77;715,92;-1,14;-0,045;1,368;5,416
46,77;715,95;-1,141;-0,045;1,368;5,416
46,77;715,97;-1,141;-0,045;1,368;5,416
46,78;716;-1,141;-0,045;1,368;5,416
46,78;716,02;-1,142;-0,045;1,368;5,416
46,78;716,05;-1,142;-0,045;1,368;5,416
46,78;716,07;-1,142;-0,045;1,368;5,416
46,78;716,1;-1,143;-0,045;1,368;5,416
46,78;716,12;-1,143;-0,045;1,368;5,416
46,79;716,15;-1,144;-0,045;1,368;5,416
46,79;716,17;-1,144;-0,045;1,368;5,416
46,79;716,2;-1,145;-0,045;1,368;5,416
46,79;716,22;-1,145;-0,045;1,368;5,416
46,79;716,25;-1,145;-0,045;1,368;5,416
46,79;716,27;-1,146;-0,045;1,368;5,416
46,79;716,3;-1,146;-0,045;1,368;5,416
46,8;716,32;-1,147;-0,045;1,368;5,416
46,8;716,35;-1,147;-0,045;1,368;5,416
46,8;716,37;-1,148;-0,045;1,368;5,416
46,8;716,4;-1,149;-0,045;1,368;5,416
46,8;716,42;-1,149;-0,045;1,368;5,416
46,81;716,45;-1,15;-0,046;1,368;5,416
46,81;716,47;-1,15;-0,046;1,368;5,416
46,81;716,5;-1,151;-0,046;1,368;5,416
46,81;716,52;-1,151;-0,046;1,368;5,416
46,81;716,55;-1,152;-0,046;1,368;5,416
46,81;716,57;-1,152;-0,046;1,368;5,416
46,81;716,6;-1,153;-0,046;1,368;5,416
46,82;716,62;-1,153;-0,046;1,368;5,416
46,82;716,65;-1,154;-0,046;1,368;5,416
46,82;716,67;-1,154;-0,046;1,368;5,416
46,82;716,7;-1,155;-0,046;1,368;5,416
46,82;716,72;-1,155;-0,046;1,368;5,416
46,83;716,75;-1,156;-0,046;1,368;5,416
46,83;716,77;-1,157;-0,046;1,368;5,416
46,83;716,8;-1,157;-0,046;1,368;5,416
46,83;716,82;-1,158;-0,046;1,368;5,416
46,83;716,85;-1,159;-0,046;1,368;5,415
46,83;716,87;-1,159;-0,046;1,368;5,415
46,84;716,9;-1,16;-0,046;1,368;5,415
46,84;716,92;-1,161;-0,046;1,368;5,415
46,84;716,95;-1,161;-0,046;1,368;5,415
46,84;716,97;-1,162;-0,046;1,368;5,415
46,84;717;-1,162;-0,046;1,368;5,415
46,84;717,02;-1,163;-0,046;1,368;5,415
46,84;717,05;-1,163;-0,046;1,368;5,415
46,85;717,07;-1,164;-0,046;1,368;5,415
46,85;717,1;-1,165;-0,046;1,368;5,415
46,85;717,12;-1,165;-0,046;1,368;5,415
46,85;717,15;-1,166;-0,046;1,368;5,415
46,85;717,17;-1,166;-0,046;1,368;5,415
46,86;717,2;-1,167;-0,046;1,368;5,415
46,86;717,22;-1,167;-0,046;1,368;5,415
46,86;717,25;-1,168;-0,046;1,368;5,415
46,86;717,27;-1,168;-0,046;1,368;5,415
46,86;717,3;-1,169;-0,046;1,368;5,415
46,86;717,32;-1,169;-0,046;1,368;5,415
46,86;717,35;-1,17;-0,046;1,368;5,415
46,87;717,37;-1,17;-0,046;1,368;5,415
46,87;717,4;-1,171;-0,046;1,368;5,415
46,87;717,42;-1,171;-0,046;1,368;5,415
46,87;717,45;-1,171;-0,046;1,368;5,415
46,87;717,47;-1,172;-0,046;1,368;5,415
46,88;717,5;-1,172;-0,046;1,368;5,415
46,88;717,52;-1,173;-0,046;1,368;5,415
46,88;717,55;-1,173;-0,046;1,368;5,415
46,88;717,57;-1,173;-0,046;1,368;5,415
46,88;717,6;-1,174;-0,046;1,368;5,415
46,88;717,62;-1,174;-0,046;1,368;5,415
46,89;717,64;-1,175;-0,047;1,368;5,415
46,89;717,67;-1,175;-0,047;1,368;5,415
46,89;717,69;-1,176;-0,047;1,368;5,415
46,89;717,72;-1,176;-0,047;1,368;5,415
46,89;717,74;-1,176;-0,047;1,368;5,415
46,89;717,77;-1,177;-0,047;1,368;5,415
46,89;717,79;-1,177;-0,047;1,368;5,415
46,9;717,82;-1,178;-0,047;1,368;5,415
46,9;717,84;-1,178;-0,047;1,368;5,415
46,9;717,87;-1,179;-0,047;1,368;5,415
46,9;717,89;-1,18;-0,047;1,368;5,415
46,9;717,92;-1,18;-0,047;1,368;5,414
46,91;717,94;-1,181;-0,047;1,368;5,414
46,91;717,97;-1,181;-0,047;1,368;5,414
46,91;717,99;-1,182;-0,047;1,368;5,414
46,91;718,02;-1,183;-0,047;1,368;5,414
46,91;718,04;-1,183;-0,047;1,368;5,414
46,91;718,07;-1,184;-0,047;1,368;5,414
46,91;718,09;-1,185;-0,047;1,368;5,414
46,92;718,12;-1,185;-0,047;1,368;5,414
46,92;718,14;-1,186;-0,047;1,368;5,414
46,92;718,17;-1,186;-0,047;1,368;5,414
46,92;718,19;-1,187;-0,047;1,368;5,414
46,92;718,22;-1,187;-0,047;1,368;5,414
46,93;718,24;-1,188;-0,047;1,368;5,414
46,93;718,27;-1,188;-0,047;1,368;5,414
46,93;718,29;-1,189;-0,047;1,368;5,414
46,93;718,32;-1,19;-0,047;1,368;5,414
46,93;718,34;-1,19;-0,047;1,368;5,414
46,93;718,37;-1,191;-0,047;1,368;5,414
46,94;718,39;-1,191;-0,047;1,368;5,414
46,94;718,42;-1,192;-0,047;1,368;5,414
46,94;718,44;-1,192;-0,047;1,368;5,414
46,94;718,47;-1,193;-0,047;1,367;5,414
46,94;718,49;-1,193;-0,047;1,367;5,414
46,94;718,52;-1,194;-0,047;1,367;5,414
46,94;718,54;-1,194;-0,047;1,367;5,414
46,95;718,57;-1,195;-0,047;1,367;5,414
46,95;718,59;-1,195;-0,047;1,367;5,414
46,95;718,62;-1,196;-0,047;1,367;5,414
46,95;718,64;-1,196;-0,047;1,367;5,414
46,95;718,67;-1,197;-0,047;1,367;5,414
46,96;718,69;-1,197;-0,047;1,367;5,414
46,96;718,72;-1,197;-0,047;1,367;5,414
46,96;718,74;-1,198;-0,047;1,367;5,414
46,96;718,77;-1,198;-0,047;1,367;5,414
46,96;718,79;-1,199;-0,047;1,367;5,414
46,96;718,82;-1,199;-0,047;1,367;5,414
46,96;718,84;-1,2;-0,047;1,367;5,414
46,97;718,87;-1,2;-0,048;1,367;5,414
46,97;718,89;-1,201;-0,048;1,367;5,414
46,97;718,92;-1,201;-0,048;1,367;5,414
46,97;718,94;-1,202;-0,048;1,367;5,414
46,97;718,97;-1,202;-0,048;1,367;5,413
46,98;718,99;-1,202;-0,048;1,367;5,413
46,98;719,02;-1,203;-0,048;1,367;5,413
46,98;719,04;-1,203;-0,048;1,367;5,413
46,98;719,07;-1,204;-0,048;1,367;5,413
46,98;719,09;-1,204;-0,048;1,367;5,413
46,98;719,12;-1,204;-0,048;1,367;5,413
46,99;719,14;-1,204;-0,048;1,367;5,413
46,99;719,17;-1,205;-0,048;1,367;5,413
46,99;719,19;-1,205;-0,048;1,367;5,413
46,99;719,22;-1,205;-0,048;1,367;5,413
46,99;719,24;-1,205;-0,048;1,367;5,413
46,99;719,27;-1,205;-0,048;1,367;5,413
46,99;719,29;-1,205;-0,048;1,367;5,413
47;719,32;-1,205;-0,048;1,367;5,413
47;719,34;-1,205;-0,048;1,367;5,413
47;719,37;-1,205;-0,048;1,367;5,413
47;719,39;-1,206;-0,048;1,367;5,413
47;719,42;-1,206;-0,048;1,367;5,413
47,01;719,44;-1,206;-0,048;1,367;5,413
47,01;719,47;-1,206;-0,048;1,367;5,413
47,01;719,49;-1,206;-0,048;1,367;5,413
47,01;719,52;-1,206;-0,048;1,367;5,413
47,01;719,54;-1,207;-0,048;1,367;5,413
47,01;719,57;-1,207;-0,048;1,367;5,413
47,01;719,59;-1,207;-0,048;1,367;5,413
47,02;719,62;-1,207;-0,048;1,367;5,413
47,02;719,64;-1,207;-0,048;1,367;5,413
47,02;719,67;-1,208;-0,048;1,367;5,413
47,02;719,69;-1,208;-0,048;1,367;5,413
47,02;719,72;-1,208;-0,048;1,367;5,413
47,03;719,74;-1,208;-0,048;1,367;5,413
47,03;719,77;-1,209;-0,048;1,367;5,413
47,03;719,79;-1,209;-0,048;1,367;5,413
47,03;719,82;-1,209;-0,048;1,367;5,413
47,03;719,84;-1,209;-0,048;1,367;5,413
47,03;719,87;-1,21;-0,048;1,367;5,413
47,04;719,89;-1,21;-0,048;1,367;5,413
47,04;719,92;-1,21;-0,048;1,367;5,413
47,04;719,94;-1,21;-0,048;1,367;5,413
47,04;719,97;-1,211;-0,048;1,367;5,412
47,04;719,99;-1,211;-0,048;1,367;5,412
47,04;720,02;-1,211;-0,048;1,367;5,412
47,04;720,04;-1,211;-0,048;1,367;5,412
47,05;720,07;-1,212;-0,048;1,367;5,412
47,05;720,09;-1,212;-0,048;1,367;5,412
47,05;720,12;-1,212;-0,048;1,367;5,412
47,05;720,14;-1,212;-0,048;1,367;5,412
47,05;720,17;-1,212;-0,048;1,367;5,412
47,06;720,19;-1,212;-0,048;1,367;5,412
47,06;720,22;-1,213;-0,048;1,367;5,412
47,06;720,24;-1,213;-0,048;1,367;5,412
47,06;720,27;-1,213;-0,048;1,367;5,412
47,06;720,29;-1,213;-0,048;1,367;5,412
47,06;720,32;-1,213;-0,048;1,367;5,412
47,06;720,34;-1,213;-0,048;1,367;5,412
47,07;720,37;-1,213;-0,048;1,367;5,412
47,07;720,39;-1,213;-0,048;1,367;5,412
47,07;720,42;-1,213;-0,048;1,367;5,412
47,07;720,44;-1,213;-0,048;1,367;5,412
47,07;720,47;-1,213;-0,048;1,367;5,412
47,08;720,49;-1,213;-0,048;1,367;5,412
47,08;720,52;-1,213;-0,048;1,367;5,412
47,08;720,54;-1,213;-0,048;1,367;5,412
47,08;720,57;-1,213;-0,048;1,367;5,412
47,08;720,59;-1,213;-0,048;1,367;5,412
47,08;720,62;-1,213;-0,048;1,367;5,412
47,09;720,64;-1,213;-0,048;1,367;5,412
47,09;720,67;-1,213;-0,048;1,367;5,412
47,09;720,69;-1,213;-0,048;1,367;5,412
47,09;720,72;-1,213;-0,048;1,367;5,412
47,09;720,74;-1,213;-0,048;1,367;5,412
47,09;720,77;-1,213;-0,048;1,367;5,412
47,09;720,79;-1,213;-0,048;1,367;5,412
47,1;720,82;-1,213;-0,048;1,367;5,412
47,1;720,84;-1,213;-0,048;1,367;5,412
47,1;720,87;-1,213;-0,048;1,367;5,412
47,1;720,89;-1,214;-0,048;1,367;5,412
47,1;720,92;-1,214;-0,048;1,367;5,412
47,11;720,94;-1,214;-0,048;1,367;5,412
47,11;720,97;-1,214;-0,048;1,367;5,412
47,11;720,99;-1,214;-0,048;1,367;5,411
47,11;721,02;-1,215;-0,048;1,367;5,411
47,11;721,04;-1,215;-0,048;1,367;5,411
47,11;721,07;-1,215;-0,048;1,367;5,411
47,11;721,09;-1,215;-0,048;1,367;5,411
47,12;721,12;-1,216;-0,048;1,367;5,411
47,12;721,14;-1,216;-0,048;1,367;5,411
47,12;721,17;-1,216;-0,048;1,367;5,411
47,12;721,19;-1,216;-0,048;1,367;5,411
47,12;721,22;-1,216;-0,048;1,367;5,411
47,13;721,24;-1,217;-0,048;1,367;5,411
47,13;721,27;-1,217;-0,048;1,367;5,411
47,13;721,29;-1,217;-0,048;1,367;5,411
47,13;721,32;-1,217;-0,048;1,367;5,411
47,13;721,34;-1,218;-0,048;1,367;5,411
47,13;721,37;-1,218;-0,048;1,367;5,411
47,14;721,39;-1,218;-0,048;1,367;5,411
47,14;721,42;-1,218;-0,048;1,367;5,411
47,14;721,44;-1,219;-0,048;1,367;5,411
47,14;721,47;-1,219;-0,048;1,367;5,411
47,14;721,49;-1,219;-0,048;1,367;5,411
47,14;721,52;-1,22;-0,048;1,367;5,411
47,14;721,54;-1,22;-0,048;1,367;5,411
47,15;721,57;-1,22;-0,048;1,367;5,411
47,15;721,59;-1,221;-0,048;1,367;5,411
47,15;721,62;-1,221;-0,048;1,367;5,411
47,15;721,64;-1,221;-0,048;1,367;5,411
47,15;721,67;-1,222;-0,048;1,367;5,411
47,16;721,69;-1,222;-0,048;1,367;5,411
47,16;721,72;-1,223;-0,048;1,367;5,411
47,16;721,74;-1,223;-0,048;1,367;5,411
47,16;721,77;-1,224;-0,048;1,367;5,411
47,16;721,79;-1,224;-0,048;1,367;5,411
47,16;721,82;-1,225;-0,048;1,367;5,411
47,16;721,84;-1,226;-0,049;1,367;5,411
47,17;721,87;-1,226;-0,049;1,367;5,411
47,17;721,89;-1,227;-0,049;1,367;5,411
47,17;721,91;-1,227;-0,049;1,367;5,411
47,17;721,94;-1,228;-0,049;1,367;5,411
47,17;721,96;-1,228;-0,049;1,367;5,411
47,18;721,99;-1,229;-0,049;1,367;5,41
47,18;722,01;-1,229;-0,049;1,367;5,41
47,18;722,04;-1,23;-0,049;1,367;5,41
47,18;722,06;-1,23;-0,049;1,367;5,41
47,18;722,09;-1,231;-0,049;1,367;5,41
47,18;722,12;-1,231;-0,049;1,367;5,41
47,19;722,14;-1,231;-0,049;1,367;5,41
47,19;722,17;-1,231;-0,049;1,367;5,41
47,19;722,19;-1,232;-0,049;1,367;5,41
47,19;722,22;-1,232;-0,049;1,367;5,41
47,19;722,24;-1,232;-0,049;1,367;5,41
47,19;722,27;-1,233;-0,049;1,367;5,41
47,19;722,29;-1,233;-0,049;1,367;5,41
47,2;722,32;-1,233;-0,049;1,367;5,41
47,2;722,34;-1,233;-0,049;1,367;5,41
47,2;722,37;-1,233;-0,049;1,367;5,41
47,2;722,39;-1,234;-0,049;1,367;5,41
47,2;722,42;-1,234;-0,049;1,367;5,41
47,21;722,44;-1,234;-0,049;1,367;5,41
47,21;722,47;-1,234;-0,049;1,367;5,41
47,21;722,49;-1,235;-0,049;1,367;5,41
47,21;722,51;-1,235;-0,049;1,366;5,41
47,21;722,54;-1,235;-0,049;1,366;5,41
47,21;722,56;-1,235;-0,049;1,366;5,41
47,21;722,59;-1,236;-0,049;1,366;5,41
47,22;722,61;-1,236;-0,049;1,366;5,41
47,22;722,64;-1,236;-0,049;1,366;5,41
47,22;722,66;-1,236;-0,049;1,366;5,41
47,22;722,69;-1,237;-0,049;1,366;5,41
47,22;722,71;-1,237;-0,049;1,366;5,41
47,23;722,74;-1,237;-0,049;1,366;5,41
47,23;722,76;-1,237;-0,049;1,366;5,41
47,23;722,79;-1,237;-0,049;1,366;5,41
47,23;722,81;-1,237;-0,049;1,366;5,41
47,23;722,84;-1,237;-0,049;1,366;5,41
47,23;722,86;-1,238;-0,049;1,366;5,41
47,24;722,89;-1,238;-0,049;1,366;5,41
47,24;722,91;-1,238;-0,049;1,366;5,41
47,24;722,94;-1,238;-0,049;1,366;5,41
47,24;722,96;-1,238;-0,049;1,366;5,41
47,24;722,99;-1,237;-0,049;1,366;5,41
47,24;723,01;-1,237;-0,049;1,366;5,409
47,24;723,04;-1,237;-0,049;1,366;5,409
47,25;723,06;-1,237;-0,049;1,366;5,409
47,25;723,09;-1,237;-0,049;1,366;5,409
47,25;723,11;-1,237;-0,049;1,366;5,409
47,25;723,14;-1,237;-0,049;1,366;5,409
47,25;723,16;-1,237;-0,049;1,366;5,409
47,26;723,19;-1,237;-0,049;1,366;5,409
47,26;723,21;-1,237;-0,049;1,366;5,409
47,26;723,24;-1,236;-0,049;1,366;5,409
47,26;723,26;-1,236;-0,049;1,366;5,409
47,26;723,29;-1,236;-0,049;1,366;5,409
47,26;723,31;-1,236;-0,049;1,366;5,409
47,26;723,34;-1,236;-0,049;1,366;5,409
47,27;723,36;-1,236;-0,049;1,366;5,409
47,27;723,39;-1,236;-0,049;1,366;5,409
47,27;723,41;-1,236;-0,049;1,366;5,409
47,27;723,44;-1,236;-0,049;1,366;5,409
47,27;723,46;-1,236;-0,049;1,366;5,409
47,28;723,49;-1,236;-0,049;1,366;5,409
47,28;723,51;-1,237;-0,049;1,366;5,409
47,28;723,54;-1,237;-0,049;1,366;5,409
47,28;723,56;-1,237;-0,049;1,366;5,409
47,28;723,59;-1,237;-0,049;1,366;5,409
47,28;723,61;-1,237;-0,049;1,366;5,409
47,29;723,64;-1,237;-0,049;1,366;5,409
47,29;723,66;-1,237;-0,049;1,366;5,409
47,29;723,69;-1,237;-0,049;1,366;5,409
47,29;723,71;-1,237;-0,049;1,366;5,409
47,29;723,74;-1,237;-0,049;1,366;5,409
47,29;723,76;-1,237;-0,049;1,366;5,409
47,29;723,79;-1,237;-0,049;1,366;5,409
47,3;723,81;-1,237;-0,049;1,366;5,409
47,3;723,84;-1,237;-0,049;1,366;5,409
47,3;723,86;-1,237;-0,049;1,366;5,409
47,3;723,89;-1,236;-0,049;1,366;5,409
47,3;723,91;-1,236;-0,049;1,366;5,409
47,31;723,94;-1,236;-0,049;1,366;5,409
47,31;723,96;-1,236;-0,049;1,366;5,409
47,31;723,99;-1,236;-0,049;1,366;5,409
47,31;724,01;-1,236;-0,049;1,366;5,408
47,31;724,04;-1,236;-0,049;1,366;5,408
47,31;724,06;-1,236;-0,049;1,366;5,408
47,31;724,09;-1,236;-0,049;1,366;5,408
47,32;724,11;-1,235;-0,049;1,366;5,408
47,32;724,14;-1,235;-0,049;1,366;5,408
47,32;724,16;-1,235;-0,049;1,366;5,408
47,32;724,19;-1,235;-0,049;1,366;5,408
47,32;724,21;-1,235;-0,049;1,366;5,408
47,33;724,24;-1,235;-0,049;1,366;5,408
47,33;724,26;-1,235;-0,049;1,366;5,408
47,33;724,29;-1,235;-0,049;1,366;5,408
47,33;724,31;-1,235;-0,049;1,366;5,408
47,33;724,34;-1,235;-0,049;1,366;5,408
47,33;724,36;-1,235;-0,049;1,366;5,408
47,34;724,39;-1,235;-0,049;1,366;5,408
47,34;724,41;-1,235;-0,049;1,366;5,408
47,34;724,44;-1,235;-0,049;1,366;5,408
47,34;724,46;-1,235;-0,049;1,366;5,408
47,34;724,49;-1,235;-0,049;1,366;5,408
47,34;724,51;-1,235;-0,049;1,366;5,408
47,34;724,54;-1,235;-0,049;1,366;5,408
47,35;724,56;-1,235;-0,049;1,366;5,408
47,35;724,59;-1,235;-0,049;1,366;5,408
47,35;724,61;-1,235;-0,049;1,366;5,408
47,35;724,64;-1,235;-0,049;1,366;5,408
47,35;724,66;-1,235;-0,049;1,366;5,408
47,36;724,69;-1,235;-0,049;1,366;5,408
47,36;724,71;-1,235;-0,049;1,366;5,408
47,36;724,74;-1,235;-0,049;1,366;5,408
47,36;724,76;-1,235;-0,049;1,366;5,408
47,36;724,79;-1,235;-0,049;1,366;5,408
47,36;724,81;-1,235;-0,049;1,366;5,408
47,36;724,84;-1,235;-0,049;1,366;5,408
47,37;724,86;-1,235;-0,049;1,366;5,408
47,37;724,89;-1,235;-0,049;1,366;5,408
47,37;724,91;-1,235;-0,049;1,366;5,408
47,37;724,94;-1,236;-0,049;1,366;5,408
47,37;724,96;-1,236;-0,049;1,366;5,408
47,38;724,99;-1,236;-0,049;1,366;5,407
47,38;725,01;-1,236;-0,049;1,366;5,407
47,38;725,04;-1,236;-0,049;1,366;5,407
47,38;725,06;-1,236;-0,049;1,366;5,407
47,38;725,09;-1,236;-0,049;1,366;5,407
47,38;725,11;-1,236;-0,049;1,366;5,407
47,39;725,14;-1,236;-0,049;1,366;5,407
47,39;725,16;-1,237;-0,049;1,366;5,407
47,39;725,19;-1,237;-0,049;1,366;5,407
47,39;725,21;-1,237;-0,049;1,366;5,407
47,39;725,24;-1,237;-0,049;1,366;5,407
47,39;725,26;-1,238;-0,049;1,366;5,407
47,39;725,29;-1,238;-0,049;1,366;5,407
47,4;725,31;-1,238;-0,049;1,366;5,407
47,4;725,34;-1,238;-0,049;1,366;5,407
47,4;725,36;-1,239;-0,049;1,366;5,407
47,4;725,39;-1,239;-0,049;1,366;5,407
47,4;725,41;-1,239;-0,049;1,366;5,407
47,41;725,44;-1,239;-0,049;1,366;5,407
47,41;725,46;-1,24;-0,049;1,366;5,407
47,41;725,49;-1,24;-0,049;1,366;5,407
47,41;725,51;-1,24;-0,049;1,366;5,407
47,41;725,54;-1,241;-0,049;1,366;5,407
47,41;725,56;-1,241;-0,049;1,366;5,407
47,41;725,59;-1,241;-0,049;1,366;5,407
47,42;725,61;-1,242;-0,049;1,366;5,407
47,42;725,64;-1,242;-0,049;1,366;5,407
47,42;725,66;-1,242;-0,049;1,366;5,407
47,42;725,69;-1,243;-0,049;1,366;5,407
47,42;725,71;-1,243;-0,049;1,366;5,407
47,43;725,74;-1,243;-0,049;1,366;5,407
47,43;725,76;-1,244;-0,049;1,366;5,407
47,43;725,79;-1,244;-0,049;1,366;5,407
47,43;725,81;-1,244;-0,049;1,366;5,407
47,43;725,84;-1,244;-0,049;1,366;5,407
47,43;725,86;-1,244;-0,049;1,366;5,407
47,44;725,89;-1,245;-0,049;1,366;5,407
47,44;725,91;-1,245;-0,049;1,366;5,406
47,44;725,94;-1,245;-0,049;1,366;5,406
47,44;725,96;-1,245;-0,049;1,366;5,406
47,44;725,99;-1,245;-0,049;1,366;5,406
47,44;726,01;-1,246;-0,049;1,366;5,406
47,44;726,04;-1,246;-0,049;1,366;5,406
47,45;726,06;-1,246;-0,049;1,366;5,406
47,45;726,09;-1,246;-0,049;1,366;5,406
47,45;726,11;-1,246;-0,049;1,366;5,406
47,45;726,14;-1,246;-0,049;1,366;5,406
47,45;726,16;-1,246;-0,049;1,366;5,406
47,46;726,19;-1,246;-0,049;1,366;5,406
47,46;726,21;-1,247;-0,049;1,366;5,406
47,46;726,24;-1,247;-0,049;1,366;5,406
47,46;726,26;-1,247;-0,049;1,366;5,406
47,46;726,29;-1,247;-0,049;1,366;5,406
47,46;726,31;-1,247;-0,049;1,366;5,406
47,46;726,34;-1,248;-0,049;1,365;5,406
47,47;726,36;-1,248;-0,049;1,365;5,406
47,47;726,39;-1,248;-0,049;1,365;5,406
47,47;726,41;-1,248;-0,049;1,365;5,406
47,47;726,44;-1,249;-0,049;1,365;5,406
47,47;726,46;-1,249;-0,049;1,365;5,406
47,48;726,49;-1,249;-0,049;1,365;5,406
47,48;726,51;-1,249;-0,049;1,365;5,406
47,48;726,54;-1,25;-0,049;1,365;5,406
47,48;726,56;-1,25;-0,049;1,365;5,406
47,48;726,59;-1,25;-0,05;1,365;5,406
47,48;726,61;-1,251;-0,05;1,365;5,406
47,49;726,64;-1,251;-0,05;1,365;5,406
47,49;726,66;-1,251;-0,05;1,365;5,406
47,49;726,69;-1,251;-0,05;1,365;5,406
47,49;726,71;-1,251;-0,05;1,365;5,406
47,49;726,74;-1,251;-0,05;1,365;5,406
47,49;726,76;-1,251;-0,05;1,365;5,406
47,49;726,79;-1,251;-0,05;1,365;5,406
47,5;726,81;-1,251;-0,05;1,365;5,406
47,5;726,84;-1,251;-0,05;1,365;5,405
47,5;726,86;-1,251;-0,05;1,365;5,405
47,5;726,89;-1,251;-0,05;1,365;5,405
47,5;726,91;-1,25;-0,05;1,365;5,405
47,51;726,94;-1,25;-0,05;1,365;5,405
47,51;726,96;-1,25;-0,049;1,365;5,405
47,51;726,99;-1,25;-0,049;1,365;5,405
47,51;727,01;-1,25;-0,049;1,365;5,405
47,51;727,04;-1,25;-0,049;1,365;5,405
47,51;727,06;-1,249;-0,049;1,365;5,405
47,51;727,09;-1,249;-0,049;1,365;5,405
47,52;727,11;-1,249;-0,049;1,365;5,405
47,52;727,14;-1,249;-0,049;1,365;5,405
47,52;727,16;-1,249;-0,049;1,365;5,405
47,52;727,19;-1,248;-0,049;1,365;5,405
47,52;727,21;-1,248;-0,049;1,365;5,405
47,53;727,24;-1,248;-0,049;1,365;5,405
47,53;727,26;-1,248;-0,049;1,365;5,405
47,53;727,29;-1,248;-0,049;1,365;5,405
47,53;727,31;-1,248;-0,049;1,365;5,405
47,53;727,34;-1,248;-0,049;1,365;5,405
47,53;727,36;-1,247;-0,049;1,365;5,405
47,54;727,39;-1,247;-0,049;1,365;5,405
47,54;727,41;-1,247;-0,049;1,365;5,405
47,54;727,44;-1,247;-0,049;1,365;5,405
47,54;727,46;-1,247;-0,049;1,365;5,405
47,54;727,49;-1,247;-0,049;1,365;5,405
47,54;727,51;-1,247;-0,049;1,365;5,405
47,54;727,54;-1,246;-0,049;1,365;5,405
47,55;727,56;-1,246;-0,049;1,365;5,405
47,55;727,59;-1,246;-0,049;1,365;5,405
47,55;727,61;-1,246;-0,049;1,365;5,405
47,55;727,64;-1,246;-0,049;1,365;5,405
47,55;727,66;-1,246;-0,049;1,365;5,405
47,56;727,69;-1,246;-0,049;1,365;5,405
47,56;727,71;-1,245;-0,049;1,365;5,405
47,56;727,74;-1,245;-0,049;1,365;5,405
47,56;727,76;-1,245;-0,049;1,365;5,404
47,56;727,79;-1,245;-0,049;1,365;5,404
47,56;727,81;-1,245;-0,049;1,365;5,404
47,56;727,84;-1,244;-0,049;1,365;5,404
47,57;727,86;-1,244;-0,049;1,365;5,404
47,57;727,89;-1,244;-0,049;1,365;5,404
47,57;727,91;-1,244;-0,049;1,365;5,404
47,57;727,94;-1,244;-0,049;1,365;5,404
47,57;727,96;-1,244;-0,049;1,365;5,404
47,58;727,99;-1,244;-0,049;1,365;5,404
47,58;728,01;-1,244;-0,049;1,365;5,404
47,58;728,04;-1,244;-0,049;1,365;5,404
47,58;728,06;-1,244;-0,049;1,365;5,404
47,58;728,09;-1,245;-0,049;1,365;5,404
47,58;728,11;-1,245;-0,049;1,365;5,404
47,59;728,14;-1,245;-0,049;1,365;5,404
47,59;728,16;-1,245;-0,049;1,365;5,404
47,59;728,19;-1,245;-0,049;1,365;5,404
47,59;728,21;-1,245;-0,049;1,365;5,404
47,59;728,24;-1,245;-0,049;1,365;5,404
47,59;728,26;-1,245;-0,049;1,365;5,404
47,59;728,29;-1,245;-0,049;1,365;5,404
47,6;728,31;-1,245;-0,049;1,365;5,404
47,6;728,34;-1,246;-0,049;1,365;5,404
47,6;728,36;-1,246;-0,049;1,365;5,404
47,6;728,39;-1,246;-0,049;1,365;5,404
47,6;728,41;-1,246;-0,049;1,365;5,404
47,61;728,44;-1,246;-0,049;1,365;5,404
47,61;728,46;-1,246;-0,049;1,365;5,404
47,61;728,49;-1,246;-0,049;1,365;5,404
47,61;728,51;-1,247;-0,049;1,365;5,404
47,61;728,54;-1,247;-0,049;1,365;5,404
47,61;728,56;-1,247;-0,049;1,365;5,404
47,61;728,59;-1,247;-0,049;1,365;5,404
47,62;728,61;-1,247;-0,049;1,365;5,404
47,62;728,64;-1,247;-0,049;1,365;5,404
47,62;728,66;-1,247;-0,049;1,365;5,403
47,62;728,69;-1,247;-0,049;1,365;5,403
47,62;728,71;-1,247;-0,049;1,365;5,403
47,63;728,74;-1,248;-0,049;1,365;5,403
47,63;728,76;-1,248;-0,049;1,365;5,403
47,63;728,79;-1,248;-0,049;1,365;5,403
47,63;728,81;-1,248;-0,049;1,365;5,403
47,63;728,84;-1,248;-0,049;1,365;5,403
47,63;728,86;-1,249;-0,049;1,365;5,403
47,64;728,89;-1,249;-0,049;1,365;5,403
47,64;728,91;-1,249;-0,049;1,365;5,403
47,64;728,94;-1,249;-0,049;1,365;5,403
47,64;728,96;-1,249;-0,049;1,365;5,403
47,64;728,99;-1,249;-0,049;1,365;5,403
47,64;729,01;-1,25;-0,049;1,365;5,403
47,64;729,04;-1,25;-0,049;1,365;5,403
47,65;729,06;-1,25;-0,049;1,365;5,403
47,65;729,09;-1,25;-0,049;1,365;5,403
47,65;729,11;-1,25;-0,049;1,365;5,403
47,65;729,14;-1,25;-0,049;1,365;5,403
47,65;729,16;-1,25;-0,05;1,365;5,403
47,66;729,19;-1,25;-0,05;1,365;5,403
47,66;729,21;-1,251;-0,05;1,365;5,403
47,66;729,24;-1,251;-0,05;1,365;5,403
47,66;729,26;-1,251;-0,05;1,365;5,403
47,66;729,29;-1,251;-0,05;1,365;5,403
47,66;729,31;-1,251;-0,05;1,365;5,403
47,66;729,34;-1,251;-0,05;1,365;5,403
47,67;729,36;-1,252;-0,05;1,365;5,403
47,67;729,39;-1,252;-0,05;1,365;5,403
47,67;729,41;-1,252;-0,05;1,365;5,403
47,67;729,44;-1,252;-0,05;1,365;5,403
47,67;729,46;-1,252;-0,05;1,365;5,403
47,68;729,49;-1,253;-0,05;1,365;5,403
47,68;729,51;-1,253;-0,05;1,365;5,403
47,68;729,54;-1,253;-0,05;1,365;5,403
47,68;729,56;-1,253;-0,05;1,365;5,403
47,68;729,59;-1,253;-0,05;1,365;5,402
47,68;729,61;-1,253;-0,05;1,365;5,402
47,69;729,64;-1,254;-0,05;1,365;5,402
47,69;729,66;-1,254;-0,05;1,365;5,402
47,69;729,69;-1,254;-0,05;1,365;5,402
47,69;729,71;-1,254;-0,05;1,365;5,402
47,69;729,74;-1,254;-0,05;1,365;5,402
47,69;729,76;-1,254;-0,05;1,365;5,402
47,69;729,79;-1,254;-0,05;1,365;5,402
47,7;729,81;-1,255;-0,05;1,365;5,402
47,7;729,84;-1,255;-0,05;1,365;5,402
47,7;729,86;-1,255;-0,05;1,365;5,402
47,7;729,89;-1,255;-0,05;1,365;5,402
47,7;729,91;-1,255;-0,05;1,365;5,402
47,71;729,94;-1,256;-0,05;1,365;5,402
47,71;729,96;-1,256;-0,05;1,364;5,402
47,71;729,99;-1,256;-0,05;1,364;5,402
47,71;730,01;-1,256;-0,05;1,364;5,402
47,71;730,04;-1,256;-0,05;1,364;5,402
47,71;730,06;-1,256;-0,05;1,364;5,402
47,71;730,09;-1,257;-0,05;1,364;5,402
47,72;730,11;-1,257;-0,05;1,364;5,402
47,72;730,14;-1,257;-0,05;1,364;5,402
47,72;730,16;-1,257;-0,05;1,364;5,402
47,72;730,19;-1,257;-0,05;1,364;5,402
47,72;730,21;-1,258;-0,05;1,364;5,402
47,73;730,24;-1,258;-0,05;1,364;5,402
47,73;730,26;-1,258;-0,05;1,364;5,402
47,73;730,29;-1,259;-0,05;1,364;5,402
47,73;730,31;-1,259;-0,05;1,364;5,402
47,73;730,34;-1,259;-0,05;1,364;5,402
47,73;730,36;-1,26;-0,05;1,364;5,402
47,74;730,39;-1,26;-0,05;1,364;5,402
47,74;730,41;-1,26;-0,05;1,364;5,402
47,74;730,44;-1,261;-0,05;1,364;5,402
47,74;730,46;-1,261;-0,05;1,364;5,402
47,74;730,49;-1,261;-0,05;1,364;5,401
47,74;730,51;-1,261;-0,05;1,364;5,401
47,74;730,54;-1,262;-0,05;1,364;5,401
47,75;730,56;-1,262;-0,05;1,364;5,401
47,75;730,59;-1,262;-0,05;1,364;5,401
47,75;730,61;-1,262;-0,05;1,364;5,401
47,75;730,64;-1,263;-0,05;1,364;5,401
47,75;730,66;-1,263;-0,05;1,364;5,401
47,76;730,69;-1,263;-0,05;1,364;5,401
47,76;730,71;-1,264;-0,05;1,364;5,401
47,76;730,74;-1,264;-0,05;1,364;5,401
47,76;730,76;-1,264;-0,05;1,364;5,401
47,76;730,79;-1,265;-0,05;1,364;5,401
47,76;730,81;-1,265;-0,05;1,364;5,401
47,76;730,84;-1,265;-0,05;1,364;5,401
47,77;730,86;-1,266;-0,05;1,364;5,401
47,77;730,89;-1,266;-0,05;1,364;5,401
47,77;730,91;-1,266;-0,05;1,364;5,401
47,77;730,94;-1,267;-0,05;1,364;5,401
47,77;730,96;-1,267;-0,05;1,364;5,401
47,78;730,99;-1,267;-0,05;1,364;5,401
47,78;731,01;-1,268;-0,05;1,364;5,401
47,78;731,04;-1,268;-0,05;1,364;5,401
47,78;731,06;-1,269;-0,05;1,364;5,401
47,78;731,09;-1,269;-0,05;1,364;5,401
47,78;731,11;-1,269;-0,05;1,364;5,401
47,79;731,14;-1,27;-0,05;1,364;5,401
47,79;731,16;-1,27;-0,05;1,364;5,401
47,79;731,19;-1,27;-0,05;1,364;5,401
47,79;731,21;-1,271;-0,05;1,364;5,401
47,79;731,24;-1,271;-0,05;1,364;5,401
47,79;731,26;-1,271;-0,05;1,364;5,401
47,79;731,29;-1,272;-0,05;1,364;5,401
47,8;731,31;-1,272;-0,05;1,364;5,401
47,8;731,34;-1,272;-0,05;1,364;5,401
47,8;731,36;-1,272;-0,05;1,364;5,401
47,8;731,39;-1,272;-0,05;1,364;5,4
47,8;731,41;-1,273;-0,05;1,364;5,4
47,81;731,44;-1,273;-0,05;1,364;5,4
47,81;731,46;-1,273;-0,05;1,364;5,4
47,81;731,49;-1,273;-0,05;1,364;5,4
47,81;731,51;-1,273;-0,05;1,364;5,4
47,81;731,54;-1,273;-0,05;1,364;5,4
47,81;731,56;-1,273;-0,05;1,364;5,4
47,81;731,59;-1,273;-0,05;1,364;5,4
47,82;731,61;-1,273;-0,05;1,364;5,4
47,82;731,64;-1,273;-0,05;1,364;5,4
47,82;731,66;-1,273;-0,05;1,364;5,4
47,82;731,69;-1,273;-0,05;1,364;5,4
47,82;731,71;-1,274;-0,05;1,364;5,4
47,83;731,74;-1,274;-0,05;1,364;5,4
47,83;731,76;-1,274;-0,05;1,364;5,4
47,83;731,79;-1,274;-0,05;1,364;5,4
47,83;731,81;-1,274;-0,05;1,364;5,4
47,83;731,84;-1,274;-0,05;1,364;5,4
47,83;731,86;-1,274;-0,05;1,364;5,4
47,84;731,89;-1,274;-0,05;1,364;5,4
47,84;731,91;-1,274;-0,05;1,364;5,4
47,84;731,94;-1,274;-0,05;1,364;5,4
47,84;731,96;-1,274;-0,05;1,364;5,4
47,84;731,99;-1,274;-0,05;1,364;5,4
47,84;732,01;-1,274;-0,05;1,364;5,4
47,84;732,04;-1,274;-0,05;1,364;5,4
47,85;732,06;-1,274;-0,05;1,364;5,4
47,85;732,09;-1,274;-0,05;1,364;5,4
47,85;732,11;-1,275;-0,05;1,364;5,4
47,85;732,14;-1,275;-0,05;1,364;5,4
47,85;732,16;-1,275;-0,05;1,364;5,4
47,86;732,19;-1,275;-0,05;1,364;5,4
47,86;732,21;-1,275;-0,05;1,364;5,4
47,86;732,24;-1,275;-0,05;1,364;5,4
47,86;732,26;-1,275;-0,05;1,364;5,4
47,86;732,29;-1,275;-0,05;1,364;5,4
47,86;732,31;-1,275;-0,05;1,364;5,399
47,86;732,34;-1,275;-0,05;1,364;5,399
47,87;732,36;-1,275;-0,05;1,364;5,399
47,87;732,39;-1,275;-0,05;1,364;5,399
47,87;732,41;-1,275;-0,05;1,364;5,399
47,87;732,43;-1,275;-0,05;1,364;5,399
47,87;732,46;-1,275;-0,05;1,364;5,399
47,88;732,49;-1,275;-0,05;1,364;5,399
47,88;732,51;-1,276;-0,05;1,364;5,399
47,88;732,54;-1,276;-0,051;1,364;5,399
47,88;732,56;-1,276;-0,051;1,364;5,399
47,88;732,59;-1,276;-0,051;1,364;5,399
47,88;732,61;-1,276;-0,051;1,364;5,399
47,89;732,64;-1,276;-0,051;1,364;5,399
47,89;732,66;-1,276;-0,051;1,364;5,399
47,89;732,69;-1,276;-0,051;1,364;5,399
47,89;732,71;-1,277;-0,051;1,364;5,399
47,89;732,73;-1,277;-0,051;1,364;5,399
47,89;732,76;-1,277;-0,051;1,364;5,399
47,89;732,78;-1,277;-0,051;1,364;5,399
47,9;732,81;-1,277;-0,051;1,364;5,399
47,9;732,83;-1,278;-0,051;1,364;5,399
47,9;732,86;-1,278;-0,051;1,364;5,399
47,9;732,88;-1,278;-0,051;1,364;5,399
47,9;732,91;-1,278;-0,051;1,364;5,399
47,91;732,93;-1,279;-0,051;1,364;5,399
47,91;732,96;-1,279;-0,051;1,364;5,399
47,91;732,98;-1,279;-0,051;1,364;5,399
47,91;733,01;-1,279;-0,051;1,364;5,399
47,91;733,03;-1,28;-0,051;1,364;5,399
47,91;733,06;-1,28;-0,051;1,364;5,399
47,91;733,08;-1,28;-0,051;1,364;5,399
47,92;733,11;-1,281;-0,051;1,364;5,399
47,92;733,13;-1,281;-0,051;1,364;5,399
47,92;733,16;-1,281;-0,051;1,364;5,399
47,92;733,18;-1,282;-0,051;1,364;5,399
47,92;733,21;-1,282;-0,051;1,364;5,398
47,93;733,23;-1,283;-0,051;1,364;5,398
47,93;733,26;-1,283;-0,051;1,364;5,398
47,93;733,28;-1,283;-0,051;1,364;5,398
47,93;733,31;-1,284;-0,051;1,364;5,398
47,93;733,33;-1,284;-0,051;1,364;5,398
47,93;733,36;-1,284;-0,051;1,364;5,398
47,94;733,38;-1,285;-0,051;1,364;5,398
47,94;733,41;-1,285;-0,051;1,364;5,398
47,94;733,43;-1,285;-0,051;1,364;5,398
47,94;733,46;-1,286;-0,051;1,364;5,398
47,94;733,48;-1,286;-0,051;1,364;5,398
47,94;733,51;-1,286;-0,051;1,364;5,398
47,94;733,53;-1,287;-0,051;1,364;5,398
47,95;733,56;-1,287;-0,051;1,363;5,398
47,95;733,58;-1,287;-0,051;1,363;5,398
47,95;733,61;-1,288;-0,051;1,363;5,398
47,95;733,63;-1,288;-0,051;1,363;5,398
47,95;733,66;-1,289;-0,051;1,363;5,398
47,96;733,68;-1,289;-0,051;1,363;5,398
47,96;733,71;-1,289;-0,051;1,363;5,398
47,96;733,73;-1,29;-0,051;1,363;5,398
47,96;733,76;-1,29;-0,051;1,363;5,398
47,96;733,78;-1,29;-0,051;1,363;5,398
47,96;733,81;-1,291;-0,051;1,363;5,398
47,96;733,83;-1,291;-0,051;1,363;5,398
47,97;733,86;-1,291;-0,051;1,363;5,398
47,97;733,88;-1,292;-0,051;1,363;5,398
47,97;733,91;-1,292;-0,051;1,363;5,398
47,97;733,93;-1,292;-0,051;1,363;5,398
47,97;733,96;-1,293;-0,051;1,363;5,398
47,98;733,98;-1,293;-0,051;1,363;5,398
47,98;734,01;-1,293;-0,051;1,363;5,398
47,98;734,03;-1,294;-0,051;1,363;5,398
47,98;734,06;-1,294;-0,051;1,363;5,398
47,98;734,08;-1,294;-0,051;1,363;5,398
47,98;734,11;-1,295;-0,051;1,363;5,398
47,99;734,13;-1,295;-0,051;1,363;5,398
47,99;734,16;-1,295;-0,051;1,363;5,397
47,99;734,18;-1,295;-0,051;1,363;5,397
47,99;734,21;-1,296;-0,051;1,363;5,397
47,99;734,23;-1,296;-0,051;1,363;5,397
47,99;734,26;-1,296;-0,051;1,363;5,397
47,99;734,28;-1,296;-0,051;1,363;5,397
48;734,31;-1,296;-0,051;1,363;5,397
48;734,33;-1,297;-0,051;1,363;5,397
48;734,36;-1,297;-0,051;1,363;5,397
48;734,38;-1,297;-0,051;1,363;5,397
48;734,41;-1,297;-0,051;1,363;5,397
48,01;734,43;-1,298;-0,051;1,363;5,397
48,01;734,46;-1,298;-0,051;1,363;5,397
48,01;734,48;-1,298;-0,051;1,363;5,397
48,01;734,51;-1,298;-0,051;1,363;5,397
48,01;734,53;-1,298;-0,051;1,363;5,397
48,01;734,56;-1,299;-0,051;1,363;5,397
48,01;734,58;-1,299;-0,051;1,363;5,397
48,02;734,61;-1,299;-0,051;1,363;5,397
48,02;734,63;-1,3;-0,051;1,363;5,397
48,02;734,66;-1,3;-0,051;1,363;5,397
48,02;734,68;-1,3;-0,051;1,363;5,397
48,02;734,71;-1,301;-0,051;1,363;5,397
48,03;734,73;-1,301;-0,052;1,363;5,397
48,03;734,76;-1,301;-0,052;1,363;5,397
48,03;734,78;-1,301;-0,052;1,363;5,397
48,03;734,81;-1,302;-0,052;1,363;5,397
48,03;734,83;-1,302;-0,052;1,363;5,397
48,03;734,86;-1,302;-0,052;1,363;5,397
48,04;734,88;-1,303;-0,052;1,363;5,397
48,04;734,91;-1,303;-0,052;1,363;5,397
48,04;734,93;-1,303;-0,052;1,363;5,397
48,04;734,96;-1,303;-0,052;1,363;5,397
48,04;734,98;-1,304;-0,052;1,363;5,397
48,04;735,01;-1,304;-0,052;1,363;5,397
48,04;735,03;-1,304;-0,052;1,363;5,397
48,05;735,06;-1,305;-0,052;1,363;5,397
48,05;735,08;-1,305;-0,052;1,363;5,396
48,05;735,11;-1,305;-0,052;1,363;5,396
48,05;735,13;-1,305;-0,052;1,363;5,396
48,05;735,16;-1,306;-0,052;1,363;5,396
48,06;735,18;-1,306;-0,052;1,363;5,396
48,06;735,21;-1,306;-0,052;1,363;5,396
48,06;735,23;-1,306;-0,052;1,363;5,396
48,06;735,26;-1,307;-0,052;1,363;5,396
48,06;735,28;-1,307;-0,052;1,363;5,396
48,06;735,31;-1,307;-0,052;1,363;5,396
48,06;735,33;-1,308;-0,052;1,363;5,396
48,07;735,36;-1,308;-0,052;1,363;5,396
48,07;735,38;-1,308;-0,052;1,363;5,396
48,07;735,41;-1,309;-0,052;1,363;5,396
48,07;735,43;-1,309;-0,052;1,363;5,396
48,07;735,46;-1,309;-0,052;1,363;5,396
48,08;735,48;-1,309;-0,052;1,363;5,396
48,08;735,51;-1,31;-0,052;1,363;5,396
48,08;735,53;-1,31;-0,052;1,363;5,396
48,08;735,56;-1,31;-0,052;1,363;5,396
48,08;735,58;-1,31;-0,052;1,363;5,396
48,08;735,61;-1,311;-0,052;1,363;5,396
48,09;735,63;-1,311;-0,052;1,363;5,396
48,09;735,66;-1,311;-0,052;1,363;5,396
48,09;735,68;-1,312;-0,052;1,363;5,396
48,09;735,71;-1,312;-0,052;1,363;5,396
48,09;735,73;-1,312;-0,052;1,363;5,396
48,09;735,76;-1,312;-0,052;1,363;5,396
48,09;735,78;-1,312;-0,052;1,363;5,396
48,1;735,81;-1,313;-0,052;1,363;5,396
48,1;735,83;-1,313;-0,052;1,363;5,396
48,1;735,86;-1,313;-0,052;1,363;5,396
48,1;735,88;-1,313;-0,052;1,363;5,396
48,1;735,91;-1,313;-0,052;1,363;5,396
48,11;735,93;-1,313;-0,052;1,363;5,396
48,11;735,96;-1,314;-0,052;1,363;5,396
48,11;735,98;-1,314;-0,052;1,363;5,395
48,11;736,01;-1,314;-0,052;1,363;5,395
48,11;736,03;-1,314;-0,052;1,363;5,395
48,11;736,06;-1,314;-0,052;1,363;5,395
48,11;736,08;-1,314;-0,052;1,363;5,395
48,12;736,11;-1,314;-0,052;1,363;5,395
48,12;736,13;-1,315;-0,052;1,363;5,395
48,12;736,16;-1,315;-0,052;1,363;5,395
48,12;736,18;-1,315;-0,052;1,363;5,395
48,12;736,21;-1,315;-0,052;1,363;5,395
48,13;736,23;-1,315;-0,052;1,363;5,395
48,13;736,26;-1,316;-0,052;1,363;5,395
48,13;736,28;-1,316;-0,052;1,363;5,395
48,13;736,31;-1,316;-0,052;1,363;5,395
48,13;736,33;-1,316;-0,052;1,363;5,395
48,13;736,36;-1,316;-0,052;1,363;5,395
48,14;736,38;-1,317;-0,052;1,363;5,395
48,14;736,41;-1,317;-0,052;1,363;5,395
48,14;736,43;-1,317;-0,052;1,363;5,395
48,14;736,46;-1,317;-0,052;1,363;5,395
48,14;736,48;-1,317;-0,052;1,363;5,395
48,14;736,51;-1,317;-0,052;1,363;5,395
48,14;736,53;-1,318;-0,052;1,363;5,395
48,15;736,56;-1,318;-0,052;1,363;5,395
48,15;736,58;-1,318;-0,052;1,363;5,395
48,15;736,61;-1,318;-0,052;1,363;5,395
48,15;736,63;-1,318;-0,052;1,363;5,395
48,15;736,66;-1,318;-0,052;1,363;5,395
48,16;736,68;-1,318;-0,052;1,363;5,395
48,16;736,71;-1,318;-0,052;1,363;5,395
48,16;736,73;-1,318;-0,052;1,363;5,395
48,16;736,76;-1,318;-0,052;1,363;5,395
48,16;736,78;-1,319;-0,052;1,363;5,395
48,16;736,81;-1,319;-0,052;1,363;5,395
48,16;736,83;-1,319;-0,052;1,363;5,395
48,17;736,86;-1,319;-0,052;1,363;5,394
48,17;736,88;-1,319;-0,052;1,363;5,394
48,17;736,91;-1,319;-0,052;1,363;5,394
48,17;736,93;-1,319;-0,052;1,363;5,394
48,17;736,96;-1,319;-0,052;1,363;5,394
48,18;736,98;-1,319;-0,052;1,363;5,394
48,18;737,01;-1,319;-0,052;1,363;5,394
48,18;737,03;-1,32;-0,052;1,363;5,394
48,18;737,06;-1,32;-0,052;1,363;5,394
48,18;737,08;-1,32;-0,052;1,363;5,394
48,18;737,11;-1,32;-0,052;1,363;5,394
48,19;737,13;-1,32;-0,052;1,362;5,394
48,19;737,16;-1,32;-0,052;1,362;5,394
48,19;737,18;-1,32;-0,052;1,362;5,394
48,19;737,21;-1,321;-0,052;1,362;5,394
48,19;737,23;-1,321;-0,052;1,362;5,394
48,19;737,26;-1,321;-0,052;1,362;5,394
48,19;737,28;-1,321;-0,052;1,362;5,394
48,2;737,31;-1,321;-0,052;1,362;5,394
48,2;737,33;-1,321;-0,052;1,362;5,394
48,2;737,36;-1,322;-0,052;1,362;5,394
48,2;737,38;-1,322;-0,052;1,362;5,394
48,2;737,41;-1,322;-0,052;1,362;5,394
48,21;737,43;-1,322;-0,052;1,362;5,394
48,21;737,46;-1,322;-0,052;1,362;5,394
48,21;737,48;-1,323;-0,052;1,362;5,394
48,21;737,51;-1,323;-0,052;1,362;5,394
48,21;737,53;-1,323;-0,052;1,362;5,394
48,21;737,56;-1,323;-0,052;1,362;5,394
48,21;737,58;-1,323;-0,052;1,362;5,394
48,22;737,61;-1,323;-0,052;1,362;5,394
48,22;737,63;-1,323;-0,052;1,362;5,394
48,22;737,65;-1,323;-0,052;1,362;5,394
48,22;737,68;-1,324;-0,052;1,362;5,394
48,22;737,7;-1,324;-0,052;1,362;5,393
48,23;737,73;-1,324;-0,052;1,362;5,393
48,23;737,75;-1,324;-0,052;1,362;5,393
48,23;737,78;-1,325;-0,052;1,362;5,393
48,23;737,8;-1,325;-0,052;1,362;5,393
48,23;737,83;-1,325;-0,052;1,362;5,393
48,23;737,85;-1,325;-0,052;1,362;5,393
48,24;737,88;-1,326;-0,052;1,362;5,393
48,24;737,9;-1,326;-0,052;1,362;5,393
48,24;737,93;-1,326;-0,053;1,362;5,393
48,24;737,95;-1,326;-0,053;1,362;5,393
48,24;737,98;-1,327;-0,053;1,362;5,393
48,24;738;-1,327;-0,053;1,362;5,393
48,24;738,03;-1,327;-0,053;1,362;5,393
48,25;738,05;-1,328;-0,053;1,362;5,393
48,25;738,08;-1,328;-0,053;1,362;5,393
48,25;738,1;-1,328;-0,053;1,362;5,393
48,25;738,13;-1,329;-0,053;1,362;5,393
48,25;738,15;-1,329;-0,053;1,362;5,393
48,26;738,18;-1,329;-0,053;1,362;5,393
48,26;738,2;-1,329;-0,053;1,362;5,393
48,26;738,23;-1,33;-0,053;1,362;5,393
48,26;738,25;-1,33;-0,053;1,362;5,393
48,26;738,28;-1,33;-0,053;1,362;5,393
48,26;738,3;-1,331;-0,053;1,362;5,393
48,26;738,33;-1,331;-0,053;1,362;5,393
48,27;738,35;-1,331;-0,053;1,362;5,393
48,27;738,38;-1,331;-0,053;1,362;5,393
48,27;738,4;-1,332;-0,053;1,362;5,393
48,27;738,43;-1,332;-0,053;1,362;5,393
48,27;738,45;-1,332;-0,053;1,362;5,393
48,28;738,48;-1,332;-0,053;1,362;5,393
48,28;738,5;-1,333;-0,053;1,362;5,393
48,28;738,53;-1,333;-0,053;1,362;5,393
48,28;738,55;-1,333;-0,053;1,362;5,392
48,28;738,58;-1,333;-0,053;1,362;5,392
48,28;738,6;-1,334;-0,053;1,362;5,392
48,29;738,63;-1,334;-0,053;1,362;5,392
48,29;738,65;-1,335;-0,053;1,362;5,392
48,29;738,68;-1,335;-0,053;1,362;5,392
48,29;738,7;-1,335;-0,053;1,362;5,392
48,29;738,73;-1,336;-0,053;1,362;5,392
48,29;738,75;-1,336;-0,053;1,362;5,392
48,29;738,78;-1,337;-0,053;1,362;5,392
48,3;738,8;-1,337;-0,053;1,362;5,392
48,3;738,83;-1,338;-0,053;1,362;5,392
48,3;738,85;-1,338;-0,053;1,362;5,392
48,3;738,88;-1,339;-0,053;1,362;5,392
48,3;738,9;-1,339;-0,053;1,362;5,392
48,31;738,93;-1,34;-0,053;1,362;5,392
48,31;738,95;-1,34;-0,053;1,362;5,392
48,31;738,98;-1,341;-0,053;1,362;5,392
48,31;739;-1,341;-0,053;1,362;5,392
48,31;739,03;-1,342;-0,053;1,362;5,392
48,31;739,05;-1,343;-0,053;1,362;5,392
48,31;739,08;-1,343;-0,053;1,362;5,392
48,32;739,1;-1,344;-0,053;1,362;5,392
48,32;739,13;-1,344;-0,053;1,362;5,392
48,32;739,15;-1,345;-0,053;1,362;5,392
48,32;739,18;-1,346;-0,053;1,362;5,392
48,32;739,2;-1,346;-0,053;1,362;5,392
48,33;739,23;-1,347;-0,053;1,362;5,392
48,33;739,25;-1,347;-0,053;1,362;5,392
48,33;739,28;-1,348;-0,053;1,362;5,392
48,33;739,3;-1,349;-0,053;1,362;5,392
48,33;739,33;-1,349;-0,053;1,362;5,392
48,33;739,35;-1,35;-0,053;1,362;5,392
48,34;739,38;-1,35;-0,053;1,362;5,392
48,34;739,4;-1,351;-0,053;1,362;5,391
48,34;739,43;-1,352;-0,054;1,362;5,391
48,34;739,45;-1,352;-0,054;1,362;5,391
48,34;739,48;-1,353;-0,054;1,362;5,391
48,34;739,5;-1,354;-0,054;1,362;5,391
48,34;739,53;-1,354;-0,054;1,362;5,391
48,35;739,55;-1,355;-0,054;1,362;5,391
48,35;739,58;-1,356;-0,054;1,362;5,391
48,35;739,6;-1,356;-0,054;1,362;5,391
48,35;739,63;-1,357;-0,054;1,362;5,391
48,35;739,65;-1,358;-0,054;1,362;5,391
48,36;739,68;-1,358;-0,054;1,362;5,391
48,36;739,7;-1,359;-0,054;1,362;5,391
48,36;739,73;-1,359;-0,054;1,362;5,391
48,36;739,75;-1,36;-0,054;1,362;5,391
48,36;739,78;-1,361;-0,054;1,362;5,391
48,36;739,8;-1,361;-0,054;1,362;5,391
48,36;739,83;-1,362;-0,054;1,362;5,391
48,37;739,85;-1,362;-0,054;1,362;5,391
48,37;739,88;-1,363;-0,054;1,362;5,391
48,37;739,9;-1,363;-0,054;1,362;5,391
48,37;739,93;-1,364;-0,054;1,362;5,391
48,37;739,95;-1,364;-0,054;1,362;5,391
48,38;739,98;-1,365;-0,054;1,362;5,391
48,38;740;-1,365;-0,054;1,362;5,391
48,38;740,03;-1,365;-0,054;1,362;5,391
48,38;740,05;-1,366;-0,054;1,362;5,391
48,38;740,08;-1,366;-0,054;1,362;5,391
48,38;740,1;-1,366;-0,054;1,362;5,391
48,39;740,13;-1,367;-0,054;1,362;5,391
48,39;740,15;-1,367;-0,054;1,362;5,391
48,39;740,18;-1,368;-0,054;1,362;5,391
48,39;740,2;-1,368;-0,054;1,362;5,391
48,39;740,23;-1,368;-0,054;1,362;5,391
48,39;740,25;-1,368;-0,054;1,362;5,39
48,39;740,28;-1,369;-0,054;1,362;5,39
48,4;740,3;-1,369;-0,054;1,362;5,39
48,4;740,33;-1,369;-0,054;1,362;5,39
48,4;740,35;-1,37;-0,054;1,362;5,39
48,4;740,38;-1,37;-0,054;1,362;5,39
48,4;740,4;-1,37;-0,054;1,362;5,39
48,41;740,43;-1,37;-0,054;1,362;5,39
48,41;740,45;-1,37;-0,054;1,362;5,39
48,41;740,48;-1,371;-0,054;1,362;5,39
48,41;740,5;-1,371;-0,054;1,361;5,39
48,41;740,53;-1,371;-0,054;1,361;5,39
48,41;740,55;-1,371;-0,054;1,361;5,39
48,41;740,58;-1,371;-0,054;1,361;5,39
48,42;740,6;-1,371;-0,054;1,361;5,39
48,42;740,63;-1,371;-0,054;1,361;5,39
48,42;740,65;-1,372;-0,054;1,361;5,39
48,42;740,68;-1,372;-0,054;1,361;5,39
48,42;740,7;-1,372;-0,054;1,361;5,39
48,43;740,73;-1,372;-0,054;1,361;5,39
48,43;740,75;-1,372;-0,054;1,361;5,39
48,43;740,78;-1,372;-0,054;1,361;5,39
48,43;740,8;-1,372;-0,054;1,361;5,39
48,43;740,83;-1,373;-0,054;1,361;5,39
48,43;740,85;-1,373;-0,054;1,361;5,39
48,44;740,88;-1,373;-0,054;1,361;5,39
48,44;740,9;-1,374;-0,054;1,361;5,39
48,44;740,93;-1,374;-0,054;1,361;5,39
48,44;740,95;-1,374;-0,054;1,361;5,39
48,44;740,98;-1,375;-0,054;1,361;5,39
48,44;741;-1,375;-0,054;1,361;5,39
48,44;741,03;-1,375;-0,054;1,361;5,39
48,45;741,05;-1,376;-0,054;1,361;5,39
48,45;741,08;-1,376;-0,054;1,361;5,389
48,45;741,1;-1,376;-0,054;1,361;5,389
48,45;741,13;-1,376;-0,054;1,361;5,389
48,45;741,15;-1,377;-0,055;1,361;5,389
48,46;741,18;-1,377;-0,055;1,361;5,389
48,46;741,2;-1,377;-0,055;1,361;5,389
48,46;741,23;-1,377;-0,055;1,361;5,389
48,46;741,25;-1,377;-0,055;1,361;5,389
48,46;741,28;-1,378;-0,055;1,361;5,389
48,46;741,3;-1,378;-0,055;1,361;5,389
48,46;741,33;-1,378;-0,055;1,361;5,389
48,47;741,35;-1,378;-0,055;1,361;5,389
48,47;741,38;-1,378;-0,055;1,361;5,389
48,47;741,4;-1,379;-0,055;1,361;5,389
48,47;741,43;-1,379;-0,055;1,361;5,389
48,47;741,45;-1,379;-0,055;1,361;5,389
48,48;741,48;-1,379;-0,055;1,361;5,389
48,48;741,5;-1,379;-0,055;1,361;5,389
48,48;741,53;-1,379;-0,055;1,361;5,389
48,48;741,55;-1,38;-0,055;1,361;5,389
48,48;741,58;-1,38;-0,055;1,361;5,389
48,48;741,6;-1,38;-0,055;1,361;5,389
48,49;741,63;-1,38;-0,055;1,361;5,389
48,49;741,65;-1,38;-0,055;1,361;5,389
48,49;741,68;-1,38;-0,055;1,361;5,389
48,49;741,7;-1,381;-0,055;1,361;5,389
48,49;741,73;-1,381;-0,055;1,361;5,389
48,49;741,75;-1,381;-0,055;1,361;5,389
48,49;741,78;-1,382;-0,055;1,361;5,389
48,5;741,8;-1,382;-0,055;1,361;5,389
48,5;741,83;-1,382;-0,055;1,361;5,389
48,5;741,85;-1,383;-0,055;1,361;5,389
48,5;741,88;-1,383;-0,055;1,361;5,389
48,5;741,9;-1,383;-0,055;1,361;5,389
48,51;741,93;-1,383;-0,055;1,361;5,388
48,51;741,95;-1,384;-0,055;1,361;5,388
48,51;741,98;-1,384;-0,055;1,361;5,388
48,51;742;-1,384;-0,055;1,361;5,388
48,51;742,03;-1,384;-0,055;1,361;5,388
48,51;742,05;-1,385;-0,055;1,361;5,388
48,51;742,08;-1,385;-0,055;1,361;5,388
48,52;742,1;-1,385;-0,055;1,361;5,388
48,52;742,13;-1,385;-0,055;1,361;5,388
48,52;742,15;-1,385;-0,055;1,361;5,388
48,52;742,18;-1,385;-0,055;1,361;5,388
48,52;742,2;-1,385;-0,055;1,361;5,388
48,53;742,23;-1,385;-0,055;1,361;5,388
48,53;742,25;-1,385;-0,055;1,361;5,388
48,53;742,28;-1,385;-0,055;1,361;5,388
48,53;742,3;-1,385;-0,055;1,361;5,388
48,53;742,33;-1,385;-0,055;1,361;5,388
48,53;742,35;-1,385;-0,055;1,361;5,388
48,54;742,38;-1,385;-0,055;1,361;5,388
48,54;742,4;-1,385;-0,055;1,361;5,388
48,54;742,43;-1,385;-0,055;1,361;5,388
48,54;742,45;-1,385;-0,055;1,361;5,388
48,54;742,48;-1,385;-0,055;1,361;5,388
48,54;742,5;-1,385;-0,055;1,361;5,388
48,54;742,53;-1,385;-0,055;1,361;5,388
48,55;742,55;-1,385;-0,055;1,361;5,388
48,55;742,58;-1,385;-0,055;1,361;5,388
48,55;742,6;-1,385;-0,055;1,361;5,388
48,55;742,63;-1,385;-0,055;1,361;5,388
48,55;742,65;-1,385;-0,055;1,361;5,388
48,56;742,68;-1,385;-0,055;1,361;5,388
48,56;742,7;-1,385;-0,055;1,361;5,388
48,56;742,73;-1,385;-0,055;1,361;5,388
48,56;742,75;-1,385;-0,055;1,361;5,388
48,56;742,78;-1,385;-0,055;1,361;5,387
48,56;742,8;-1,385;-0,055;1,361;5,387
48,56;742,83;-1,385;-0,055;1,361;5,387
48,57;742,85;-1,385;-0,055;1,361;5,387
48,57;742,88;-1,385;-0,055;1,361;5,387
48,57;742,9;-1,385;-0,055;1,361;5,387
48,57;742,93;-1,385;-0,055;1,361;5,387
48,57;742,95;-1,385;-0,055;1,361;5,387
48,58;742,98;-1,385;-0,055;1,361;5,387
48,58;743;-1,385;-0,055;1,361;5,387
48,58;743,03;-1,385;-0,055;1,361;5,387
48,58;743,05;-1,384;-0,055;1,361;5,387
48,58;743,08;-1,384;-0,055;1,361;5,387
48,58;743,1;-1,384;-0,055;1,361;5,387
48,59;743,13;-1,384;-0,055;1,361;5,387
48,59;743,15;-1,384;-0,055;1,361;5,387
48,59;743,18;-1,384;-0,055;1,361;5,387
48,59;743,2;-1,384;-0,055;1,361;5,387
48,59;743,23;-1,384;-0,055;1,361;5,387
48,59;743,25;-1,384;-0,055;1,361;5,387
48,59;743,28;-1,384;-0,055;1,361;5,387
48,6;743,3;-1,384;-0,055;1,361;5,387
48,6;743,33;-1,384;-0,055;1,361;5,387
48,6;743,35;-1,384;-0,055;1,361;5,387
48,6;743,38;-1,384;-0,055;1,361;5,387
48,6;743,4;-1,384;-0,055;1,361;5,387
48,61;743,43;-1,384;-0,055;1,361;5,387
48,61;743,45;-1,384;-0,055;1,361;5,387
48,61;743,48;-1,384;-0,055;1,361;5,387
48,61;743,5;-1,384;-0,055;1,361;5,387
48,61;743,53;-1,384;-0,055;1,361;5,387
48,61;743,55;-1,384;-0,055;1,361;5,387
48,61;743,58;-1,384;-0,055;1,361;5,387
48,62;743,6;-1,384;-0,055;1,361;5,387
48,62;743,63;-1,384;-0,055;1,361;5,386
48,62;743,65;-1,384;-0,055;1,361;5,386
48,62;743,68;-1,384;-0,055;1,361;5,386
48,62;743,7;-1,384;-0,055;1,361;5,386
48,63;743,72;-1,384;-0,055;1,361;5,386
48,63;743,75;-1,384;-0,055;1,361;5,386
48,63;743,77;-1,384;-0,055;1,361;5,386
48,63;743,8;-1,384;-0,055;1,361;5,386
48,63;743,82;-1,384;-0,055;1,361;5,386
48,63;743,85;-1,384;-0,055;1,36;5,386
48,64;743,87;-1,385;-0,055;1,36;5,386
48,64;743,9;-1,385;-0,055;1,36;5,386
48,64;743,92;-1,385;-0,055;1,36;5,386
48,64;743,95;-1,385;-0,055;1,36;5,386
48,64;743,97;-1,385;-0,055;1,36;5,386
48,64;744;-1,386;-0,055;1,36;5,386
48,64;744,02;-1,386;-0,055;1,36;5,386
48,65;744,05;-1,386;-0,055;1,36;5,386
48,65;744,07;-1,387;-0,055;1,36;5,386
48,65;744,1;-1,387;-0,055;1,36;5,386
48,65;744,12;-1,387;-0,055;1,36;5,386
48,65;744,15;-1,387;-0,055;1,36;5,386
48,66;744,17;-1,388;-0,055;1,36;5,386
48,66;744,2;-1,388;-0,055;1,36;5,386
48,66;744,22;-1,388;-0,055;1,36;5,386
48,66;744,25;-1,389;-0,055;1,36;5,386
48,66;744,27;-1,389;-0,055;1,36;5,386
48,66;744,3;-1,389;-0,055;1,36;5,386
48,66;744,32;-1,39;-0,055;1,36;5,386
48,67;744,35;-1,39;-0,055;1,36;5,386
48,67;744,37;-1,39;-0,055;1,36;5,386
48,67;744,4;-1,391;-0,055;1,36;5,386
48,67;744,42;-1,391;-0,055;1,36;5,386
48,67;744,45;-1,391;-0,055;1,36;5,386
48,68;744,47;-1,392;-0,055;1,36;5,385
48,68;744,5;-1,392;-0,055;1,36;5,385
48,68;744,52;-1,393;-0,055;1,36;5,385
48,68;744,55;-1,393;-0,055;1,36;5,385
48,68;744,57;-1,393;-0,055;1,36;5,385
48,68;744,6;-1,394;-0,055;1,36;5,385
48,69;744,62;-1,394;-0,055;1,36;5,385
48,69;744,65;-1,395;-0,055;1,36;5,385
48,69;744,67;-1,395;-0,055;1,36;5,385
48,69;744,7;-1,396;-0,055;1,36;5,385
48,69;744,72;-1,396;-0,055;1,36;5,385
48,69;744,75;-1,396;-0,055;1,36;5,385
48,69;744,77;-1,397;-0,055;1,36;5,385
48,7;744,8;-1,397;-0,055;1,36;5,385
48,7;744,82;-1,398;-0,055;1,36;5,385
48,7;744,85;-1,398;-0,055;1,36;5,385
48,7;744,87;-1,399;-0,055;1,36;5,385
48,7;744,9;-1,399;-0,055;1,36;5,385
48,71;744,92;-1,4;-0,055;1,36;5,385
48,71;744,95;-1,4;-0,055;1,36;5,385
48,71;744,97;-1,4;-0,055;1,36;5,385
48,71;745;-1,401;-0,055;1,36;5,385
48,71;745,02;-1,401;-0,055;1,36;5,385
48,71;745,05;-1,402;-0,055;1,36;5,385
48,71;745,07;-1,402;-0,056;1,36;5,385
48,72;745,1;-1,403;-0,056;1,36;5,385
48,72;745,12;-1,403;-0,056;1,36;5,385
48,72;745,15;-1,403;-0,056;1,36;5,385
48,72;745,17;-1,403;-0,056;1,36;5,385
48,72;745,2;-1,404;-0,056;1,36;5,385
48,73;745,22;-1,404;-0,056;1,36;5,385
48,73;745,25;-1,404;-0,056;1,36;5,385
48,73;745,27;-1,404;-0,056;1,36;5,385
48,73;745,3;-1,405;-0,056;1,36;5,384
48,73;745,32;-1,405;-0,056;1,36;5,384
48,73;745,35;-1,405;-0,056;1,36;5,384
48,74;745,37;-1,406;-0,056;1,36;5,384
48,74;745,4;-1,406;-0,056;1,36;5,384
48,74;745,42;-1,406;-0,056;1,36;5,384
48,74;745,45;-1,406;-0,056;1,36;5,384
48,74;745,47;-1,407;-0,056;1,36;5,384
48,74;745,5;-1,407;-0,056;1,36;5,384
48,74;745,52;-1,408;-0,056;1,36;5,384
48,75;745,55;-1,408;-0,056;1,36;5,384
48,75;745,57;-1,408;-0,056;1,36;5,384
48,75;745,6;-1,409;-0,056;1,36;5,384
48,75;745,62;-1,409;-0,056;1,36;5,384
48,75;745,65;-1,409;-0,056;1,36;5,384
48,76;745,67;-1,409;-0,056;1,36;5,384
48,76;745,7;-1,41;-0,056;1,36;5,384
48,76;745,72;-1,41;-0,056;1,36;5,384
48,76;745,75;-1,41;-0,056;1,36;5,384
48,76;745,77;-1,411;-0,056;1,36;5,384
48,76;745,8;-1,411;-0,056;1,36;5,384
48,76;745,82;-1,411;-0,056;1,36;5,384
48,77;745,85;-1,411;-0,056;1,36;5,384
48,77;745,87;-1,412;-0,056;1,36;5,384
48,77;745,9;-1,412;-0,056;1,36;5,384
48,77;745,92;-1,412;-0,056;1,36;5,384
48,77;745,95;-1,413;-0,056;1,36;5,384
48,78;745,97;-1,413;-0,056;1,36;5,384
48,78;746;-1,414;-0,056;1,36;5,384
48,78;746,02;-1,414;-0,056;1,36;5,384
48,78;746,05;-1,415;-0,056;1,36;5,384
48,78;746,07;-1,415;-0,056;1,36;5,384
48,78;746,1;-1,416;-0,056;1,36;5,384
48,79;746,12;-1,416;-0,056;1,36;5,383
48,79;746,15;-1,417;-0,056;1,36;5,383
48,79;746,17;-1,417;-0,056;1,36;5,383
48,79;746,2;-1,418;-0,056;1,36;5,383
48,79;746,22;-1,418;-0,056;1,36;5,383
48,79;746,25;-1,419;-0,056;1,36;5,383
48,79;746,27;-1,419;-0,056;1,36;5,383
48,8;746,3;-1,42;-0,056;1,36;5,383
48,8;746,32;-1,42;-0,056;1,36;5,383
48,8;746,35;-1,421;-0,056;1,36;5,383
48,8;746,37;-1,421;-0,056;1,36;5,383
48,8;746,4;-1,422;-0,056;1,36;5,383
48,81;746,42;-1,422;-0,056;1,36;5,383
48,81;746,45;-1,423;-0,056;1,36;5,383
48,81;746,47;-1,423;-0,056;1,36;5,383
48,81;746,5;-1,424;-0,056;1,36;5,383
48,81;746,52;-1,424;-0,056;1,36;5,383
48,81;746,55;-1,425;-0,056;1,36;5,383
48,81;746,57;-1,426;-0,056;1,36;5,383
48,82;746,6;-1,426;-0,056;1,36;5,383
48,82;746,62;-1,426;-0,056;1,36;5,383
48,82;746,65;-1,427;-0,056;1,36;5,383
48,82;746,67;-1,427;-0,057;1,36;5,383
48,82;746,7;-1,428;-0,057;1,36;5,383
48,83;746,72;-1,428;-0,057;1,36;5,383
48,83;746,75;-1,429;-0,057;1,36;5,383
48,83;746,77;-1,429;-0,057;1,36;5,383
48,83;746,8;-1,429;-0,057;1,36;5,383
48,83;746,82;-1,43;-0,057;1,36;5,383
48,83;746,85;-1,43;-0,057;1,36;5,383
48,84;746,87;-1,43;-0,057;1,36;5,383
48,84;746,9;-1,431;-0,057;1,36;5,382
48,84;746,92;-1,431;-0,057;1,36;5,382
48,84;746,95;-1,432;-0,057;1,36;5,382
48,84;746,97;-1,432;-0,057;1,36;5,382
48,84;747;-1,433;-0,057;1,36;5,382
48,84;747,02;-1,433;-0,057;1,36;5,382
48,85;747,05;-1,433;-0,057;1,359;5,382
48,85;747,07;-1,434;-0,057;1,359;5,382
48,85;747,1;-1,434;-0,057;1,359;5,382
48,85;747,12;-1,435;-0,057;1,359;5,382
48,85;747,15;-1,435;-0,057;1,359;5,382
48,86;747,17;-1,435;-0,057;1,359;5,382
48,86;747,2;-1,436;-0,057;1,359;5,382
48,86;747,22;-1,436;-0,057;1,359;5,382
48,86;747,25;-1,436;-0,057;1,359;5,382
48,86;747,27;-1,436;-0,057;1,359;5,382
48,86;747,3;-1,436;-0,057;1,359;5,382
48,86;747,32;-1,437;-0,057;1,359;5,382
48,87;747,35;-1,437;-0,057;1,359;5,382
48,87;747,37;-1,437;-0,057;1,359;5,382
48,87;747,4;-1,437;-0,057;1,359;5,382
48,87;747,42;-1,437;-0,057;1,359;5,382
48,87;747,45;-1,438;-0,057;1,359;5,382
48,88;747,47;-1,438;-0,057;1,359;5,382
48,88;747,49;-1,438;-0,057;1,359;5,382
48,88;747,52;-1,438;-0,057;1,359;5,382
48,88;747,54;-1,438;-0,057;1,359;5,382
48,88;747,57;-1,438;-0,057;1,359;5,382
48,88;747,6;-1,439;-0,057;1,359;5,382
48,89;747,62;-1,439;-0,057;1,359;5,382
48,89;747,65;-1,439;-0,057;1,359;5,382
48,89;747,67;-1,439;-0,057;1,359;5,381
48,89;747,69;-1,44;-0,057;1,359;5,381
48,89;747,72;-1,44;-0,057;1,359;5,381
48,89;747,74;-1,44;-0,057;1,359;5,381
48,89;747,77;-1,44;-0,057;1,359;5,381
48,9;747,79;-1,441;-0,057;1,359;5,381
48,9;747,82;-1,441;-0,057;1,359;5,381
48,9;747,84;-1,441;-0,057;1,359;5,381
48,9;747,87;-1,441;-0,057;1,359;5,381
48,9;747,89;-1,442;-0,057;1,359;5,381
48,91;747,92;-1,442;-0,057;1,359;5,381
48,91;747,94;-1,442;-0,057;1,359;5,381
48,91;747,97;-1,442;-0,057;1,359;5,381
48,91;747,99;-1,443;-0,057;1,359;5,381
48,91;748,02;-1,443;-0,057;1,359;5,381
48,91;748,04;-1,443;-0,057;1,359;5,381
48,91;748,07;-1,443;-0,057;1,359;5,381
48,92;748,09;-1,444;-0,057;1,359;5,381
48,92;748,12;-1,444;-0,057;1,359;5,381
48,92;748,14;-1,444;-0,057;1,359;5,381
48,92;748,17;-1,445;-0,057;1,359;5,381
48,92;748,19;-1,445;-0,057;1,359;5,381
48,93;748,22;-1,445;-0,057;1,359;5,381
48,93;748,24;-1,445;-0,057;1,359;5,381
48,93;748,27;-1,446;-0,057;1,359;5,381
48,93;748,29;-1,446;-0,057;1,359;5,381
48,93;748,32;-1,447;-0,057;1,359;5,381
48,93;748,34;-1,447;-0,057;1,359;5,381
48,94;748,37;-1,447;-0,057;1,359;5,381
48,94;748,39;-1,448;-0,057;1,359;5,381
48,94;748,42;-1,448;-0,057;1,359;5,38
48,94;748,44;-1,448;-0,057;1,359;5,38
48,94;748,47;-1,449;-0,057;1,359;5,38
48,94;748,49;-1,449;-0,057;1,359;5,38
48,94;748,52;-1,449;-0,057;1,359;5,38
48,95;748,54;-1,45;-0,057;1,359;5,38
48,95;748,57;-1,45;-0,057;1,359;5,38
48,95;748,59;-1,45;-0,057;1,359;5,38
48,95;748,62;-1,451;-0,057;1,359;5,38
48,95;748,64;-1,451;-0,057;1,359;5,38
48,96;748,67;-1,451;-0,057;1,359;5,38
48,96;748,69;-1,451;-0,057;1,359;5,38
48,96;748,72;-1,451;-0,057;1,359;5,38
48,96;748,74;-1,452;-0,057;1,359;5,38
48,96;748,77;-1,452;-0,057;1,359;5,38
48,96;748,79;-1,452;-0,057;1,359;5,38
48,96;748,82;-1,452;-0,057;1,359;5,38
48,97;748,84;-1,452;-0,058;1,359;5,38
48,97;748,87;-1,453;-0,058;1,359;5,38
48,97;748,89;-1,453;-0,058;1,359;5,38
48,97;748,92;-1,453;-0,058;1,359;5,38
48,97;748,94;-1,453;-0,058;1,359;5,38
48,98;748,97;-1,453;-0,058;1,359;5,38
48,98;748,99;-1,453;-0,058;1,359;5,38
48,98;749,02;-1,454;-0,058;1,359;5,38
48,98;749,04;-1,454;-0,058;1,359;5,38
48,98;749,07;-1,454;-0,058;1,359;5,38
48,98;749,09;-1,454;-0,058;1,359;5,38
48,99;749,12;-1,455;-0,058;1,359;5,38
48,99;749,14;-1,455;-0,058;1,359;5,38
48,99;749,17;-1,455;-0,058;1,359;5,38
48,99;749,19;-1,455;-0,058;1,359;5,38
48,99;749,22;-1,456;-0,058;1,359;5,379
48,99;749,24;-1,456;-0,058;1,359;5,379
48,99;749,27;-1,456;-0,058;1,359;5,379
49;749,29;-1,457;-0,058;1,359;5,379
49;749,32;-1,457;-0,058;1,359;5,379
49;749,34;-1,457;-0,058;1,359;5,379
49;749,37;-1,457;-0,058;1,359;5,379
49;749,39;-1,458;-0,058;1,359;5,379
49,01;749,42;-1,458;-0,058;1,359;5,379
49,01;749,44;-1,458;-0,058;1,359;5,379
49,01;749,47;-1,458;-0,058;1,359;5,379
49,01;749,49;-1,458;-0,058;1,359;5,379
49,01;749,52;-1,459;-0,058;1,359;5,379
49,01;749,54;-1,459;-0,058;1,359;5,379
49,01;749,57;-1,459;-0,058;1,359;5,379
49,02;749,59;-1,459;-0,058;1,359;5,379
49,02;749,62;-1,459;-0,058;1,359;5,379
49,02;749,64;-1,459;-0,058;1,359;5,379
49,02;749,67;-1,46;-0,058;1,359;5,379
49,02;749,69;-1,46;-0,058;1,359;5,379
49,03;749,72;-1,46;-0,058;1,359;5,379
49,03;749,74;-1,46;-0,058;1,359;5,379
49,03;749,77;-1,46;-0,058;1,359;5,379
49,03;749,79;-1,461;-0,058;1,359;5,379
49,03;749,82;-1,461;-0,058;1,359;5,379
49,03;749,84;-1,461;-0,058;1,359;5,379
49,04;749,87;-1,462;-0,058;1,359;5,379
49,04;749,89;-1,462;-0,058;1,359;5,379
49,04;749,92;-1,462;-0,058;1,359;5,379
49,04;749,94;-1,463;-0,058;1,359;5,379
49,04;749,97;-1,463;-0,058;1,359;5,379
49,04;749,99;-1,463;-0,058;1,359;5,379
49,04;750,02;-1,464;-0,058;1,359;5,378
49,05;750,04;-1,464;-0,058;1,359;5,378
49,05;750,07;-1,464;-0,058;1,359;5,378
49,05;750,09;-1,465;-0,058;1,359;5,378
49,05;750,12;-1,465;-0,058;1,359;5,378
49,05;750,14;-1,465;-0,058;1,358;5,378
49,06;750,17;-1,465;-0,058;1,358;5,378
49,06;750,19;-1,466;-0,058;1,358;5,378
49,06;750,22;-1,466;-0,058;1,358;5,378
49,06;750,24;-1,466;-0,058;1,358;5,378
49,06;750,27;-1,466;-0,058;1,358;5,378
49,06;750,29;-1,467;-0,058;1,358;5,378
49,06;750,32;-1,467;-0,058;1,358;5,378
49,07;750,34;-1,467;-0,058;1,358;5,378
49,07;750,37;-1,467;-0,058;1,358;5,378
49,07;750,39;-1,467;-0,058;1,358;5,378
49,07;750,42;-1,468;-0,058;1,358;5,378
49,07;750,44;-1,468;-0,058;1,358;5,378
49,08;750,47;-1,468;-0,058;1,358;5,378
49,08;750,49;-1,468;-0,058;1,358;5,378
49,08;750,52;-1,468;-0,058;1,358;5,378
49,08;750,54;-1,469;-0,058;1,358;5,378
49,08;750,57;-1,469;-0,058;1,358;5,378
49,08;750,59;-1,469;-0,058;1,358;5,378
49,09;750,62;-1,469;-0,058;1,358;5,378
49,09;750,64;-1,469;-0,058;1,358;5,378
49,09;750,67;-1,47;-0,058;1,358;5,378
49,09;750,69;-1,47;-0,058;1,358;5,378
49,09;750,72;-1,47;-0,058;1,358;5,378
49,09;750,74;-1,47;-0,058;1,358;5,378
49,09;750,77;-1,47;-0,058;1,358;5,378
49,1;750,79;-1,471;-0,058;1,358;5,378
49,1;750,82;-1,471;-0,058;1,358;5,377
49,1;750,84;-1,471;-0,058;1,358;5,377
49,1;750,87;-1,471;-0,058;1,358;5,377
49,1;750,89;-1,471;-0,058;1,358;5,377
49,11;750,92;-1,471;-0,058;1,358;5,377
49,11;750,94;-1,471;-0,058;1,358;5,377
49,11;750,97;-1,471;-0,058;1,358;5,377
49,11;750,99;-1,471;-0,058;1,358;5,377
49,11;751,02;-1,472;-0,058;1,358;5,377
49,11;751,04;-1,472;-0,058;1,358;5,377
49,11;751,07;-1,472;-0,058;1,358;5,377
49,12;751,09;-1,472;-0,058;1,358;5,377
49,12;751,12;-1,472;-0,058;1,358;5,377
49,12;751,14;-1,472;-0,058;1,358;5,377
49,12;751,17;-1,472;-0,058;1,358;5,377
49,12;751,19;-1,472;-0,058;1,358;5,377
49,13;751,22;-1,472;-0,058;1,358;5,377
49,13;751,24;-1,472;-0,058;1,358;5,377
49,13;751,27;-1,472;-0,058;1,358;5,377
49,13;751,29;-1,472;-0,058;1,358;5,377
49,13;751,32;-1,472;-0,058;1,358;5,377
49,13;751,34;-1,472;-0,058;1,358;5,377
49,14;751,37;-1,472;-0,058;1,358;5,377
49,14;751,39;-1,472;-0,058;1,358;5,377
49,14;751,42;-1,472;-0,058;1,358;5,377
49,14;751,44;-1,472;-0,058;1,358;5,377
49,14;751,47;-1,472;-0,058;1,358;5,377
49,14;751,49;-1,472;-0,058;1,358;5,377
49,14;751,52;-1,473;-0,058;1,358;5,377
49,15;751,54;-1,473;-0,058;1,358;5,377
49,15;751,57;-1,473;-0,058;1,358;5,377
49,15;751,59;-1,473;-0,058;1,358;5,376
49,15;751,62;-1,473;-0,058;1,358;5,376
49,15;751,64;-1,473;-0,058;1,358;5,376
49,16;751,67;-1,473;-0,058;1,358;5,376
49,16;751,69;-1,474;-0,058;1,358;5,376
49,16;751,72;-1,474;-0,058;1,358;5,376
49,16;751,74;-1,474;-0,058;1,358;5,376
49,16;751,77;-1,474;-0,058;1,358;5,376
49,16;751,79;-1,474;-0,058;1,358;5,376
49,16;751,82;-1,474;-0,058;1,358;5,376
49,17;751,84;-1,474;-0,058;1,358;5,376
49,17;751,87;-1,475;-0,058;1,358;5,376
49,17;751,89;-1,475;-0,058;1,358;5,376
49,17;751,92;-1,475;-0,058;1,358;5,376
49,17;751,94;-1,475;-0,058;1,358;5,376
49,18;751,97;-1,475;-0,058;1,358;5,376
49,18;751,99;-1,475;-0,058;1,358;5,376
49,18;752,02;-1,475;-0,058;1,358;5,376
49,18;752,04;-1,476;-0,058;1,358;5,376
49,18;752,07;-1,476;-0,058;1,358;5,376
49,18;752,09;-1,476;-0,058;1,358;5,376
49,19;752,12;-1,476;-0,058;1,358;5,376
49,19;752,14;-1,476;-0,058;1,358;5,376
49,19;752,17;-1,477;-0,058;1,358;5,376
49,19;752,19;-1,477;-0,058;1,358;5,376
49,19;752,22;-1,477;-0,058;1,358;5,376
49,19;752,24;-1,477;-0,058;1,358;5,376
49,19;752,27;-1,477;-0,058;1,358;5,376
49,2;752,29;-1,478;-0,058;1,358;5,376
49,2;752,32;-1,478;-0,059;1,358;5,376
49,2;752,34;-1,478;-0,059;1,358;5,376
49,2;752,37;-1,478;-0,059;1,358;5,375
49,2;752,39;-1,479;-0,059;1,358;5,375
49,21;752,42;-1,479;-0,059;1,358;5,375
49,21;752,44;-1,48;-0,059;1,358;5,375
49,21;752,47;-1,48;-0,059;1,358;5,375
49,21;752,49;-1,481;-0,059;1,358;5,375
49,21;752,52;-1,481;-0,059;1,358;5,375
49,21;752,54;-1,482;-0,059;1,358;5,375
49,21;752,57;-1,482;-0,059;1,358;5,375
49,22;752,59;-1,482;-0,059;1,358;5,375
49,22;752,62;-1,483;-0,059;1,358;5,375
49,22;752,64;-1,483;-0,059;1,358;5,375
49,22;752,67;-1,484;-0,059;1,358;5,375
49,22;752,69;-1,484;-0,059;1,358;5,375
49,23;752,72;-1,485;-0,059;1,358;5,375
49,23;752,74;-1,485;-0,059;1,358;5,375
49,23;752,77;-1,485;-0,059;1,358;5,375
49,23;752,79;-1,486;-0,059;1,358;5,375
49,23;752,82;-1,486;-0,059;1,358;5,375
49,23;752,84;-1,487;-0,059;1,358;5,375
49,24;752,87;-1,487;-0,059;1,358;5,375
49,24;752,89;-1,487;-0,059;1,358;5,375
49,24;752,92;-1,488;-0,059;1,358;5,375
49,24;752,94;-1,488;-0,059;1,358;5,375
49,24;752,97;-1,489;-0,059;1,358;5,375
49,24;752,99;-1,489;-0,059;1,358;5,375
49,24;753,01;-1,489;-0,059;1,358;5,375
49,25;753,04;-1,49;-0,059;1,358;5,375
49,25;753,06;-1,49;-0,059;1,358;5,375
49,25;753,09;-1,491;-0,059;1,358;5,375
49,25;753,11;-1,491;-0,059;1,358;5,374
49,25;753,14;-1,492;-0,059;1,358;5,374
49,26;753,16;-1,492;-0,059;1,358;5,374
49,26;753,19;-1,493;-0,059;1,358;5,374
49,26;753,21;-1,493;-0,059;1,357;5,374
49,26;753,24;-1,494;-0,059;1,357;5,374
49,26;753,26;-1,494;-0,059;1,357;5,374
49,26;753,29;-1,495;-0,059;1,357;5,374
49,26;753,31;-1,495;-0,059;1,357;5,374
49,27;753,34;-1,496;-0,059;1,357;5,374
49,27;753,36;-1,496;-0,059;1,357;5,374
49,27;753,39;-1,497;-0,059;1,357;5,374
49,27;753,41;-1,497;-0,059;1,357;5,374
49,27;753,44;-1,498;-0,059;1,357;5,374
49,28;753,46;-1,499;-0,059;1,357;5,374
49,28;753,49;-1,499;-0,059;1,357;5,374
49,28;753,51;-1,5;-0,059;1,357;5,374
49,28;753,54;-1,5;-0,059;1,357;5,374
49,28;753,56;-1,501;-0,059;1,357;5,374
49,28;753,59;-1,501;-0,059;1,357;5,374
49,29;753,61;-1,502;-0,059;1,357;5,374
49,29;753,64;-1,502;-0,059;1,357;5,374
49,29;753,67;-1,502;-0,059;1,357;5,374
49,29;753,69;-1,503;-0,059;1,357;5,374
49,29;753,71;-1,503;-0,06;1,357;5,374
49,29;753,74;-1,504;-0,06;1,357;5,374
49,29;753,76;-1,504;-0,06;1,357;5,374
49,3;753,79;-1,504;-0,06;1,357;5,374
49,3;753,81;-1,505;-0,06;1,357;5,374
49,3;753,84;-1,506;-0,06;1,357;5,374
49,3;753,86;-1,506;-0,06;1,357;5,374
49,3;753,89;-1,507;-0,06;1,357;5,373
49,31;753,91;-1,507;-0,06;1,357;5,373
49,31;753,94;-1,508;-0,06;1,357;5,373
49,31;753,96;-1,508;-0,06;1,357;5,373
49,31;753,99;-1,509;-0,06;1,357;5,373
49,31;754,01;-1,509;-0,06;1,357;5,373
49,31;754,04;-1,51;-0,06;1,357;5,373
49,31;754,06;-1,51;-0,06;1,357;5,373
49,32;754,09;-1,511;-0,06;1,357;5,373
49,32;754,11;-1,511;-0,06;1,357;5,373
49,32;754,14;-1,512;-0,06;1,357;5,373
49,32;754,16;-1,512;-0,06;1,357;5,373
49,32;754,19;-1,513;-0,06;1,357;5,373
49,33;754,21;-1,513;-0,06;1,357;5,373
49,33;754,24;-1,514;-0,06;1,357;5,373
49,33;754,26;-1,514;-0,06;1,357;5,373
49,33;754,29;-1,514;-0,06;1,357;5,373
49,33;754,31;-1,515;-0,06;1,357;5,373
49,33;754,34;-1,515;-0,06;1,357;5,373
49,34;754,36;-1,515;-0,06;1,357;5,373
49,34;754,39;-1,516;-0,06;1,357;5,373
49,34;754,41;-1,516;-0,06;1,357;5,373
49,34;754,44;-1,516;-0,06;1,357;5,373
49,34;754,46;-1,517;-0,06;1,357;5,373
49,34;754,49;-1,517;-0,06;1,357;5,373
49,34;754,51;-1,517;-0,06;1,357;5,373
49,35;754,54;-1,518;-0,06;1,357;5,373
49,35;754,56;-1,518;-0,06;1,357;5,373
49,35;754,59;-1,519;-0,06;1,357;5,373
49,35;754,61;-1,519;-0,06;1,357;5,373
49,35;754,64;-1,519;-0,06;1,357;5,372
49,36;754,66;-1,52;-0,06;1,357;5,372
49,36;754,69;-1,52;-0,06;1,357;5,372
49,36;754,71;-1,52;-0,06;1,357;5,372
49,36;754,74;-1,521;-0,06;1,357;5,372
49,36;754,76;-1,521;-0,06;1,357;5,372
49,36;754,79;-1,521;-0,06;1,357;5,372
49,36;754,81;-1,522;-0,06;1,357;5,372
49,37;754,84;-1,522;-0,06;1,357;5,372
49,37;754,86;-1,523;-0,06;1,357;5,372
49,37;754,89;-1,523;-0,06;1,357;5,372
49,37;754,91;-1,523;-0,06;1,357;5,372
49,37;754,94;-1,524;-0,06;1,357;5,372
49,38;754,96;-1,524;-0,06;1,357;5,372
49,38;754,99;-1,525;-0,06;1,357;5,372
49,38;755,01;-1,525;-0,06;1,357;5,372
49,38;755,04;-1,525;-0,06;1,357;5,372
49,38;755,06;-1,525;-0,06;1,357;5,372
49,38;755,09;-1,526;-0,06;1,357;5,372
49,39;755,11;-1,526;-0,06;1,357;5,372
49,39;755,14;-1,526;-0,06;1,357;5,372
49,39;755,16;-1,526;-0,06;1,357;5,372
49,39;755,19;-1,527;-0,06;1,357;5,372
49,39;755,21;-1,527;-0,06;1,357;5,372
49,39;755,24;-1,527;-0,06;1,357;5,372
49,39;755,26;-1,527;-0,06;1,357;5,372
49,4;755,29;-1,527;-0,06;1,357;5,372
49,4;755,31;-1,527;-0,06;1,357;5,372
49,4;755,34;-1,528;-0,06;1,357;5,372
49,4;755,36;-1,528;-0,06;1,357;5,372
49,4;755,39;-1,528;-0,06;1,357;5,371
49,41;755,41;-1,528;-0,061;1,357;5,371
49,41;755,44;-1,528;-0,061;1,357;5,371
49,41;755,46;-1,529;-0,061;1,357;5,371
49,41;755,49;-1,529;-0,061;1,357;5,371
49,41;755,51;-1,529;-0,061;1,357;5,371
49,41;755,54;-1,529;-0,061;1,357;5,371
49,41;755,56;-1,529;-0,061;1,357;5,371
49,42;755,59;-1,53;-0,061;1,357;5,371
49,42;755,61;-1,53;-0,061;1,357;5,371
49,42;755,64;-1,53;-0,061;1,357;5,371
49,42;755,66;-1,53;-0,061;1,357;5,371
49,42;755,69;-1,53;-0,061;1,357;5,371
49,43;755,71;-1,53;-0,061;1,357;5,371
49,43;755,74;-1,53;-0,061;1,357;5,371
49,43;755,76;-1,531;-0,061;1,357;5,371
49,43;755,79;-1,531;-0,061;1,357;5,371
49,43;755,81;-1,531;-0,061;1,357;5,371
49,43;755,84;-1,531;-0,061;1,357;5,371
49,44;755,86;-1,531;-0,061;1,357;5,371
49,44;755,89;-1,531;-0,061;1,357;5,371
49,44;755,91;-1,531;-0,061;1,357;5,371
49,44;755,94;-1,532;-0,061;1,357;5,371
49,44;755,96;-1,532;-0,061;1,357;5,371
49,44;755,99;-1,532;-0,061;1,357;5,371
49,44;756,01;-1,533;-0,061;1,357;5,371
49,45;756,04;-1,533;-0,061;1,357;5,371
49,45;756,06;-1,533;-0,061;1,357;5,371
49,45;756,09;-1,534;-0,061;1,357;5,371
49,45;756,11;-1,534;-0,061;1,357;5,37
49,45;756,14;-1,534;-0,061;1,357;5,37
49,46;756,16;-1,535;-0,061;1,357;5,37
49,46;756,19;-1,535;-0,061;1,356;5,37
49,46;756,21;-1,536;-0,061;1,356;5,37
49,46;756,24;-1,536;-0,061;1,356;5,37
49,46;756,26;-1,536;-0,061;1,356;5,37
49,46;756,29;-1,537;-0,061;1,356;5,37
49,46;756,31;-1,537;-0,061;1,356;5,37
49,47;756,34;-1,537;-0,061;1,356;5,37
49,47;756,36;-1,538;-0,061;1,356;5,37
49,47;756,39;-1,538;-0,061;1,356;5,37
49,47;756,41;-1,538;-0,061;1,356;5,37
49,47;756,44;-1,539;-0,061;1,356;5,37
49,48;756,46;-1,539;-0,061;1,356;5,37
49,48;756,49;-1,54;-0,061;1,356;5,37
49,48;756,51;-1,54;-0,061;1,356;5,37
49,48;756,54;-1,541;-0,061;1,356;5,37
49,48;756,56;-1,541;-0,061;1,356;5,37
49,48;756,59;-1,542;-0,061;1,356;5,37
49,49;756,61;-1,542;-0,061;1,356;5,37
49,49;756,64;-1,542;-0,061;1,356;5,37
49,49;756,66;-1,543;-0,061;1,356;5,37
49,49;756,69;-1,544;-0,061;1,356;5,37
49,49;756,71;-1,544;-0,061;1,356;5,37
49,49;756,74;-1,545;-0,061;1,356;5,37
49,49;756,76;-1,545;-0,061;1,356;5,37
49,5;756,79;-1,546;-0,061;1,356;5,37
49,5;756,81;-1,546;-0,061;1,356;5,37
49,5;756,84;-1,547;-0,061;1,356;5,37
49,5;756,86;-1,547;-0,061;1,356;5,369
49,5;756,89;-1,548;-0,061;1,356;5,369
49,51;756,91;-1,549;-0,061;1,356;5,369
49,51;756,94;-1,549;-0,061;1,356;5,369
49,51;756,96;-1,55;-0,061;1,356;5,369
49,51;756,99;-1,55;-0,061;1,356;5,369
49,51;757,01;-1,551;-0,061;1,356;5,369
49,51;757,04;-1,551;-0,061;1,356;5,369
49,51;757,06;-1,552;-0,061;1,356;5,369
49,52;757,09;-1,552;-0,061;1,356;5,369
49,52;757,11;-1,553;-0,061;1,356;5,369
49,52;757,14;-1,553;-0,061;1,356;5,369
49,52;757,16;-1,554;-0,062;1,356;5,369
49,52;757,19;-1,554;-0,062;1,356;5,369
49,53;757,21;-1,554;-0,062;1,356;5,369
49,53;757,24;-1,555;-0,062;1,356;5,369
49,53;757,26;-1,555;-0,062;1,356;5,369
49,53;757,29;-1,555;-0,062;1,356;5,369
49,53;757,31;-1,555;-0,062;1,356;5,369
49,53;757,34;-1,556;-0,062;1,356;5,369
49,54;757,36;-1,556;-0,062;1,356;5,369
49,54;757,39;-1,556;-0,062;1,356;5,369
49,54;757,41;-1,556;-0,062;1,356;5,369
49,54;757,44;-1,557;-0,062;1,356;5,369
49,54;757,46;-1,557;-0,062;1,356;5,369
49,54;757,49;-1,557;-0,062;1,356;5,369
49,54;757,51;-1,558;-0,062;1,356;5,369
49,55;757,53;-1,558;-0,062;1,356;5,369
49,55;757,56;-1,559;-0,062;1,356;5,369
49,55;757,58;-1,559;-0,062;1,356;5,368
49,55;757,61;-1,56;-0,062;1,356;5,368
49,55;757,63;-1,56;-0,062;1,356;5,368
49,56;757,66;-1,56;-0,062;1,356;5,368
49,56;757,68;-1,561;-0,062;1,356;5,368
49,56;757,71;-1,561;-0,062;1,356;5,368
49,56;757,73;-1,562;-0,062;1,356;5,368
49,56;757,76;-1,562;-0,062;1,356;5,368
49,56;757,78;-1,563;-0,062;1,356;5,368
49,56;757,81;-1,563;-0,062;1,356;5,368
49,57;757,83;-1,564;-0,062;1,356;5,368
49,57;757,86;-1,564;-0,062;1,356;5,368
49,57;757,88;-1,565;-0,062;1,356;5,368
49,57;757,91;-1,565;-0,062;1,356;5,368
49,57;757,93;-1,565;-0,062;1,356;5,368
49,58;757,96;-1,566;-0,062;1,356;5,368
49,58;757,98;-1,566;-0,062;1,356;5,368
49,58;758,01;-1,567;-0,062;1,356;5,368
49,58;758,03;-1,567;-0,062;1,356;5,368
49,58;758,06;-1,568;-0,062;1,356;5,368
49,58;758,08;-1,568;-0,062;1,356;5,368
49,59;758,11;-1,569;-0,062;1,356;5,368
49,59;758,13;-1,569;-0,062;1,356;5,368
49,59;758,16;-1,57;-0,062;1,356;5,368
49,59;758,18;-1,57;-0,062;1,356;5,368
49,59;758,21;-1,571;-0,062;1,356;5,368
49,59;758,23;-1,571;-0,062;1,356;5,368
49,59;758,26;-1,572;-0,062;1,356;5,368
49,6;758,28;-1,572;-0,062;1,356;5,367
49,6;758,31;-1,573;-0,062;1,356;5,367
49,6;758,33;-1,573;-0,062;1,356;5,367
49,6;758,36;-1,574;-0,062;1,356;5,367
49,6;758,38;-1,574;-0,062;1,356;5,367
49,61;758,41;-1,575;-0,062;1,356;5,367
49,61;758,43;-1,575;-0,062;1,356;5,367
49,61;758,46;-1,576;-0,062;1,356;5,367
49,61;758,48;-1,576;-0,062;1,356;5,367
49,61;758,51;-1,576;-0,062;1,356;5,367
49,61;758,53;-1,577;-0,062;1,356;5,367
49,61;758,56;-1,577;-0,062;1,356;5,367
49,62;758,58;-1,578;-0,062;1,356;5,367
49,62;758,61;-1,578;-0,062;1,356;5,367
49,62;758,63;-1,579;-0,062;1,356;5,367
49,62;758,66;-1,579;-0,063;1,356;5,367
49,62;758,68;-1,579;-0,063;1,356;5,367
49,63;758,71;-1,58;-0,063;1,356;5,367
49,63;758,73;-1,58;-0,063;1,356;5,367
49,63;758,76;-1,58;-0,063;1,356;5,367
49,63;758,78;-1,581;-0,063;1,356;5,367
49,63;758,81;-1,581;-0,063;1,356;5,367
49,63;758,83;-1,581;-0,063;1,356;5,367
49,64;758,86;-1,582;-0,063;1,356;5,367
49,64;758,88;-1,582;-0,063;1,356;5,367
49,64;758,91;-1,582;-0,063;1,356;5,367
49,64;758,93;-1,582;-0,063;1,356;5,367
49,64;758,96;-1,583;-0,063;1,356;5,366
49,64;758,98;-1,583;-0,063;1,356;5,366
49,64;759,01;-1,583;-0,063;1,355;5,366
49,65;759,03;-1,583;-0,063;1,355;5,366
49,65;759,06;-1,584;-0,063;1,355;5,366
49,65;759,08;-1,584;-0,063;1,355;5,366
49,65;759,11;-1,584;-0,063;1,355;5,366
49,65;759,13;-1,585;-0,063;1,355;5,366
49,66;759,16;-1,585;-0,063;1,355;5,366
49,66;759,18;-1,586;-0,063;1,355;5,366
49,66;759,21;-1,586;-0,063;1,355;5,366
49,66;759,23;-1,586;-0,063;1,355;5,366
49,66;759,26;-1,586;-0,063;1,355;5,366
49,66;759,28;-1,587;-0,063;1,355;5,366
49,66;759,31;-1,587;-0,063;1,355;5,366
49,67;759,33;-1,587;-0,063;1,355;5,366
49,67;759,36;-1,587;-0,063;1,355;5,366
49,67;759,38;-1,587;-0,063;1,355;5,366
49,67;759,41;-1,588;-0,063;1,355;5,366
49,67;759,43;-1,588;-0,063;1,355;5,366
49,68;759,46;-1,589;-0,063;1,355;5,366
49,68;759,48;-1,589;-0,063;1,355;5,366
49,68;759,51;-1,589;-0,063;1,355;5,366
49,68;759,53;-1,59;-0,063;1,355;5,366
49,68;759,56;-1,59;-0,063;1,355;5,366
49,68;759,58;-1,591;-0,063;1,355;5,366
49,69;759,61;-1,591;-0,063;1,355;5,366
49,69;759,63;-1,592;-0,063;1,355;5,366
49,69;759,66;-1,592;-0,063;1,355;5,365
49,69;759,68;-1,593;-0,063;1,355;5,365
49,69;759,71;-1,594;-0,063;1,355;5,365
49,69;759,73;-1,594;-0,063;1,355;5,365
49,69;759,76;-1,595;-0,063;1,355;5,365
49,7;759,78;-1,595;-0,063;1,355;5,365
49,7;759,81;-1,596;-0,063;1,355;5,365
49,7;759,83;-1,597;-0,063;1,355;5,365
49,7;759,86;-1,597;-0,063;1,355;5,365
49,7;759,88;-1,598;-0,063;1,355;5,365
49,71;759,91;-1,598;-0,063;1,355;5,365
49,71;759,93;-1,599;-0,063;1,355;5,365
49,71;759,96;-1,599;-0,063;1,355;5,365
49,71;759,98;-1,599;-0,063;1,355;5,365
49,71;760,01;-1,6;-0,063;1,355;5,365
49,71;760,03;-1,6;-0,063;1,355;5,365
49,71;760,06;-1,6;-0,063;1,355;5,365
49,72;760,08;-1,601;-0,063;1,355;5,365
49,72;760,11;-1,601;-0,063;1,355;5,365
49,72;760,13;-1,601;-0,063;1,355;5,365
49,72;760,16;-1,602;-0,063;1,355;5,365
49,72;760,18;-1,602;-0,063;1,355;5,365
49,73;760,21;-1,602;-0,063;1,355;5,365
49,73;760,23;-1,602;-0,063;1,355;5,365
49,73;760,26;-1,603;-0,063;1,355;5,365
49,73;760,28;-1,603;-0,063;1,355;5,365
49,73;760,31;-1,603;-0,063;1,355;5,365
49,73;760,33;-1,603;-0,063;1,355;5,365
49,74;760,36;-1,603;-0,063;1,355;5,364
49,74;760,38;-1,604;-0,063;1,355;5,364
49,74;760,41;-1,604;-0,063;1,355;5,364
49,74;760,43;-1,604;-0,063;1,355;5,364
49,74;760,46;-1,604;-0,064;1,355;5,364
49,74;760,48;-1,604;-0,064;1,355;5,364
49,74;760,51;-1,604;-0,064;1,355;5,364
49,75;760,53;-1,605;-0,064;1,355;5,364
49,75;760,56;-1,605;-0,064;1,355;5,364
49,75;760,58;-1,605;-0,064;1,355;5,364
49,75;760,61;-1,606;-0,064;1,355;5,364
49,75;760,63;-1,606;-0,064;1,355;5,364
49,76;760,66;-1,606;-0,064;1,355;5,364
49,76;760,68;-1,606;-0,064;1,355;5,364
49,76;760,71;-1,606;-0,064;1,355;5,364
49,76;760,73;-1,607;-0,064;1,355;5,364
49,76;760,76;-1,607;-0,064;1,355;5,364
49,76;760,78;-1,607;-0,064;1,355;5,364
49,76;760,81;-1,607;-0,064;1,355;5,364
49,77;760,83;-1,607;-0,064;1,355;5,364
49,77;760,86;-1,608;-0,064;1,355;5,364
49,77;760,88;-1,608;-0,064;1,355;5,364
49,77;760,91;-1,608;-0,064;1,355;5,364
49,77;760,93;-1,608;-0,064;1,355;5,364
49,78;760,96;-1,609;-0,064;1,355;5,364
49,78;760,98;-1,609;-0,064;1,355;5,364
49,78;761,01;-1,609;-0,064;1,355;5,364
49,78;761,03;-1,609;-0,064;1,355;5,363
49,78;761,06;-1,609;-0,064;1,355;5,363
49,78;761,08;-1,61;-0,064;1,355;5,363
49,79;761,11;-1,61;-0,064;1,355;5,363
49,79;761,13;-1,61;-0,064;1,355;5,363
49,79;761,16;-1,61;-0,064;1,355;5,363
49,79;761,18;-1,611;-0,064;1,355;5,363
49,79;761,21;-1,611;-0,064;1,355;5,363
49,79;761,23;-1,612;-0,064;1,355;5,363
49,79;761,26;-1,612;-0,064;1,355;5,363
49,8;761,28;-1,613;-0,064;1,355;5,363
49,8;761,31;-1,613;-0,064;1,355;5,363
49,8;761,33;-1,614;-0,064;1,355;5,363
49,8;761,36;-1,614;-0,064;1,355;5,363
49,8;761,38;-1,615;-0,064;1,355;5,363
49,81;761,41;-1,615;-0,064;1,355;5,363
49,81;761,43;-1,616;-0,064;1,355;5,363
49,81;761,46;-1,617;-0,064;1,355;5,363
49,81;761,48;-1,617;-0,064;1,355;5,363
49,81;761,51;-1,618;-0,064;1,355;5,363
49,81;761,53;-1,619;-0,064;1,355;5,363
49,81;761,56;-1,619;-0,064;1,355;5,363
49,82;761,58;-1,62;-0,064;1,355;5,363
49,82;761,61;-1,621;-0,064;1,355;5,363
49,82;761,63;-1,622;-0,064;1,355;5,363
49,82;761,66;-1,622;-0,064;1,355;5,363
49,82;761,68;-1,623;-0,064;1,355;5,363
49,83;761,71;-1,624;-0,064;1,355;5,363
49,83;761,73;-1,625;-0,064;1,354;5,362
49,83;761,76;-1,625;-0,064;1,354;5,362
49,83;761,78;-1,626;-0,064;1,354;5,362
49,83;761,81;-1,627;-0,064;1,354;5,362
49,83;761,83;-1,628;-0,064;1,354;5,362
49,84;761,86;-1,629;-0,064;1,354;5,362
49,84;761,88;-1,629;-0,065;1,354;5,362
49,84;761,91;-1,63;-0,065;1,354;5,362
49,84;761,93;-1,631;-0,065;1,354;5,362
49,84;761,96;-1,632;-0,065;1,354;5,362
49,84;761,98;-1,632;-0,065;1,354;5,362
49,84;762,01;-1,633;-0,065;1,354;5,362
49,85;762,03;-1,634;-0,065;1,354;5,362
49,85;762,06;-1,635;-0,065;1,354;5,362
49,85;762,08;-1,635;-0,065;1,354;5,362
49,85;762,11;-1,636;-0,065;1,354;5,362
49,85;762,13;-1,637;-0,065;1,354;5,362
49,86;762,16;-1,638;-0,065;1,354;5,362
49,86;762,18;-1,639;-0,065;1,354;5,362
49,86;762,21;-1,639;-0,065;1,354;5,362
49,86;762,23;-1,64;-0,065;1,354;5,362
49,86;762,26;-1,641;-0,065;1,354;5,362
49,86;762,28;-1,642;-0,065;1,354;5,362
49,86;762,31;-1,643;-0,065;1,354;5,362
49,87;762,33;-1,643;-0,065;1,354;5,362
49,87;762,36;-1,644;-0,065;1,354;5,362
49,87;762,38;-1,645;-0,065;1,354;5,362
49,87;762,41;-1,646;-0,065;1,354;5,361
49,87;762,43;-1,647;-0,065;1,354;5,361
49,88;762,46;-1,648;-0,065;1,354;5,361
49,88;762,48;-1,649;-0,065;1,354;5,361
49,88;762,51;-1,65;-0,065;1,354;5,361
49,88;762,53;-1,651;-0,065;1,354;5,361
49,88;762,56;-1,652;-0,065;1,354;5,361
49,88;762,58;-1,653;-0,065;1,354;5,361
49,89;762,61;-1,654;-0,065;1,354;5,361
49,89;762,63;-1,655;-0,066;1,354;5,361
49,89;762,66;-1,656;-0,066;1,354;5,361
49,89;762,68;-1,657;-0,066;1,354;5,361
49,89;762,71;-1,658;-0,066;1,354;5,361
49,89;762,73;-1,66;-0,066;1,354;5,361
49,89;762,76;-1,661;-0,066;1,354;5,361
49,9;762,78;-1,662;-0,066;1,354;5,361
49,9;762,81;-1,663;-0,066;1,354;5,361
49,9;762,83;-1,664;-0,066;1,354;5,361
49,9;762,85;-1,666;-0,066;1,354;5,361
49,9;762,88;-1,667;-0,066;1,354;5,361
49,91;762,9;-1,668;-0,066;1,354;5,361
49,91;762,93;-1,669;-0,066;1,354;5,361
49,91;762,95;-1,67;-0,066;1,354;5,361
49,91;762,98;-1,672;-0,066;1,354;5,361
49,91;763;-1,673;-0,066;1,354;5,361
49,91;763,03;-1,674;-0,066;1,354;5,361
49,91;763,05;-1,675;-0,066;1,354;5,361
49,92;763,08;-1,676;-0,066;1,354;5,36
49,92;763,1;-1,677;-0,066;1,354;5,36
49,92;763,13;-1,678;-0,066;1,354;5,36
49,92;763,15;-1,68;-0,066;1,354;5,36
49,92;763,18;-1,681;-0,067;1,354;5,36
49,93;763,2;-1,682;-0,067;1,354;5,36
49,93;763,23;-1,683;-0,067;1,354;5,36
49,93;763,25;-1,684;-0,067;1,354;5,36
49,93;763,28;-1,685;-0,067;1,354;5,36
49,93;763,3;-1,686;-0,067;1,354;5,36
49,93;763,33;-1,687;-0,067;1,354;5,36
49,94;763,35;-1,688;-0,067;1,354;5,36
49,94;763,38;-1,689;-0,067;1,354;5,36
49,94;763,4;-1,691;-0,067;1,354;5,36
49,94;763,43;-1,692;-0,067;1,354;5,36
49,94;763,45;-1,693;-0,067;1,354;5,36
49,94;763,48;-1,694;-0,067;1,354;5,36
49,94;763,5;-1,695;-0,067;1,354;5,36
49,95;763,53;-1,696;-0,067;1,354;5,36
49,95;763,55;-1,697;-0,067;1,354;5,36
49,95;763,58;-1,698;-0,067;1,354;5,36
49,95;763,6;-1,699;-0,067;1,354;5,36
49,95;763,63;-1,7;-0,067;1,354;5,36
49,96;763,65;-1,701;-0,067;1,354;5,36
49,96;763,68;-1,702;-0,067;1,354;5,36
49,96;763,7;-1,703;-0,067;1,354;5,359
49,96;763,73;-1,704;-0,067;1,354;5,359
49,96;763,75;-1,705;-0,068;1,354;5,359
49,96;763,78;-1,706;-0,068;1,354;5,359
49,96;763,8;-1,707;-0,068;1,354;5,359
49,97;763,83;-1,708;-0,068;1,354;5,359
49,97;763,85;-1,709;-0,068;1,354;5,359
49,97;763,88;-1,71;-0,068;1,354;5,359
49,97;763,9;-1,711;-0,068;1,354;5,359
49,97;763,93;-1,711;-0,068;1,354;5,359
49,98;763,95;-1,712;-0,068;1,354;5,359
49,98;763,98;-1,713;-0,068;1,354;5,359
49,98;764;-1,713;-0,068;1,354;5,359
49,98;764,03;-1,714;-0,068;1,354;5,359
49,98;764,05;-1,715;-0,068;1,354;5,359
49,98;764,08;-1,715;-0,068;1,354;5,359
49,99;764,1;-1,716;-0,068;1,354;5,359
49,99;764,13;-1,716;-0,068;1,354;5,359
49,99;764,15;-1,717;-0,068;1,354;5,359
49,99;764,18;-1,717;-0,068;1,354;5,359
49,99;764,2;-1,718;-0,068;1,354;5,359
49,99;764,23;-1,718;-0,068;1,354;5,359
49,99;764,25;-1,719;-0,068;1,354;5,359
50;764,28;-1,72;-0,068;1,354;5,359
50;764,3;-1,72;-0,068;1,354;5,359
50;764,33;-1,721;-0,068;1,353;5,359
50;764,35;-1,722;-0,068;1,353;5,358
50;764,38;-1,722;-0,068;1,353;5,358
50,01;764,4;-1,723;-0,068;1,353;5,358
50,01;764,43;-1,723;-0,068;1,353;5,358
50,01;764,45;-1,724;-0,068;1,353;5,358
50,01;764,48;-1,725;-0,068;1,353;5,358
50,01;764,5;-1,725;-0,068;1,353;5,358
50,01;764,53;-1,726;-0,068;1,353;5,358
50,01;764,55;-1,727;-0,068;1,353;5,358
50,02;764,58;-1,727;-0,068;1,353;5,358
50,02;764,6;-1,728;-0,068;1,353;5,358
50,02;764,63;-1,729;-0,068;1,353;5,358
50,02;764,65;-1,729;-0,068;1,353;5,358
50,02;764,68;-1,73;-0,068;1,353;5,358
50,03;764,7;-1,731;-0,069;1,353;5,358
50,03;764,73;-1,731;-0,069;1,353;5,358
50,03;764,75;-1,732;-0,069;1,353;5,358
50,03;764,78;-1,733;-0,069;1,353;5,358
50,03;764,8;-1,733;-0,069;1,353;5,358
50,03;764,83;-1,734;-0,069;1,353;5,358
50,04;764,85;-1,734;-0,069;1,353;5,358
50,04;764,88;-1,735;-0,069;1,353;5,358
50,04;764,9;-1,736;-0,069;1,353;5,358
50,04;764,93;-1,736;-0,069;1,353;5,358
50,04;764,95;-1,737;-0,069;1,353;5,358
50,04;764,98;-1,738;-0,069;1,353;5,358
50,04;765;-1,738;-0,069;1,353;5,357
50,05;765,03;-1,739;-0,069;1,353;5,357
50,05;765,05;-1,74;-0,069;1,353;5,357
50,05;765,08;-1,741;-0,069;1,353;5,357
50,05;765,1;-1,741;-0,069;1,353;5,357
50,05;765,13;-1,742;-0,069;1,353;5,357
50,06;765,15;-1,743;-0,069;1,353;5,357
50,06;765,18;-1,744;-0,069;1,353;5,357
50,06;765,2;-1,745;-0,069;1,353;5,357
50,06;765,23;-1,746;-0,069;1,353;5,357
50,06;765,25;-1,747;-0,069;1,353;5,357
50,06;765,28;-1,748;-0,069;1,353;5,357
50,06;765,3;-1,749;-0,069;1,353;5,357
50,07;765,33;-1,75;-0,069;1,353;5,357
50,07;765,35;-1,751;-0,069;1,353;5,357
50,07;765,38;-1,752;-0,069;1,353;5,357
50,07;765,4;-1,752;-0,069;1,353;5,357
50,07;765,43;-1,753;-0,069;1,353;5,357
50,08;765,45;-1,754;-0,069;1,353;5,357
50,08;765,48;-1,755;-0,069;1,353;5,357
50,08;765,5;-1,756;-0,07;1,353;5,357
50,08;765,53;-1,757;-0,07;1,353;5,357
50,08;765,55;-1,758;-0,07;1,353;5,357
50,08;765,58;-1,759;-0,07;1,353;5,357
50,09;765,6;-1,761;-0,07;1,353;5,357
50,09;765,63;-1,762;-0,07;1,353;5,357
50,09;765,65;-1,763;-0,07;1,353;5,356
50,09;765,67;-1,764;-0,07;1,353;5,356
50,09;765,7;-1,766;-0,07;1,353;5,356
50,09;765,72;-1,767;-0,07;1,353;5,356
50,09;765,75;-1,768;-0,07;1,353;5,356
50,1;765,77;-1,769;-0,07;1,353;5,356
50,1;765,8;-1,77;-0,07;1,353;5,356
50,1;765,82;-1,771;-0,07;1,353;5,356
50,1;765,85;-1,772;-0,07;1,353;5,356
50,1;765,87;-1,774;-0,07;1,353;5,356
50,11;765,9;-1,775;-0,07;1,353;5,356
50,11;765,92;-1,776;-0,07;1,353;5,356
50,11;765,95;-1,777;-0,07;1,353;5,356
50,11;765,97;-1,779;-0,07;1,353;5,356
50,11;766;-1,78;-0,07;1,353;5,356
50,11;766,02;-1,781;-0,071;1,353;5,356
50,11;766,05;-1,783;-0,071;1,353;5,356
50,12;766,07;-1,784;-0,071;1,353;5,356
50,12;766,1;-1,786;-0,071;1,353;5,356
50,12;766,12;-1,787;-0,071;1,353;5,356
50,12;766,15;-1,788;-0,071;1,353;5,356
50,12;766,17;-1,79;-0,071;1,353;5,356
50,13;766,2;-1,791;-0,071;1,353;5,356
50,13;766,22;-1,793;-0,071;1,353;5,356
50,13;766,25;-1,794;-0,071;1,353;5,356
50,13;766,27;-1,795;-0,071;1,353;5,356
50,13;766,3;-1,797;-0,071;1,353;5,355
50,13;766,32;-1,798;-0,071;1,353;5,355
50,14;766,35;-1,799;-0,071;1,353;5,355
50,14;766,37;-1,8;-0,071;1,353;5,355
50,14;766,4;-1,801;-0,071;1,353;5,355
50,14;766,42;-1,802;-0,071;1,353;5,355
50,14;766,45;-1,803;-0,071;1,353;5,355
50,14;766,47;-1,804;-0,071;1,353;5,355
50,14;766,5;-1,805;-0,071;1,353;5,355
50,15;766,52;-1,807;-0,072;1,353;5,355
50,15;766,55;-1,808;-0,072;1,353;5,355
50,15;766,57;-1,809;-0,072;1,353;5,355
50,15;766,6;-1,81;-0,072;1,353;5,355
50,15;766,62;-1,811;-0,072;1,353;5,355
50,16;766,65;-1,812;-0,072;1,353;5,355
50,16;766,67;-1,813;-0,072;1,353;5,355
50,16;766,7;-1,814;-0,072;1,353;5,355
50,16;766,72;-1,816;-0,072;1,353;5,355
50,16;766,75;-1,817;-0,072;1,353;5,355
50,16;766,77;-1,818;-0,072;1,353;5,355
50,16;766,8;-1,819;-0,072;1,353;5,355
50,17;766,82;-1,819;-0,072;1,353;5,355
50,17;766,85;-1,82;-0,072;1,353;5,355
50,17;766,87;-1,821;-0,072;1,352;5,355
50,17;766,9;-1,822;-0,072;1,352;5,355
50,17;766,92;-1,823;-0,072;1,352;5,354
50,18;766,95;-1,824;-0,072;1,352;5,354
50,18;766,97;-1,824;-0,072;1,352;5,354
50,18;767;-1,825;-0,072;1,352;5,354
50,18;767,02;-1,826;-0,072;1,352;5,354
50,18;767,05;-1,827;-0,072;1,352;5,354
50,18;767,07;-1,828;-0,072;1,352;5,354
50,19;767,1;-1,829;-0,072;1,352;5,354
50,19;767,12;-1,83;-0,072;1,352;5,354
50,19;767,15;-1,831;-0,072;1,352;5,354
50,19;767,17;-1,831;-0,073;1,352;5,354
50,19;767,2;-1,832;-0,073;1,352;5,354
50,19;767,22;-1,833;-0,073;1,352;5,354
50,19;767,25;-1,834;-0,073;1,352;5,354
50,2;767,27;-1,834;-0,073;1,352;5,354
50,2;767,3;-1,835;-0,073;1,352;5,354
50,2;767,32;-1,835;-0,073;1,352;5,354
50,2;767,35;-1,836;-0,073;1,352;5,354
50,2;767,37;-1,836;-0,073;1,352;5,354
50,21;767,4;-1,837;-0,073;1,352;5,354
50,21;767,42;-1,838;-0,073;1,352;5,354
50,21;767,45;-1,839;-0,073;1,352;5,354
50,21;767,47;-1,839;-0,073;1,352;5,354
50,21;767,5;-1,84;-0,073;1,352;5,354
50,21;767,52;-1,841;-0,073;1,352;5,353
50,21;767,55;-1,842;-0,073;1,352;5,353
50,22;767,57;-1,843;-0,073;1,352;5,353
50,22;767,6;-1,843;-0,073;1,352;5,353
50,22;767,62;-1,844;-0,073;1,352;5,353
50,22;767,65;-1,845;-0,073;1,352;5,353
50,22;767,67;-1,846;-0,073;1,352;5,353
50,23;767,7;-1,847;-0,073;1,352;5,353
50,23;767,72;-1,848;-0,073;1,352;5,353
50,23;767,75;-1,849;-0,073;1,352;5,353
50,23;767,77;-1,849;-0,073;1,352;5,353
50,23;767,8;-1,85;-0,073;1,352;5,353
50,23;767,82;-1,852;-0,073;1,352;5,353
50,24;767,85;-1,853;-0,073;1,352;5,353
50,24;767,87;-1,854;-0,073;1,352;5,353
50,24;767,9;-1,855;-0,073;1,352;5,353
50,24;767,92;-1,856;-0,073;1,352;5,353
50,24;767,95;-1,857;-0,074;1,352;5,353
50,24;767,97;-1,858;-0,074;1,352;5,353
50,24;768;-1,859;-0,074;1,352;5,353
50,25;768,02;-1,86;-0,074;1,352;5,353
50,25;768,05;-1,862;-0,074;1,352;5,353
50,25;768,07;-1,863;-0,074;1,352;5,353
50,25;768,1;-1,864;-0,074;1,352;5,353
50,25;768,12;-1,865;-0,074;1,352;5,352
50,26;768,15;-1,866;-0,074;1,352;5,352
50,26;768,17;-1,867;-0,074;1,352;5,352
50,26;768,2;-1,868;-0,074;1,352;5,352
50,26;768,22;-1,869;-0,074;1,352;5,352
50,26;768,25;-1,87;-0,074;1,352;5,352
50,26;768,27;-1,871;-0,074;1,352;5,352
50,26;768,3;-1,872;-0,074;1,352;5,352
50,27;768,32;-1,873;-0,074;1,352;5,352
50,27;768,35;-1,874;-0,074;1,352;5,352
50,27;768,37;-1,875;-0,074;1,352;5,352
50,27;768,4;-1,876;-0,074;1,352;5,352
50,27;768,42;-1,877;-0,074;1,352;5,352
50,28;768,45;-1,878;-0,074;1,352;5,352
50,28;768,47;-1,879;-0,074;1,352;5,352
50,28;768,5;-1,88;-0,074;1,352;5,352
50,28;768,52;-1,881;-0,074;1,352;5,352
50,28;768,55;-1,882;-0,075;1,352;5,352
50,28;768,57;-1,884;-0,075;1,352;5,352
50,29;768,59;-1,885;-0,075;1,352;5,352
50,29;768,62;-1,886;-0,075;1,352;5,352
50,29;768,64;-1,887;-0,075;1,352;5,352
50,29;768,67;-1,888;-0,075;1,352;5,352
50,29;768,69;-1,889;-0,075;1,352;5,352
50,29;768,72;-1,89;-0,075;1,352;5,351
50,29;768,74;-1,891;-0,075;1,352;5,351
50,3;768,77;-1,892;-0,075;1,352;5,351
50,3;768,79;-1,893;-0,075;1,352;5,351
50,3;768,82;-1,894;-0,075;1,352;5,351
50,3;768,84;-1,896;-0,075;1,352;5,351
50,3;768,87;-1,897;-0,075;1,352;5,351
50,31;768,89;-1,898;-0,075;1,352;5,351
50,31;768,92;-1,899;-0,075;1,352;5,351
50,31;768,94;-1,9;-0,075;1,352;5,351
50,31;768,97;-1,901;-0,075;1,352;5,351
50,31;768,99;-1,903;-0,075;1,352;5,351
50,31;769,02;-1,904;-0,075;1,352;5,351
50,31;769,04;-1,905;-0,075;1,352;5,351
50,32;769,07;-1,906;-0,075;1,352;5,351
50,32;769,09;-1,907;-0,075;1,352;5,351
50,32;769,12;-1,908;-0,076;1,352;5,351
50,32;769,14;-1,909;-0,076;1,352;5,351
50,32;769,17;-1,91;-0,076;1,352;5,351
50,33;769,19;-1,911;-0,076;1,352;5,351
50,33;769,22;-1,913;-0,076;1,351;5,351
50,33;769,24;-1,914;-0,076;1,351;5,351
50,33;769,27;-1,915;-0,076;1,351;5,351
50,33;769,29;-1,916;-0,076;1,351;5,35
50,33;769,32;-1,917;-0,076;1,351;5,35
50,34;769,34;-1,919;-0,076;1,351;5,35
50,34;769,37;-1,92;-0,076;1,351;5,35
50,34;769,39;-1,921;-0,076;1,351;5,35
50,34;769,42;-1,923;-0,076;1,351;5,35
50,34;769,44;-1,924;-0,076;1,351;5,35
50,34;769,47;-1,926;-0,076;1,351;5,35
50,34;769,49;-1,927;-0,076;1,351;5,35
50,35;769,52;-1,928;-0,076;1,351;5,35
50,35;769,54;-1,93;-0,076;1,351;5,35
50,35;769,57;-1,931;-0,076;1,351;5,35
50,35;769,59;-1,933;-0,077;1,351;5,35
50,35;769,62;-1,934;-0,077;1,351;5,35
50,36;769,64;-1,936;-0,077;1,351;5,35
50,36;769,67;-1,937;-0,077;1,351;5,35
50,36;769,69;-1,939;-0,077;1,351;5,35
50,36;769,72;-1,94;-0,077;1,351;5,35
50,36;769,74;-1,942;-0,077;1,351;5,35
50,36;769,77;-1,943;-0,077;1,351;5,35
50,36;769,79;-1,945;-0,077;1,351;5,35
50,37;769,82;-1,946;-0,077;1,351;5,35
50,37;769,84;-1,948;-0,077;1,351;5,35
50,37;769,87;-1,95;-0,077;1,351;5,35
50,37;769,89;-1,951;-0,077;1,351;5,349
50,37;769,92;-1,953;-0,077;1,351;5,349
50,38;769,94;-1,954;-0,077;1,351;5,349
50,38;769,97;-1,955;-0,077;1,351;5,349
50,38;769,99;-1,957;-0,077;1,351;5,349
50,38;770,02;-1,958;-0,078;1,351;5,349
50,38;770,04;-1,96;-0,078;1,351;5,349
50,38;770,07;-1,962;-0,078;1,351;5,349
50,39;770,09;-1,964;-0,078;1,351;5,349
50,39;770,12;-1,966;-0,078;1,351;5,349
50,39;770,14;-1,967;-0,078;1,351;5,349
50,39;770,17;-1,969;-0,078;1,351;5,349
50,39;770,19;-1,971;-0,078;1,351;5,349
50,39;770,22;-1,973;-0,078;1,351;5,349
50,39;770,24;-1,975;-0,078;1,351;5,349
50,4;770,27;-1,976;-0,078;1,351;5,349
50,4;770,29;-1,978;-0,078;1,351;5,349
50,4;770,32;-1,98;-0,078;1,351;5,349
50,4;770,34;-1,981;-0,078;1,351;5,349
50,4;770,37;-1,983;-0,079;1,351;5,349
50,41;770,39;-1,985;-0,079;1,351;5,349
50,41;770,42;-1,986;-0,079;1,351;5,349
50,41;770,44;-1,988;-0,079;1,351;5,349
50,41;770,47;-1,99;-0,079;1,351;5,348
50,41;770,49;-1,991;-0,079;1,351;5,348
50,41;770,52;-1,993;-0,079;1,351;5,348
50,41;770,54;-1,995;-0,079;1,351;5,348
50,42;770,57;-1,996;-0,079;1,351;5,348
50,42;770,59;-1,998;-0,079;1,351;5,348
50,42;770,62;-1,999;-0,079;1,351;5,348
50,42;770,64;-2,001;-0,079;1,351;5,348
50,42;770,67;-2,002;-0,079;1,351;5,348
50,43;770,69;-2,003;-0,079;1,351;5,348
50,43;770,72;-2,005;-0,079;1,351;5,348
50,43;770,74;-2,006;-0,079;1,351;5,348
50,43;770,77;-2,008;-0,079;1,351;5,348
50,43;770,79;-2,009;-0,08;1,351;5,348
50,43;770,82;-2,011;-0,08;1,351;5,348
50,44;770,84;-2,012;-0,08;1,351;5,348
50,44;770,87;-2,014;-0,08;1,351;5,348
50,44;770,89;-2,015;-0,08;1,351;5,348
50,44;770,92;-2,017;-0,08;1,351;5,348
50,44;770,94;-2,019;-0,08;1,351;5,348
50,44;770,97;-2,02;-0,08;1,351;5,348
50,44;770,99;-2,022;-0,08;1,351;5,348
50,45;771,02;-2,023;-0,08;1,351;5,348
50,45;771,04;-2,025;-0,08;1,351;5,347
50,45;771,07;-2,026;-0,08;1,351;5,347
50,45;771,09;-2,027;-0,08;1,351;5,347
50,45;771,12;-2,029;-0,08;1,351;5,347
50,46;771,14;-2,03;-0,08;1,351;5,347
50,46;771,17;-2,032;-0,08;1,351;5,347
50,46;771,19;-2,033;-0,08;1,351;5,347
50,46;771,22;-2,035;-0,081;1,351;5,347
50,46;771,24;-2,036;-0,081;1,351;5,347
50,46;771,27;-2,038;-0,081;1,351;5,347
50,46;771,29;-2,039;-0,081;1,351;5,347
50,47;771,32;-2,041;-0,081;1,351;5,347
50,47;771,34;-2,042;-0,081;1,351;5,347
50,47;771,37;-2,043;-0,081;1,351;5,347
50,47;771,39;-2,045;-0,081;1,351;5,347
50,47;771,41;-2,046;-0,081;1,351;5,347
50,48;771,44;-2,047;-0,081;1,351;5,347
50,48;771,47;-2,049;-0,081;1,351;5,347
50,48;771,49;-2,05;-0,081;1,351;5,347
50,48;771,52;-2,051;-0,081;1,35;5,347
50,48;771,54;-2,053;-0,081;1,35;5,347
50,48;771,57;-2,054;-0,081;1,35;5,347
50,49;771,59;-2,055;-0,081;1,35;5,346
50,49;771,61;-2,057;-0,081;1,35;5,346
50,49;771,64;-2,058;-0,081;1,35;5,346
50,49;771,66;-2,059;-0,082;1,35;5,346
50,49;771,69;-2,061;-0,082;1,35;5,346
50,49;771,71;-2,062;-0,082;1,35;5,346
50,49;771,74;-2,063;-0,082;1,35;5,346
50,5;771,76;-2,064;-0,082;1,35;5,346
50,5;771,79;-2,066;-0,082;1,35;5,346
50,5;771,81;-2,067;-0,082;1,35;5,346
50,5;771,84;-2,068;-0,082;1,35;5,346
50,5;771,86;-2,069;-0,082;1,35;5,346
50,51;771,89;-2,071;-0,082;1,35;5,346
50,51;771,91;-2,072;-0,082;1,35;5,346
50,51;771,94;-2,073;-0,082;1,35;5,346
50,51;771,96;-2,075;-0,082;1,35;5,346
50,51;771,99;-2,076;-0,082;1,35;5,346
50,51;772,01;-2,077;-0,082;1,35;5,346
50,51;772,04;-2,078;-0,082;1,35;5,346
50,52;772,06;-2,079;-0,082;1,35;5,346
50,52;772,09;-2,08;-0,082;1,35;5,346
50,52;772,11;-2,082;-0,082;1,35;5,346
50,52;772,14;-2,083;-0,082;1,35;5,346
50,52;772,16;-2,084;-0,083;1,35;5,345
50,53;772,19;-2,085;-0,083;1,35;5,345
50,53;772,21;-2,086;-0,083;1,35;5,345
50,53;772,24;-2,088;-0,083;1,35;5,345
50,53;772,26;-2,089;-0,083;1,35;5,345
50,53;772,29;-2,09;-0,083;1,35;5,345
50,53;772,31;-2,091;-0,083;1,35;5,345
50,54;772,34;-2,093;-0,083;1,35;5,345
50,54;772,36;-2,094;-0,083;1,35;5,345
50,54;772,39;-2,095;-0,083;1,35;5,345
50,54;772,41;-2,096;-0,083;1,35;5,345
50,54;772,44;-2,097;-0,083;1,35;5,345
50,54;772,46;-2,099;-0,083;1,35;5,345
50,54;772,49;-2,099;-0,083;1,35;5,345
50,55;772,51;-2,1;-0,083;1,35;5,345
50,55;772,54;-2,101;-0,083;1,35;5,345
50,55;772,56;-2,102;-0,083;1,35;5,345
50,55;772,59;-2,103;-0,083;1,35;5,345
50,55;772,61;-2,104;-0,083;1,35;5,345
50,56;772,64;-2,105;-0,083;1,35;5,345
50,56;772,66;-2,106;-0,083;1,35;5,345
50,56;772,69;-2,107;-0,083;1,35;5,345
50,56;772,71;-2,108;-0,083;1,35;5,345
50,56;772,74;-2,109;-0,083;1,35;5,344
50,56;772,76;-2,109;-0,084;1,35;5,344
50,56;772,79;-2,11;-0,084;1,35;5,344
50,57;772,81;-2,111;-0,084;1,35;5,344
50,57;772,84;-2,112;-0,084;1,35;5,344
50,57;772,86;-2,113;-0,084;1,35;5,344
50,57;772,89;-2,114;-0,084;1,35;5,344
50,57;772,91;-2,115;-0,084;1,35;5,344
50,58;772,94;-2,116;-0,084;1,35;5,344
50,58;772,96;-2,117;-0,084;1,35;5,344
50,58;772,99;-2,118;-0,084;1,35;5,344
50,58;773,01;-2,119;-0,084;1,35;5,344
50,58;773,04;-2,12;-0,084;1,35;5,344
50,58;773,06;-2,121;-0,084;1,35;5,344
50,59;773,09;-2,122;-0,084;1,35;5,344
50,59;773,11;-2,123;-0,084;1,35;5,344
50,59;773,14;-2,124;-0,084;1,35;5,344
50,59;773,16;-2,125;-0,084;1,35;5,344
50,59;773,19;-2,126;-0,084;1,35;5,344
50,59;773,21;-2,127;-0,084;1,35;5,344
50,59;773,24;-2,128;-0,084;1,35;5,344
50,6;773,26;-2,129;-0,084;1,35;5,344
50,6;773,29;-2,13;-0,084;1,35;5,343
50,6;773,31;-2,132;-0,084;1,35;5,343
50,6;773,34;-2,133;-0,084;1,35;5,343
50,6;773,36;-2,134;-0,084;1,35;5,343
50,61;773,39;-2,135;-0,085;1,35;5,343
50,61;773,41;-2,136;-0,085;1,35;5,343
50,61;773,44;-2,137;-0,085;1,35;5,343
50,61;773,46;-2,138;-0,085;1,35;5,343
50,61;773,49;-2,14;-0,085;1,35;5,343
50,61;773,51;-2,141;-0,085;1,35;5,343
50,61;773,54;-2,142;-0,085;1,35;5,343
50,62;773,56;-2,143;-0,085;1,35;5,343
50,62;773,59;-2,144;-0,085;1,35;5,343
50,62;773,61;-2,146;-0,085;1,35;5,343
50,62;773,64;-2,147;-0,085;1,35;5,343
50,62;773,66;-2,148;-0,085;1,35;5,343
50,63;773,69;-2,149;-0,085;1,35;5,343
50,63;773,71;-2,151;-0,085;1,349;5,343
50,63;773,74;-2,152;-0,085;1,349;5,343
50,63;773,76;-2,153;-0,085;1,349;5,343
50,63;773,79;-2,154;-0,085;1,349;5,343
50,63;773,81;-2,156;-0,085;1,349;5,342
50,64;773,84;-2,157;-0,085;1,349;5,342
50,64;773,86;-2,158;-0,085;1,349;5,342
50,64;773,89;-2,159;-0,085;1,349;5,342
50,64;773,91;-2,16;-0,086;1,349;5,342
50,64;773,94;-2,161;-0,086;1,349;5,342
50,64;773,96;-2,163;-0,086;1,349;5,342
50,64;773,99;-2,164;-0,086;1,349;5,342
50,65;774,01;-2,165;-0,086;1,349;5,342
50,65;774,04;-2,166;-0,086;1,349;5,342
50,65;774,06;-2,168;-0,086;1,349;5,342
50,65;774,09;-2,169;-0,086;1,349;5,342
50,65;774,11;-2,17;-0,086;1,349;5,342
50,66;774,14;-2,171;-0,086;1,349;5,342
50,66;774,16;-2,173;-0,086;1,349;5,342
50,66;774,19;-2,174;-0,086;1,349;5,342
50,66;774,21;-2,175;-0,086;1,349;5,342
50,66;774,24;-2,176;-0,086;1,349;5,342
50,66;774,26;-2,177;-0,086;1,349;5,342
50,66;774,29;-2,178;-0,086;1,349;5,342
50,67;774,31;-2,18;-0,086;1,349;5,342
50,67;774,34;-2,181;-0,086;1,349;5,342
50,67;774,36;-2,182;-0,086;1,349;5,341
50,67;774,39;-2,184;-0,086;1,349;5,341
50,67;774,41;-2,185;-0,086;1,349;5,341
50,68;774,44;-2,186;-0,087;1,349;5,341
50,68;774,46;-2,188;-0,087;1,349;5,341
50,68;774,49;-2,189;-0,087;1,349;5,341
50,68;774,51;-2,19;-0,087;1,349;5,341
50,68;774,54;-2,192;-0,087;1,349;5,341
50,68;774,56;-2,193;-0,087;1,349;5,341
50,69;774,59;-2,194;-0,087;1,349;5,341
50,69;774,61;-2,195;-0,087;1,349;5,341
50,69;774,64;-2,197;-0,087;1,349;5,341
50,69;774,66;-2,198;-0,087;1,349;5,341
50,69;774,69;-2,199;-0,087;1,349;5,341
50,69;774,71;-2,2;-0,087;1,349;5,341
50,69;774,74;-2,202;-0,087;1,349;5,341
50,7;774,76;-2,203;-0,087;1,349;5,341
50,7;774,78;-2,204;-0,087;1,349;5,341
50,7;774,81;-2,205;-0,087;1,349;5,341
50,7;774,83;-2,207;-0,087;1,349;5,341
50,7;774,86;-2,208;-0,087;1,349;5,341
50,71;774,88;-2,209;-0,087;1,349;5,341
50,71;774,91;-2,211;-0,088;1,349;5,34
50,71;774,93;-2,212;-0,088;1,349;5,34
50,71;774,96;-2,214;-0,088;1,349;5,34
50,71;774,98;-2,215;-0,088;1,349;5,34
50,71;775,01;-2,216;-0,088;1,349;5,34
50,71;775,03;-2,218;-0,088;1,349;5,34
50,72;775,06;-2,219;-0,088;1,349;5,34
50,72;775,08;-2,221;-0,088;1,349;5,34
50,72;775,11;-2,222;-0,088;1,349;5,34
50,72;775,13;-2,224;-0,088;1,349;5,34
50,72;775,16;-2,225;-0,088;1,349;5,34
50,73;775,18;-2,227;-0,088;1,349;5,34
50,73;775,21;-2,228;-0,088;1,349;5,34
50,73;775,23;-2,23;-0,088;1,349;5,34
50,73;775,26;-2,231;-0,088;1,349;5,34
50,73;775,28;-2,232;-0,088;1,349;5,34
50,73;775,31;-2,234;-0,088;1,349;5,34
50,74;775,33;-2,235;-0,088;1,349;5,34
50,74;775,36;-2,236;-0,089;1,349;5,34
50,74;775,38;-2,238;-0,089;1,349;5,34
50,74;775,41;-2,239;-0,089;1,349;5,34
50,74;775,43;-2,24;-0,089;1,349;5,34
50,74;775,46;-2,242;-0,089;1,349;5,339
50,74;775,48;-2,243;-0,089;1,349;5,339
50,75;775,51;-2,244;-0,089;1,349;5,339
50,75;775,53;-2,246;-0,089;1,349;5,339
50,75;775,56;-2,247;-0,089;1,349;5,339
50,75;775,58;-2,249;-0,089;1,349;5,339
50,75;775,61;-2,25;-0,089;1,349;5,339
50,76;775,63;-2,251;-0,089;1,349;5,339
50,76;775,66;-2,252;-0,089;1,349;5,339
50,76;775,68;-2,253;-0,089;1,349;5,339
50,76;775,71;-2,255;-0,089;1,349;5,339
50,76;775,73;-2,256;-0,089;1,349;5,339
50,76;775,76;-2,257;-0,089;1,349;5,339
50,76;775,78;-2,258;-0,089;1,349;5,339
50,77;775,81;-2,259;-0,089;1,349;5,339
50,77;775,83;-2,261;-0,089;1,349;5,339
50,77;775,86;-2,262;-0,09;1,348;5,339
50,77;775,88;-2,263;-0,09;1,348;5,339
50,77;775,91;-2,264;-0,09;1,348;5,339
50,78;775,93;-2,265;-0,09;1,348;5,339
50,78;775,96;-2,267;-0,09;1,348;5,339
50,78;775,98;-2,268;-0,09;1,348;5,338
50,78;776,01;-2,269;-0,09;1,348;5,338
50,78;776,03;-2,27;-0,09;1,348;5,338
50,78;776,06;-2,272;-0,09;1,348;5,338
50,79;776,08;-2,273;-0,09;1,348;5,338
50,79;776,11;-2,274;-0,09;1,348;5,338
50,79;776,13;-2,275;-0,09;1,348;5,338
50,79;776,16;-2,276;-0,09;1,348;5,338
50,79;776,18;-2,278;-0,09;1,348;5,338
50,79;776,21;-2,279;-0,09;1,348;5,338
50,79;776,23;-2,281;-0,09;1,348;5,338
50,8;776,26;-2,282;-0,09;1,348;5,338
50,8;776,28;-2,283;-0,09;1,348;5,338
50,8;776,31;-2,285;-0,09;1,348;5,338
50,8;776,33;-2,286;-0,091;1,348;5,338
50,8;776,36;-2,288;-0,091;1,348;5,338
50,81;776,38;-2,289;-0,091;1,348;5,338
50,81;776,41;-2,291;-0,091;1,348;5,338
50,81;776,43;-2,292;-0,091;1,348;5,338
50,81;776,46;-2,294;-0,091;1,348;5,338
50,81;776,48;-2,296;-0,091;1,348;5,338
50,81;776,51;-2,297;-0,091;1,348;5,338
50,81;776,53;-2,299;-0,091;1,348;5,337
50,82;776,56;-2,3;-0,091;1,348;5,337
50,82;776,58;-2,302;-0,091;1,348;5,337
50,82;776,61;-2,304;-0,091;1,348;5,337
50,82;776,63;-2,305;-0,091;1,348;5,337
50,82;776,66;-2,307;-0,091;1,348;5,337
50,83;776,68;-2,309;-0,091;1,348;5,337
50,83;776,71;-2,31;-0,091;1,348;5,337
50,83;776,73;-2,312;-0,092;1,348;5,337
50,83;776,76;-2,314;-0,092;1,348;5,337
50,83;776,78;-2,315;-0,092;1,348;5,337
50,83;776,81;-2,317;-0,092;1,348;5,337
50,84;776,83;-2,318;-0,092;1,348;5,337
50,84;776,85;-2,32;-0,092;1,348;5,337
50,84;776,88;-2,322;-0,092;1,348;5,337
50,84;776,9;-2,324;-0,092;1,348;5,337
50,84;776,93;-2,326;-0,092;1,348;5,337
50,84;776,95;-2,328;-0,092;1,348;5,337
50,84;776,98;-2,33;-0,092;1,348;5,337
50,85;777;-2,331;-0,092;1,348;5,337
50,85;777,03;-2,333;-0,092;1,348;5,336
50,85;777,05;-2,335;-0,092;1,348;5,336
50,85;777,08;-2,337;-0,093;1,348;5,336
50,85;777,1;-2,339;-0,093;1,348;5,336
50,86;777,13;-2,34;-0,093;1,348;5,336
50,86;777,15;-2,342;-0,093;1,348;5,336
50,86;777,18;-2,344;-0,093;1,348;5,336
50,86;777,2;-2,346;-0,093;1,348;5,336
50,86;777,23;-2,348;-0,093;1,348;5,336
50,86;777,25;-2,35;-0,093;1,348;5,336
50,86;777,28;-2,352;-0,093;1,348;5,336
50,87;777,3;-2,354;-0,093;1,348;5,336
50,87;777,33;-2,356;-0,093;1,348;5,336
50,87;777,35;-2,358;-0,093;1,348;5,336
50,87;777,38;-2,359;-0,093;1,348;5,336
50,87;777,4;-2,361;-0,093;1,348;5,336
50,88;777,43;-2,363;-0,094;1,348;5,336
50,88;777,45;-2,365;-0,094;1,348;5,336
50,88;777,48;-2,366;-0,094;1,348;5,336
50,88;777,5;-2,368;-0,094;1,348;5,336
50,88;777,53;-2,37;-0,094;1,348;5,336
50,88;777,55;-2,372;-0,094;1,348;5,335
50,89;777,58;-2,373;-0,094;1,348;5,335
50,89;777,6;-2,375;-0,094;1,348;5,335
50,89;777,63;-2,377;-0,094;1,348;5,335
50,89;777,65;-2,378;-0,094;1,348;5,335
50,89;777,68;-2,38;-0,094;1,348;5,335
50,89;777,7;-2,382;-0,094;1,348;5,335
50,89;777,73;-2,383;-0,094;1,348;5,335
50,9;777,75;-2,385;-0,094;1,348;5,335
50,9;777,78;-2,387;-0,094;1,348;5,335
50,9;777,8;-2,388;-0,095;1,348;5,335
50,9;777,83;-2,39;-0,095;1,348;5,335
50,9;777,85;-2,391;-0,095;1,348;5,335
50,91;777,88;-2,393;-0,095;1,348;5,335
50,91;777,9;-2,395;-0,095;1,347;5,335
50,91;777,93;-2,396;-0,095;1,347;5,335
50,91;777,95;-2,398;-0,095;1,347;5,335
50,91;777,98;-2,4;-0,095;1,347;5,335
50,91;778;-2,401;-0,095;1,347;5,335
50,91;778,03;-2,403;-0,095;1,347;5,335
50,92;778,05;-2,405;-0,095;1,347;5,334
50,92;778,08;-2,406;-0,095;1,347;5,334
50,92;778,1;-2,407;-0,095;1,347;5,334
50,92;778,13;-2,409;-0,095;1,347;5,334
50,92;778,15;-2,41;-0,095;1,347;5,334
50,93;778,18;-2,412;-0,095;1,347;5,334
50,93;778,2;-2,413;-0,096;1,347;5,334
50,93;778,23;-2,414;-0,096;1,347;5,334
50,93;778,25;-2,416;-0,096;1,347;5,334
50,93;778,28;-2,417;-0,096;1,347;5,334
50,93;778,3;-2,418;-0,096;1,347;5,334
50,94;778,33;-2,42;-0,096;1,347;5,334
50,94;778,35;-2,421;-0,096;1,347;5,334
50,94;778,38;-2,423;-0,096;1,347;5,334
50,94;778,4;-2,424;-0,096;1,347;5,334
50,94;778,43;-2,426;-0,096;1,347;5,334
50,94;778,45;-2,427;-0,096;1,347;5,334
50,94;778,48;-2,428;-0,096;1,347;5,334
50,95;778,5;-2,429;-0,096;1,347;5,334
50,95;778,53;-2,431;-0,096;1,347;5,334
50,95;778,55;-2,432;-0,096;1,347;5,334
50,95;778,58;-2,434;-0,096;1,347;5,333
50,95;778,6;-2,435;-0,096;1,347;5,333
50,96;778,63;-2,437;-0,096;1,347;5,333
50,96;778,65;-2,438;-0,097;1,347;5,333
50,96;778,68;-2,44;-0,097;1,347;5,333
50,96;778,7;-2,441;-0,097;1,347;5,333
50,96;778,73;-2,442;-0,097;1,347;5,333
50,96;778,75;-2,444;-0,097;1,347;5,333
50,96;778,78;-2,445;-0,097;1,347;5,333
50,97;778,8;-2,446;-0,097;1,347;5,333
50,97;778,83;-2,447;-0,097;1,347;5,333
50,97;778,85;-2,449;-0,097;1,347;5,333
50,97;778,88;-2,45;-0,097;1,347;5,333
50,97;778,9;-2,451;-0,097;1,347;5,333
50,98;778,93;-2,453;-0,097;1,347;5,333
50,98;778,95;-2,454;-0,097;1,347;5,333
50,98;778,98;-2,455;-0,097;1,347;5,333
50,98;779;-2,456;-0,097;1,347;5,333
50,98;779,03;-2,458;-0,097;1,347;5,333
50,98;779,05;-2,459;-0,097;1,347;5,333
50,99;779,08;-2,461;-0,097;1,347;5,333
50,99;779,1;-2,462;-0,097;1,347;5,332
50,99;779,13;-2,463;-0,098;1,347;5,332
50,99;779,15;-2,465;-0,098;1,347;5,332
50,99;779,18;-2,466;-0,098;1,347;5,332
50,99;779,2;-2,468;-0,098;1,347;5,332
50,99;779,23;-2,469;-0,098;1,347;5,332
51;779,25;-2,471;-0,098;1,347;5,332
51;779,28;-2,472;-0,098;1,347;5,332
51;779,3;-2,474;-0,098;1,347;5,332
51;779,33;-2,475;-0,098;1,347;5,332
51;779,35;-2,477;-0,098;1,347;5,332
51,01;779,38;-2,478;-0,098;1,347;5,332
51,01;779,4;-2,48;-0,098;1,347;5,332
51,01;779,42;-2,482;-0,098;1,347;5,332
51,01;779,45;-2,483;-0,098;1,347;5,332
51,01;779,47;-2,485;-0,098;1,347;5,332
51,01;779,5;-2,486;-0,098;1,347;5,332
51,01;779,52;-2,488;-0,098;1,347;5,332
51,02;779,55;-2,489;-0,099;1,347;5,332
51,02;779,57;-2,491;-0,099;1,347;5,332
51,02;779,6;-2,493;-0,099;1,347;5,331
51,02;779,62;-2,494;-0,099;1,347;5,331
51,02;779,65;-2,496;-0,099;1,347;5,331
51,03;779,67;-2,497;-0,099;1,347;5,331
51,03;779,7;-2,499;-0,099;1,347;5,331
51,03;779,72;-2,5;-0,099;1,347;5,331
51,03;779,75;-2,501;-0,099;1,347;5,331
51,03;779,77;-2,503;-0,099;1,347;5,331
51,03;779,8;-2,504;-0,099;1,347;5,331
51,04;779,82;-2,505;-0,099;1,347;5,331
51,04;779,85;-2,506;-0,099;1,347;5,331
51,04;779,87;-2,507;-0,099;1,347;5,331
51,04;779,9;-2,508;-0,099;1,347;5,331
51,04;779,92;-2,509;-0,099;1,347;5,331
51,04;779,95;-2,511;-0,099;1,346;5,331
51,04;779,97;-2,512;-0,099;1,346;5,331
51,05;780;-2,513;-0,099;1,346;5,331
51,05;780,02;-2,514;-0,1;1,346;5,331
51,05;780,05;-2,515;-0,1;1,346;5,331
51,05;780,07;-2,516;-0,1;1,346;5,331
51,05;780,1;-2,517;-0,1;1,346;5,33
51,06;780,12;-2,518;-0,1;1,346;5,33
51,06;780,15;-2,519;-0,1;1,346;5,33
51,06;780,17;-2,52;-0,1;1,346;5,33
51,06;780,2;-2,522;-0,1;1,346;5,33
51,06;780,22;-2,523;-0,1;1,346;5,33
51,06;780,25;-2,524;-0,1;1,346;5,33
51,06;780,27;-2,526;-0,1;1,346;5,33
51,07;780,3;-2,528;-0,1;1,346;5,33
51,07;780,32;-2,53;-0,1;1,346;5,33
51,07;780,35;-2,532;-0,1;1,346;5,33
51,07;780,37;-2,534;-0,1;1,346;5,33
51,07;780,4;-2,536;-0,1;1,346;5,33
51,08;780,42;-2,539;-0,101;1,346;5,33
51,08;780,45;-2,541;-0,101;1,346;5,33
51,08;780,47;-2,543;-0,101;1,346;5,33
51,08;780,5;-2,545;-0,101;1,346;5,33
51,08;780,52;-2,546;-0,101;1,346;5,33
51,08;780,55;-2,548;-0,101;1,346;5,33
51,09;780,57;-2,55;-0,101;1,346;5,33
51,09;780,6;-2,552;-0,101;1,346;5,329
51,09;780,62;-2,554;-0,101;1,346;5,329
51,09;780,65;-2,556;-0,101;1,346;5,329
51,09;780,67;-2,558;-0,101;1,346;5,329
51,09;780,7;-2,56;-0,101;1,346;5,329
51,09;780,72;-2,562;-0,101;1,346;5,329
51,1;780,75;-2,564;-0,102;1,346;5,329
51,1;780,77;-2,566;-0,102;1,346;5,329
51,1;780,8;-2,567;-0,102;1,346;5,329
51,1;780,82;-2,569;-0,102;1,346;5,329
51,1;780,85;-2,571;-0,102;1,346;5,329
51,11;780,87;-2,573;-0,102;1,346;5,329
51,11;780,9;-2,575;-0,102;1,346;5,329
51,11;780,92;-2,577;-0,102;1,346;5,329
51,11;780,95;-2,579;-0,102;1,346;5,329
51,11;780,97;-2,581;-0,102;1,346;5,329
51,11;781;-2,582;-0,102;1,346;5,329
51,11;781,02;-2,584;-0,102;1,346;5,329
51,12;781,05;-2,586;-0,102;1,346;5,329
51,12;781,07;-2,588;-0,102;1,346;5,328
51,12;781,1;-2,59;-0,103;1,346;5,328
51,12;781,12;-2,593;-0,103;1,346;5,328
51,12;781,15;-2,595;-0,103;1,346;5,328
51,13;781,17;-2,597;-0,103;1,346;5,328
51,13;781,2;-2,599;-0,103;1,346;5,328
51,13;781,22;-2,601;-0,103;1,346;5,328
51,13;781,25;-2,603;-0,103;1,346;5,328
51,13;781,27;-2,605;-0,103;1,346;5,328
51,13;781,3;-2,608;-0,103;1,346;5,328
51,14;781,32;-2,61;-0,103;1,346;5,328
51,14;781,35;-2,612;-0,103;1,346;5,328
51,14;781,37;-2,614;-0,103;1,346;5,328
51,14;781,4;-2,616;-0,104;1,346;5,328
51,14;781,42;-2,618;-0,104;1,346;5,328
51,14;781,44;-2,62;-0,104;1,346;5,328
51,14;781,47;-2,622;-0,104;1,346;5,328
51,15;781,49;-2,624;-0,104;1,346;5,328
51,15;781,52;-2,625;-0,104;1,346;5,327
51,15;781,54;-2,627;-0,104;1,346;5,327
51,15;781,57;-2,628;-0,104;1,346;5,327
51,15;781,59;-2,629;-0,104;1,346;5,327
51,16;781,62;-2,63;-0,104;1,346;5,327
51,16;781,64;-2,631;-0,104;1,346;5,327
51,16;781,67;-2,632;-0,104;1,346;5,327
51,16;781,69;-2,633;-0,104;1,346;5,327
51,16;781,72;-2,634;-0,104;1,346;5,327
51,16;781,74;-2,635;-0,104;1,346;5,327
51,16;781,77;-2,636;-0,104;1,346;5,327
51,17;781,79;-2,637;-0,104;1,346;5,327
51,17;781,82;-2,638;-0,104;1,345;5,327
51,17;781,84;-2,639;-0,104;1,345;5,327
51,17;781,87;-2,64;-0,105;1,345;5,327
51,17;781,89;-2,641;-0,105;1,345;5,327
51,18;781,92;-2,642;-0,105;1,345;5,327
51,18;781,94;-2,643;-0,105;1,345;5,327
51,18;781,97;-2,644;-0,105;1,345;5,327
51,18;781,99;-2,645;-0,105;1,345;5,326
51,18;782,02;-2,646;-0,105;1,345;5,326
51,18;782,04;-2,647;-0,105;1,345;5,326
51,19;782,07;-2,648;-0,105;1,345;5,326
51,19;782,09;-2,649;-0,105;1,345;5,326
51,19;782,12;-2,65;-0,105;1,345;5,326
51,19;782,14;-2,651;-0,105;1,345;5,326
51,19;782,17;-2,652;-0,105;1,345;5,326
51,19;782,19;-2,653;-0,105;1,345;5,326
51,19;782,22;-2,654;-0,105;1,345;5,326
51,2;782,24;-2,655;-0,105;1,345;5,326
51,2;782,27;-2,656;-0,105;1,345;5,326
51,2;782,29;-2,657;-0,105;1,345;5,326
51,2;782,32;-2,658;-0,105;1,345;5,326
51,2;782,34;-2,659;-0,105;1,345;5,326
51,21;782,37;-2,66;-0,105;1,345;5,326
51,21;782,39;-2,661;-0,105;1,345;5,326
51,21;782,42;-2,662;-0,105;1,345;5,326
51,21;782,44;-2,663;-0,105;1,345;5,325
51,21;782,47;-2,664;-0,105;1,345;5,325
51,21;782,49;-2,665;-0,106;1,345;5,325
51,21;782,52;-2,666;-0,106;1,345;5,325
51,22;782,54;-2,667;-0,106;1,345;5,325
51,22;782,57;-2,668;-0,106;1,345;5,325
51,22;782,59;-2,669;-0,106;1,345;5,325
51,22;782,62;-2,67;-0,106;1,345;5,325
51,22;782,64;-2,671;-0,106;1,345;5,325
51,23;782,67;-2,672;-0,106;1,345;5,325
51,23;782,69;-2,673;-0,106;1,345;5,325
51,23;782,72;-2,674;-0,106;1,345;5,325
51,23;782,74;-2,674;-0,106;1,345;5,325
51,23;782,77;-2,675;-0,106;1,345;5,325
51,23;782,79;-2,676;-0,106;1,345;5,325
51,24;782,82;-2,677;-0,106;1,345;5,325
51,24;782,84;-2,678;-0,106;1,345;5,325
51,24;782,87;-2,679;-0,106;1,345;5,325
51,24;782,89;-2,68;-0,106;1,345;5,324
51,24;782,92;-2,681;-0,106;1,345;5,324
51,24;782,94;-2,682;-0,106;1,345;5,324
51,24;782,97;-2,683;-0,106;1,345;5,324
51,25;782,99;-2,684;-0,106;1,345;5,324
51,25;783,02;-2,685;-0,106;1,345;5,324
51,25;783,04;-2,686;-0,106;1,345;5,324
51,25;783,07;-2,687;-0,106;1,345;5,324
51,25;783,09;-2,688;-0,106;1,345;5,324
51,26;783,12;-2,689;-0,106;1,345;5,324
51,26;783,14;-2,69;-0,107;1,345;5,324
51,26;783,17;-2,691;-0,107;1,345;5,324
51,26;783,19;-2,693;-0,107;1,345;5,324
51,26;783,22;-2,694;-0,107;1,345;5,324
51,26;783,24;-2,695;-0,107;1,345;5,324
51,26;783,27;-2,696;-0,107;1,345;5,324
51,27;783,29;-2,697;-0,107;1,345;5,324
51,27;783,32;-2,699;-0,107;1,345;5,323
51,27;783,34;-2,7;-0,107;1,345;5,323
51,27;783,37;-2,702;-0,107;1,345;5,323
51,27;783,39;-2,703;-0,107;1,345;5,323
51,28;783,42;-2,704;-0,107;1,345;5,323
51,28;783,44;-2,706;-0,107;1,345;5,323
51,28;783,47;-2,708;-0,107;1,345;5,323
51,28;783,49;-2,709;-0,107;1,345;5,323
51,28;783,52;-2,711;-0,107;1,345;5,323
51,28;783,54;-2,712;-0,107;1,345;5,323
51,29;783,57;-2,714;-0,107;1,345;5,323
51,29;783,59;-2,715;-0,107;1,344;5,323
51,29;783,62;-2,717;-0,108;1,344;5,323
51,29;783,64;-2,718;-0,108;1,344;5,323
51,29;783,67;-2,719;-0,108;1,344;5,323
51,29;783,69;-2,721;-0,108;1,344;5,323
51,29;783,72;-2,722;-0,108;1,344;5,323
51,3;783,74;-2,724;-0,108;1,344;5,323
51,3;783,77;-2,725;-0,108;1,344;5,322
51,3;783,79;-2,727;-0,108;1,344;5,322
51,3;783,82;-2,728;-0,108;1,344;5,322
51,3;783,84;-2,73;-0,108;1,344;5,322
51,31;783,87;-2,731;-0,108;1,344;5,322
51,31;783,89;-2,732;-0,108;1,344;5,322
51,31;783,91;-2,734;-0,108;1,344;5,322
51,31;783,94;-2,736;-0,108;1,344;5,322
51,31;783,96;-2,737;-0,108;1,344;5,322
51,31;783,99;-2,739;-0,108;1,344;5,322
51,31;784,01;-2,741;-0,108;1,344;5,322
51,32;784,04;-2,742;-0,109;1,344;5,322
51,32;784,06;-2,744;-0,109;1,344;5,322
51,32;784,09;-2,745;-0,109;1,344;5,322
51,32;784,11;-2,747;-0,109;1,344;5,322
51,32;784,14;-2,749;-0,109;1,344;5,322
51,33;784,16;-2,75;-0,109;1,344;5,322
51,33;784,19;-2,752;-0,109;1,344;5,322
51,33;784,21;-2,753;-0,109;1,344;5,321
51,33;784,24;-2,754;-0,109;1,344;5,321
51,33;784,26;-2,756;-0,109;1,344;5,321
51,33;784,29;-2,757;-0,109;1,344;5,321
51,34;784,31;-2,758;-0,109;1,344;5,321
51,34;784,34;-2,76;-0,109;1,344;5,321
51,34;784,36;-2,761;-0,109;1,344;5,321
51,34;784,39;-2,763;-0,109;1,344;5,321
51,34;784,41;-2,764;-0,109;1,344;5,321
51,34;784,44;-2,765;-0,109;1,344;5,321
51,34;784,46;-2,767;-0,11;1,344;5,321
51,35;784,49;-2,768;-0,11;1,344;5,321
51,35;784,51;-2,769;-0,11;1,344;5,321
51,35;784,54;-2,77;-0,11;1,344;5,321
51,35;784,56;-2,772;-0,11;1,344;5,321
51,35;784,59;-2,773;-0,11;1,344;5,321
51,36;784,61;-2,774;-0,11;1,344;5,321
51,36;784,64;-2,775;-0,11;1,344;5,32
51,36;784,66;-2,776;-0,11;1,344;5,32
51,36;784,69;-2,777;-0,11;1,344;5,32
51,36;784,71;-2,778;-0,11;1,344;5,32
51,36;784,74;-2,78;-0,11;1,344;5,32
51,36;784,76;-2,781;-0,11;1,344;5,32
51,37;784,79;-2,783;-0,11;1,344;5,32
51,37;784,81;-2,784;-0,11;1,344;5,32
51,37;784,84;-2,786;-0,11;1,344;5,32
51,37;784,86;-2,787;-0,11;1,344;5,32
51,37;784,89;-2,788;-0,11;1,344;5,32
51,38;784,91;-2,79;-0,11;1,344;5,32
51,38;784,94;-2,791;-0,11;1,344;5,32
51,38;784,96;-2,792;-0,111;1,344;5,32
51,38;784,99;-2,794;-0,111;1,344;5,32
51,38;785,01;-2,795;-0,111;1,344;5,32
51,38;785,04;-2,796;-0,111;1,344;5,32
51,39;785,06;-2,798;-0,111;1,344;5,32
51,39;785,09;-2,799;-0,111;1,344;5,319
51,39;785,11;-2,801;-0,111;1,344;5,319
51,39;785,14;-2,803;-0,111;1,344;5,319
51,39;785,16;-2,804;-0,111;1,344;5,319
51,39;785,19;-2,806;-0,111;1,344;5,319
51,39;785,21;-2,807;-0,111;1,344;5,319
51,4;785,24;-2,809;-0,111;1,344;5,319
51,4;785,26;-2,811;-0,111;1,344;5,319
51,4;785,29;-2,812;-0,111;1,344;5,319
51,4;785,31;-2,814;-0,111;1,344;5,319
51,4;785,34;-2,816;-0,111;1,343;5,319
51,41;785,36;-2,817;-0,112;1,343;5,319
51,41;785,39;-2,819;-0,112;1,343;5,319
51,41;785,41;-2,821;-0,112;1,343;5,319
51,41;785,44;-2,823;-0,112;1,343;5,319
51,41;785,46;-2,824;-0,112;1,343;5,319
51,41;785,49;-2,826;-0,112;1,343;5,319
51,41;785,51;-2,828;-0,112;1,343;5,319
51,42;785,54;-2,83;-0,112;1,343;5,318
51,42;785,56;-2,831;-0,112;1,343;5,318
51,42;785,59;-2,833;-0,112;1,343;5,318
51,42;785,61;-2,835;-0,112;1,343;5,318
51,42;785,64;-2,837;-0,112;1,343;5,318
51,43;785,66;-2,839;-0,112;1,343;5,318
51,43;785,69;-2,84;-0,112;1,343;5,318
51,43;785,71;-2,842;-0,113;1,343;5,318
51,43;785,74;-2,844;-0,113;1,343;5,318
51,43;785,76;-2,845;-0,113;1,343;5,318
51,43;785,79;-2,847;-0,113;1,343;5,318
51,44;785,81;-2,849;-0,113;1,343;5,318
51,44;785,83;-2,851;-0,113;1,343;5,318
51,44;785,86;-2,852;-0,113;1,343;5,318
51,44;785,88;-2,854;-0,113;1,343;5,318
51,44;785,91;-2,856;-0,113;1,343;5,318
51,44;785,93;-2,858;-0,113;1,343;5,318
51,44;785,96;-2,86;-0,113;1,343;5,318
51,45;785,98;-2,861;-0,113;1,343;5,318
51,45;786,01;-2,862;-0,113;1,343;5,317
51,45;786,03;-2,864;-0,113;1,343;5,317
51,45;786,06;-2,865;-0,113;1,343;5,317
51,45;786,08;-2,867;-0,113;1,343;5,317
51,46;786,11;-2,868;-0,114;1,343;5,317
51,46;786,13;-2,869;-0,114;1,343;5,317
51,46;786,16;-2,871;-0,114;1,343;5,317
51,46;786,18;-2,872;-0,114;1,343;5,317
51,46;786,21;-2,874;-0,114;1,343;5,317
51,46;786,23;-2,875;-0,114;1,343;5,317
51,46;786,26;-2,876;-0,114;1,343;5,317
51,47;786,28;-2,877;-0,114;1,343;5,317
51,47;786,31;-2,879;-0,114;1,343;5,317
51,47;786,33;-2,88;-0,114;1,343;5,317
51,47;786,36;-2,881;-0,114;1,343;5,317
51,47;786,38;-2,882;-0,114;1,343;5,317
51,48;786,41;-2,883;-0,114;1,343;5,317
51,48;786,43;-2,883;-0,114;1,343;5,317
51,48;786,46;-2,884;-0,114;1,343;5,317
51,48;786,48;-2,885;-0,114;1,343;5,317
51,48;786,51;-2,886;-0,114;1,343;5,316
51,48;786,53;-2,886;-0,114;1,343;5,316
51,49;786,56;-2,887;-0,114;1,343;5,316
51,49;786,58;-2,888;-0,114;1,343;5,316
51,49;786,61;-2,888;-0,114;1,343;5,316
51,49;786,63;-2,889;-0,114;1,343;5,316
51,49;786,66;-2,89;-0,114;1,343;5,316
51,49;786,68;-2,89;-0,114;1,343;5,316
51,49;786,71;-2,891;-0,114;1,343;5,316
51,5;786,73;-2,891;-0,114;1,343;5,316
51,5;786,76;-2,892;-0,114;1,343;5,316
51,5;786,78;-2,893;-0,115;1,343;5,316
51,5;786,81;-2,893;-0,115;1,343;5,316
51,5;786,83;-2,894;-0,115;1,343;5,316
51,51;786,86;-2,894;-0,115;1,343;5,316
51,51;786,88;-2,895;-0,115;1,343;5,316
51,51;786,91;-2,895;-0,115;1,343;5,316
51,51;786,93;-2,896;-0,115;1,343;5,316
51,51;786,96;-2,896;-0,115;1,343;5,315
51,51;786,98;-2,897;-0,115;1,343;5,315
51,51;787,01;-2,898;-0,115;1,343;5,315
51,52;787,03;-2,898;-0,115;1,343;5,315
51,52;787,06;-2,899;-0,115;1,343;5,315
51,52;787,08;-2,899;-0,115;1,343;5,315
51,52;787,11;-2,899;-0,115;1,343;5,315
51,52;787,13;-2,9;-0,115;1,343;5,315
51,53;787,16;-2,9;-0,115;1,343;5,315
51,53;787,18;-2,9;-0,115;1,342;5,315
51,53;787,21;-2,901;-0,115;1,342;5,315
51,53;787,23;-2,901;-0,115;1,342;5,315
51,53;787,26;-2,901;-0,115;1,342;5,315
51,53;787,28;-2,902;-0,115;1,342;5,315
51,54;787,31;-2,902;-0,115;1,342;5,315
51,54;787,33;-2,902;-0,115;1,342;5,315
51,54;787,36;-2,902;-0,115;1,342;5,315
51,54;787,38;-2,903;-0,115;1,342;5,315
51,54;787,41;-2,903;-0,115;1,342;5,314
51,54;787,43;-2,904;-0,115;1,342;5,314
51,54;787,46;-2,904;-0,115;1,342;5,314
51,55;787,48;-2,904;-0,115;1,342;5,314
51,55;787,51;-2,905;-0,115;1,342;5,314
51,55;787,53;-2,906;-0,115;1,342;5,314
51,55;787,56;-2,907;-0,115;1,342;5,314
51,55;787,58;-2,909;-0,115;1,342;5,314
51,56;787,61;-2,91;-0,115;1,342;5,314
51,56;787,63;-2,911;-0,115;1,342;5,314
51,56;787,66;-2,913;-0,115;1,342;5,314
51,56;787,68;-2,914;-0,115;1,342;5,314
51,56;787,71;-2,916;-0,115;1,342;5,314
51,56;787,73;-2,918;-0,116;1,342;5,314
51,56;787,76;-2,919;-0,116;1,342;5,314
51,57;787,78;-2,921;-0,116;1,342;5,314
51,57;787,81;-2,923;-0,116;1,342;5,314
51,57;787,83;-2,925;-0,116;1,342;5,313
51,57;787,86;-2,926;-0,116;1,342;5,313
51,57;787,88;-2,928;-0,116;1,342;5,313
51,58;787,91;-2,93;-0,116;1,342;5,313
51,58;787,93;-2,932;-0,116;1,342;5,313
51,58;787,96;-2,934;-0,116;1,342;5,313
51,58;787,98;-2,936;-0,116;1,342;5,313
51,58;788,01;-2,938;-0,116;1,342;5,313
51,58;788,03;-2,94;-0,116;1,342;5,313
51,59;788,06;-2,943;-0,116;1,342;5,313
51,59;788,08;-2,945;-0,117;1,342;5,313
51,59;788,11;-2,947;-0,117;1,342;5,313
51,59;788,13;-2,949;-0,117;1,342;5,313
51,59;788,16;-2,952;-0,117;1,342;5,313
51,59;788,18;-2,954;-0,117;1,342;5,313
51,59;788,21;-2,956;-0,117;1,342;5,313
51,6;788,23;-2,959;-0,117;1,342;5,313
51,6;788,26;-2,961;-0,117;1,342;5,312
51,6;788,28;-2,964;-0,117;1,342;5,312
51,6;788,31;-2,966;-0,117;1,342;5,312
51,6;788,33;-2,969;-0,118;1,342;5,312
51,61;788,36;-2,971;-0,118;1,342;5,312
51,61;788,38;-2,974;-0,118;1,342;5,312
51,61;788,41;-2,977;-0,118;1,342;5,312
51,61;788,43;-2,979;-0,118;1,342;5,312
51,61;788,46;-2,982;-0,118;1,342;5,312
51,61;788,48;-2,985;-0,118;1,342;5,312
51,61;788,51;-2,988;-0,118;1,342;5,312
51,62;788,53;-2,99;-0,118;1,342;5,312
51,62;788,55;-2,993;-0,119;1,342;5,312
51,62;788,58;-2,996;-0,119;1,342;5,312
51,62;788,6;-2,999;-0,119;1,342;5,312
51,62;788,63;-3,001;-0,119;1,342;5,312
51,63;788,65;-3,004;-0,119;1,342;5,311
51,63;788,68;-3,007;-0,119;1,342;5,311
51,63;788,7;-3,01;-0,119;1,342;5,311
51,63;788,73;-3,012;-0,119;1,342;5,311
51,63;788,75;-3,015;-0,119;1,342;5,311
51,63;788,78;-3,017;-0,119;1,342;5,311
51,64;788,8;-3,019;-0,12;1,342;5,311
51,64;788,83;-3,021;-0,12;1,341;5,311
51,64;788,85;-3,023;-0,12;1,341;5,311
51,64;788,88;-3,025;-0,12;1,341;5,311
51,64;788,9;-3,027;-0,12;1,341;5,311
51,64;788,93;-3,028;-0,12;1,341;5,311
51,64;788,95;-3,03;-0,12;1,341;5,311
51,65;788,98;-3,032;-0,12;1,341;5,311
51,65;789;-3,034;-0,12;1,341;5,311
51,65;789,03;-3,035;-0,12;1,341;5,311
51,65;789,05;-3,037;-0,12;1,341;5,31
51,65;789,08;-3,039;-0,12;1,341;5,31
51,66;789,1;-3,041;-0,12;1,341;5,31
51,66;789,13;-3,042;-0,12;1,341;5,31
51,66;789,15;-3,044;-0,12;1,341;5,31
51,66;789,18;-3,045;-0,121;1,341;5,31
51,66;789,2;-3,047;-0,121;1,341;5,31
51,66;789,23;-3,048;-0,121;1,341;5,31
51,66;789,25;-3,05;-0,121;1,341;5,31
51,67;789,28;-3,051;-0,121;1,341;5,31
51,67;789,3;-3,052;-0,121;1,341;5,31
51,67;789,33;-3,054;-0,121;1,341;5,31
51,67;789,35;-3,055;-0,121;1,341;5,31
51,67;789,38;-3,056;-0,121;1,341;5,31
51,68;789,4;-3,058;-0,121;1,341;5,31
51,68;789,43;-3,059;-0,121;1,341;5,31
51,68;789,45;-3,06;-0,121;1,341;5,309
51,68;789,48;-3,061;-0,121;1,341;5,309
51,68;789,5;-3,063;-0,121;1,341;5,309
51,68;789,53;-3,064;-0,121;1,341;5,309
51,69;789,55;-3,065;-0,121;1,341;5,309
51,69;789,58;-3,066;-0,121;1,341;5,309
51,69;789,6;-3,067;-0,121;1,341;5,309
51,69;789,63;-3,068;-0,121;1,341;5,309
51,69;789,65;-3,069;-0,122;1,341;5,309
51,69;789,68;-3,07;-0,122;1,341;5,309
51,69;789,7;-3,071;-0,122;1,341;5,309
51,7;789,73;-3,073;-0,122;1,341;5,309
51,7;789,75;-3,074;-0,122;1,341;5,309
51,7;789,78;-3,075;-0,122;1,341;5,309
51,7;789,8;-3,076;-0,122;1,341;5,309
51,7;789,83;-3,078;-0,122;1,341;5,309
51,71;789,85;-3,079;-0,122;1,341;5,308
51,71;789,88;-3,08;-0,122;1,341;5,308
51,71;789,9;-3,081;-0,122;1,341;5,308
51,71;789,93;-3,083;-0,122;1,341;5,308
51,71;789,95;-3,084;-0,122;1,341;5,308
51,71;789,98;-3,085;-0,122;1,341;5,308
51,71;790;-3,087;-0,122;1,341;5,308
51,72;790,03;-3,088;-0,122;1,341;5,308
51,72;790,05;-3,09;-0,122;1,341;5,308
51,72;790,08;-3,091;-0,122;1,341;5,308
51,72;790,1;-3,093;-0,122;1,341;5,308
51,72;790,13;-3,094;-0,123;1,341;5,308
51,73;790,15;-3,096;-0,123;1,341;5,308
51,73;790,18;-3,097;-0,123;1,341;5,308
51,73;790,2;-3,099;-0,123;1,341;5,308
51,73;790,23;-3,1;-0,123;1,341;5,308
51,73;790,25;-3,102;-0,123;1,341;5,307
51,73;790,28;-3,104;-0,123;1,341;5,307
51,74;790,3;-3,106;-0,123;1,341;5,307
51,74;790,33;-3,108;-0,123;1,341;5,307
51,74;790,35;-3,11;-0,123;1,341;5,307
51,74;790,38;-3,111;-0,123;1,341;5,307
51,74;790,4;-3,113;-0,123;1,34;5,307
51,74;790,43;-3,115;-0,123;1,34;5,307
51,74;790,45;-3,117;-0,123;1,34;5,307
51,75;790,48;-3,119;-0,123;1,34;5,307
51,75;790,5;-3,121;-0,124;1,34;5,307
51,75;790,53;-3,123;-0,124;1,34;5,307
51,75;790,55;-3,124;-0,124;1,34;5,307
51,75;790,58;-3,126;-0,124;1,34;5,307
51,76;790,6;-3,128;-0,124;1,34;5,307
51,76;790,63;-3,13;-0,124;1,34;5,306
51,76;790,65;-3,132;-0,124;1,34;5,306
51,76;790,68;-3,134;-0,124;1,34;5,306
51,76;790,7;-3,135;-0,124;1,34;5,306
51,76;790,73;-3,137;-0,124;1,34;5,306
51,76;790,75;-3,139;-0,124;1,34;5,306
51,77;790,78;-3,141;-0,124;1,34;5,306
51,77;790,8;-3,143;-0,124;1,34;5,306
51,77;790,83;-3,145;-0,125;1,34;5,306
51,77;790,85;-3,147;-0,125;1,34;5,306
51,77;790,88;-3,149;-0,125;1,34;5,306
51,78;790,9;-3,151;-0,125;1,34;5,306
51,78;790,93;-3,153;-0,125;1,34;5,306
51,78;790,95;-3,154;-0,125;1,34;5,306
51,78;790,98;-3,156;-0,125;1,34;5,306
51,78;791;-3,158;-0,125;1,34;5,306
51,78;791,03;-3,159;-0,125;1,34;5,305
51,79;791,05;-3,161;-0,125;1,34;5,305
51,79;791,08;-3,163;-0,125;1,34;5,305
51,79;791,1;-3,165;-0,125;1,34;5,305
51,79;791,13;-3,167;-0,125;1,34;5,305
51,79;791,15;-3,168;-0,125;1,34;5,305
51,79;791,18;-3,17;-0,126;1,34;5,305
51,79;791,2;-3,172;-0,126;1,34;5,305
51,8;791,23;-3,174;-0,126;1,34;5,305
51,8;791,25;-3,175;-0,126;1,34;5,305
51,8;791,28;-3,177;-0,126;1,34;5,305
51,8;791,3;-3,178;-0,126;1,34;5,305
51,8;791,33;-3,18;-0,126;1,34;5,305
51,81;791,35;-3,181;-0,126;1,34;5,305
51,81;791,38;-3,183;-0,126;1,34;5,305
51,81;791,4;-3,185;-0,126;1,34;5,305
51,81;791,43;-3,186;-0,126;1,34;5,304
51,81;791,45;-3,188;-0,126;1,34;5,304
51,81;791,48;-3,19;-0,126;1,34;5,304
51,81;791,5;-3,191;-0,126;1,34;5,304
51,82;791,53;-3,193;-0,126;1,34;5,304
51,82;791,55;-3,194;-0,126;1,34;5,304
51,82;791,58;-3,195;-0,127;1,34;5,304
51,82;791,6;-3,197;-0,127;1,34;5,304
51,82;791,63;-3,198;-0,127;1,34;5,304
51,83;791,65;-3,2;-0,127;1,34;5,304
51,83;791,68;-3,201;-0,127;1,34;5,304
51,83;791,7;-3,202;-0,127;1,34;5,304
51,83;791,73;-3,204;-0,127;1,34;5,304
51,83;791,75;-3,205;-0,127;1,34;5,304
51,83;791,78;-3,207;-0,127;1,34;5,304
51,84;791,8;-3,208;-0,127;1,34;5,303
51,84;791,83;-3,21;-0,127;1,34;5,303
51,84;791,85;-3,212;-0,127;1,34;5,303
51,84;791,88;-3,213;-0,127;1,34;5,303
51,84;791,9;-3,215;-0,127;1,34;5,303
51,84;791,93;-3,217;-0,127;1,34;5,303
51,84;791,95;-3,218;-0,127;1,339;5,303
51,85;791,98;-3,22;-0,127;1,339;5,303
51,85;792;-3,222;-0,128;1,339;5,303
51,85;792,03;-3,223;-0,128;1,339;5,303
51,85;792,05;-3,225;-0,128;1,339;5,303
51,85;792,08;-3,226;-0,128;1,339;5,303
51,86;792,1;-3,228;-0,128;1,339;5,303
51,86;792,12;-3,229;-0,128;1,339;5,303
51,86;792,15;-3,231;-0,128;1,339;5,303
51,86;792,17;-3,232;-0,128;1,339;5,302
51,86;792,2;-3,234;-0,128;1,339;5,302
51,86;792,22;-3,236;-0,128;1,339;5,302
51,86;792,25;-3,237;-0,128;1,339;5,302
51,87;792,27;-3,239;-0,128;1,339;5,302
51,87;792,3;-3,24;-0,128;1,339;5,302
51,87;792,32;-3,242;-0,128;1,339;5,302
51,87;792,35;-3,243;-0,128;1,339;5,302
51,87;792,37;-3,244;-0,128;1,339;5,302
51,88;792,4;-3,246;-0,129;1,339;5,302
51,88;792,42;-3,247;-0,129;1,339;5,302
51,88;792,45;-3,249;-0,129;1,339;5,302
51,88;792,47;-3,25;-0,129;1,339;5,302
51,88;792,5;-3,252;-0,129;1,339;5,302
51,88;792,52;-3,253;-0,129;1,339;5,302
51,89;792,55;-3,254;-0,129;1,339;5,301
51,89;792,57;-3,256;-0,129;1,339;5,301
51,89;792,6;-3,257;-0,129;1,339;5,301
51,89;792,62;-3,258;-0,129;1,339;5,301
51,89;792,65;-3,259;-0,129;1,339;5,301
51,89;792,67;-3,26;-0,129;1,339;5,301
51,89;792,7;-3,261;-0,129;1,339;5,301
51,9;792,72;-3,262;-0,129;1,339;5,301
51,9;792,75;-3,263;-0,129;1,339;5,301
51,9;792,77;-3,264;-0,129;1,339;5,301
51,9;792,8;-3,265;-0,129;1,339;5,301
51,9;792,82;-3,266;-0,129;1,339;5,301
51,91;792,85;-3,267;-0,129;1,339;5,301
51,91;792,87;-3,268;-0,129;1,339;5,301
51,91;792,9;-3,269;-0,129;1,339;5,301
51,91;792,92;-3,27;-0,129;1,339;5,3
51,91;792,95;-3,27;-0,129;1,339;5,3
51,91;792,97;-3,271;-0,13;1,339;5,3
51,91;793;-3,272;-0,13;1,339;5,3
51,92;793,02;-3,273;-0,13;1,339;5,3
51,92;793,05;-3,273;-0,13;1,339;5,3
51,92;793,07;-3,274;-0,13;1,339;5,3
51,92;793,1;-3,274;-0,13;1,339;5,3
51,92;793,12;-3,275;-0,13;1,339;5,3
51,93;793,15;-3,275;-0,13;1,339;5,3
51,93;793,17;-3,276;-0,13;1,339;5,3
51,93;793,2;-3,276;-0,13;1,339;5,3
51,93;793,22;-3,276;-0,13;1,339;5,3
51,93;793,25;-3,277;-0,13;1,339;5,3
51,93;793,27;-3,277;-0,13;1,339;5,3
51,94;793,3;-3,277;-0,13;1,339;5,299
51,94;793,32;-3,278;-0,13;1,339;5,299
51,94;793,35;-3,278;-0,13;1,339;5,299
51,94;793,37;-3,278;-0,13;1,339;5,299
51,94;793,4;-3,278;-0,13;1,339;5,299
51,94;793,42;-3,279;-0,13;1,338;5,299
51,94;793,45;-3,279;-0,13;1,338;5,299
51,95;793,47;-3,279;-0,13;1,338;5,299
51,95;793,5;-3,279;-0,13;1,338;5,299
51,95;793,52;-3,279;-0,13;1,338;5,299
51,95;793,55;-3,28;-0,13;1,338;5,299
51,95;793,57;-3,28;-0,13;1,338;5,299
51,96;793,6;-3,28;-0,13;1,338;5,299
51,96;793,62;-3,28;-0,13;1,338;5,299
51,96;793,65;-3,28;-0,13;1,338;5,299
51,96;793,67;-3,28;-0,13;1,338;5,298
51,96;793,7;-3,28;-0,13;1,338;5,298
51,96;793,72;-3,28;-0,13;1,338;5,298
51,96;793,75;-3,28;-0,13;1,338;5,298
51,97;793,77;-3,28;-0,13;1,338;5,298
51,97;793,8;-3,28;-0,13;1,338;5,298
51,97;793,82;-3,281;-0,13;1,338;5,298
51,97;793,85;-3,281;-0,13;1,338;5,298
51,97;793,87;-3,281;-0,13;1,338;5,298
51,98;793,9;-3,281;-0,13;1,338;5,298
51,98;793,92;-3,281;-0,13;1,338;5,298
51,98;793,95;-3,281;-0,13;1,338;5,298
51,98;793,97;-3,281;-0,13;1,338;5,298
51,98;794;-3,281;-0,13;1,338;5,298
51,98;794,02;-3,281;-0,13;1,338;5,297
51,99;794,05;-3,281;-0,13;1,338;5,297
51,99;794,07;-3,281;-0,13;1,338;5,297
51,99;794,1;-3,281;-0,13;1,338;5,297
51,99;794,12;-3,281;-0,13;1,338;5,297
51,99;794,15;-3,281;-0,13;1,338;5,297
51,99;794,17;-3,281;-0,13;1,338;5,297
51,99;794,2;-3,282;-0,13;1,338;5,297
52;794,22;-3,282;-0,13;1,338;5,297
52;794,25;-3,282;-0,13;1,338;5,297
52;794,27;-3,282;-0,13;1,338;5,297
52;794,3;-3,282;-0,13;1,338;5,297
52;794,32;-3,283;-0,13;1,338;5,297
52,01;794,35;-3,283;-0,13;1,338;5,297
52,01;794,37;-3,283;-0,13;1,338;5,296
52,01;794,4;-3,283;-0,13;1,338;5,296
52,01;794,42;-3,283;-0,13;1,338;5,296
52,01;794,45;-3,284;-0,13;1,338;5,296
52,01;794,47;-3,284;-0,13;1,338;5,296
52,01;794,5;-3,284;-0,13;1,338;5,296
52,02;794,52;-3,284;-0,13;1,338;5,296
52,02;794,55;-3,284;-0,13;1,338;5,296
52,02;794,57;-3,284;-0,13;1,338;5,296
52,02;794,6;-3,285;-0,13;1,338;5,296
52,02;794,62;-3,285;-0,13;1,338;5,296
52,03;794,65;-3,285;-0,13;1,338;5,296
52,03;794,67;-3,285;-0,13;1,338;5,296
52,03;794,7;-3,285;-0,13;1,338;5,296
52,03;794,72;-3,285;-0,13;1,338;5,296
52,03;794,75;-3,285;-0,13;1,338;5,295
52,03;794,77;-3,285;-0,13;1,338;5,295
52,04;794,8;-3,285;-0,13;1,338;5,295
52,04;794,82;-3,285;-0,13;1,338;5,295
52,04;794,85;-3,285;-0,13;1,337;5,295
52,04;794,87;-3,285;-0,13;1,337;5,295
52,04;794,9;-3,285;-0,13;1,337;5,295
52,04;794,92;-3,285;-0,13;1,337;5,295
52,04;794,95;-3,285;-0,13;1,337;5,295
52,05;794,97;-3,285;-0,13;1,337;5,295
52,05;795;-3,285;-0,13;1,337;5,295
52,05;795,02;-3,285;-0,13;1,337;5,295
52,05;795,05;-3,284;-0,13;1,337;5,295
52,05;795,07;-3,284;-0,13;1,337;5,295
52,06;795,1;-3,284;-0,13;1,337;5,294
52,06;795,12;-3,284;-0,13;1,337;5,294
52,06;795,15;-3,284;-0,13;1,337;5,294
52,06;795,17;-3,284;-0,13;1,337;5,294
52,06;795,2;-3,284;-0,13;1,337;5,294
52,06;795,22;-3,284;-0,13;1,337;5,294
52,06;795,25;-3,283;-0,13;1,337;5,294
52,07;795,27;-3,283;-0,13;1,337;5,294
52,07;795,3;-3,283;-0,13;1,337;5,294
52,07;795,32;-3,283;-0,13;1,337;5,294
52,07;795,35;-3,283;-0,13;1,337;5,294
52,07;795,37;-3,282;-0,13;1,337;5,294
52,08;795,4;-3,282;-0,13;1,337;5,294
52,08;795,42;-3,281;-0,13;1,337;5,294
52,08;795,45;-3,281;-0,13;1,337;5,294
52,08;795,47;-3,28;-0,13;1,337;5,293
52,08;795,5;-3,279;-0,13;1,337;5,293
52,08;795,52;-3,279;-0,13;1,337;5,293
52,09;795,55;-3,278;-0,13;1,337;5,293
52,09;795,57;-3,278;-0,13;1,337;5,293
52,09;795,6;-3,277;-0,13;1,337;5,293
52,09;795,62;-3,276;-0,13;1,337;5,293
52,09;795,65;-3,276;-0,13;1,337;5,293
52,09;795,67;-3,275;-0,13;1,337;5,293
52,09;795,7;-3,274;-0,13;1,337;5,293
52,1;795,73;-3,274;-0,13;1,337;5,293
52,1;795,75;-3,273;-0,13;1,337;5,293
52,1;795,78;-3,272;-0,13;1,337;5,293
52,1;795,8;-3,272;-0,13;1,337;5,293
52,1;795,83;-3,271;-0,13;1,337;5,292
52,11;795,85;-3,271;-0,129;1,337;5,292
52,11;795,88;-3,27;-0,129;1,337;5,292
52,11;795,9;-3,269;-0,129;1,337;5,292
52,11;795,93;-3,269;-0,129;1,337;5,292
52,11;795,95;-3,268;-0,129;1,337;5,292
52,11;795,98;-3,268;-0,129;1,337;5,292
52,11;796;-3,267;-0,129;1,337;5,292
52,12;796,03;-3,267;-0,129;1,337;5,292
52,12;796,05;-3,266;-0,129;1,337;5,292
52,12;796,08;-3,266;-0,129;1,337;5,292
52,12;796,1;-3,265;-0,129;1,337;5,292
52,12;796,13;-3,265;-0,129;1,337;5,292
52,13;796,15;-3,264;-0,129;1,337;5,292
52,13;796,18;-3,264;-0,129;1,337;5,291
52,13;796,2;-3,263;-0,129;1,337;5,291
52,13;796,23;-3,263;-0,129;1,337;5,291
52,13;796,25;-3,262;-0,129;1,337;5,291
52,13;796,28;-3,261;-0,129;1,336;5,291
52,14;796,3;-3,261;-0,129;1,336;5,291
52,14;796,33;-3,26;-0,129;1,336;5,291
52,14;796,35;-3,259;-0,129;1,336;5,291
52,14;796,38;-3,259;-0,129;1,336;5,291
52,14;796,4;-3,258;-0,129;1,336;5,291
52,14;796,43;-3,257;-0,129;1,336;5,291
52,14;796,45;-3,256;-0,129;1,336;5,291
52,15;796,48;-3,256;-0,129;1,336;5,291
52,15;796,5;-3,255;-0,129;1,336;5,291
52,15;796,53;-3,254;-0,129;1,336;5,29
52,15;796,55;-3,254;-0,129;1,336;5,29
52,15;796,58;-3,253;-0,129;1,336;5,29
52,16;796,6;-3,252;-0,129;1,336;5,29
52,16;796,63;-3,252;-0,129;1,336;5,29
52,16;796,65;-3,252;-0,129;1,336;5,29
52,16;796,68;-3,251;-0,129;1,336;5,29
52,16;796,7;-3,251;-0,129;1,336;5,29
52,16;796,73;-3,25;-0,129;1,336;5,29
52,16;796,75;-3,25;-0,129;1,336;5,29
52,17;796,78;-3,25;-0,129;1,336;5,29
52,17;796,8;-3,249;-0,129;1,336;5,29
52,17;796,83;-3,249;-0,129;1,336;5,29
52,17;796,85;-3,248;-0,129;1,336;5,29
52,17;796,88;-3,248;-0,129;1,336;5,289
52,18;796,9;-3,248;-0,129;1,336;5,289
52,18;796,93;-3,247;-0,129;1,336;5,289
52,18;796,95;-3,247;-0,129;1,336;5,289
52,18;796,98;-3,247;-0,129;1,336;5,289
52,18;797;-3,247;-0,129;1,336;5,289
52,18;797,03;-3,246;-0,129;1,336;5,289
52,19;797,05;-3,246;-0,129;1,336;5,289
52,19;797,08;-3,246;-0,129;1,336;5,289
52,19;797,1;-3,246;-0,128;1,336;5,289
52,19;797,13;-3,245;-0,128;1,336;5,289
52,19;797,15;-3,245;-0,128;1,336;5,289
52,19;797,18;-3,245;-0,128;1,336;5,289
52,19;797,2;-3,245;-0,128;1,336;5,288
52,2;797,23;-3,244;-0,128;1,336;5,288
52,2;797,25;-3,244;-0,128;1,336;5,288
52,2;797,28;-3,244;-0,128;1,336;5,288
52,2;797,3;-3,243;-0,128;1,336;5,288
52,2;797,33;-3,243;-0,128;1,336;5,288
52,21;797,35;-3,243;-0,128;1,336;5,288
52,21;797,38;-3,243;-0,128;1,336;5,288
52,21;797,4;-3,242;-0,128;1,336;5,288
52,21;797,43;-3,242;-0,128;1,336;5,288
52,21;797,45;-3,242;-0,128;1,336;5,288
52,21;797,48;-3,242;-0,128;1,336;5,288
52,21;797,5;-3,242;-0,128;1,336;5,288
52,22;797,53;-3,242;-0,128;1,336;5,288
52,22;797,55;-3,242;-0,128;1,336;5,287
52,22;797,58;-3,242;-0,128;1,336;5,287
52,22;797,6;-3,242;-0,128;1,336;5,287
52,22;797,63;-3,242;-0,128;1,335;5,287
52,23;797,65;-3,242;-0,128;1,335;5,287
52,23;797,68;-3,242;-0,128;1,335;5,287
52,23;797,7;-3,242;-0,128;1,335;5,287
52,23;797,73;-3,242;-0,128;1,335;5,287
52,23;797,75;-3,242;-0,128;1,335;5,287
52,23;797,78;-3,242;-0,128;1,335;5,287
52,24;797,8;-3,242;-0,128;1,335;5,287
52,24;797,83;-3,242;-0,128;1,335;5,287
52,24;797,85;-3,242;-0,128;1,335;5,287
52,24;797,88;-3,242;-0,128;1,335;5,287
52,24;797,9;-3,242;-0,128;1,335;5,286
52,24;797,93;-3,242;-0,128;1,335;5,286
52,24;797,95;-3,242;-0,128;1,335;5,286
52,25;797,98;-3,242;-0,128;1,335;5,286
52,25;798;-3,242;-0,128;1,335;5,286
52,25;798,03;-3,242;-0,128;1,335;5,286
52,25;798,05;-3,242;-0,128;1,335;5,286
52,25;798,08;-3,242;-0,128;1,335;5,286
52,26;798,1;-3,242;-0,128;1,335;5,286
52,26;798,13;-3,242;-0,128;1,335;5,286
52,26;798,15;-3,242;-0,128;1,335;5,286
52,26;798,18;-3,242;-0,128;1,335;5,286
52,26;798,2;-3,242;-0,128;1,335;5,286
52,26;798,23;-3,242;-0,128;1,335;5,285
52,26;798,25;-3,242;-0,128;1,335;5,285
52,27;798,28;-3,242;-0,128;1,335;5,285
52,27;798,3;-3,241;-0,128;1,335;5,285
52,27;798,33;-3,241;-0,128;1,335;5,285
52,27;798,35;-3,241;-0,128;1,335;5,285
52,27;798,38;-3,241;-0,128;1,335;5,285
52,28;798,4;-3,241;-0,128;1,335;5,285
52,28;798,43;-3,241;-0,128;1,335;5,285
52,28;798,45;-3,241;-0,128;1,335;5,285
52,28;798,48;-3,241;-0,128;1,335;5,285
52,28;798,5;-3,24;-0,128;1,335;5,285
52,28;798,53;-3,24;-0,128;1,335;5,285
52,29;798,55;-3,24;-0,128;1,335;5,285
52,29;798,58;-3,24;-0,128;1,335;5,284
52,29;798,6;-3,239;-0,128;1,335;5,284
52,29;798,63;-3,239;-0,128;1,335;5,284
52,29;798,65;-3,238;-0,128;1,335;5,284
52,29;798,68;-3,238;-0,128;1,335;5,284
52,29;798,7;-3,238;-0,128;1,335;5,284
52,3;798,73;-3,237;-0,128;1,335;5,284
52,3;798,75;-3,237;-0,128;1,335;5,284
52,3;798,78;-3,236;-0,128;1,335;5,284
52,3;798,8;-3,236;-0,128;1,335;5,284
52,3;798,83;-3,236;-0,128;1,335;5,284
52,31;798,85;-3,235;-0,128;1,335;5,284
52,31;798,88;-3,235;-0,128;1,335;5,284
52,31;798,9;-3,234;-0,128;1,335;5,284
52,31;798,93;-3,234;-0,128;1,335;5,283
52,31;798,95;-3,234;-0,128;1,335;5,283
52,31;798,98;-3,234;-0,128;1,334;5,283
52,31;799;-3,233;-0,128;1,334;5,283
52,32;799,03;-3,233;-0,128;1,334;5,283
52,32;799,05;-3,233;-0,128;1,334;5,283
52,32;799,08;-3,232;-0,128;1,334;5,283
52,32;799,1;-3,232;-0,128;1,334;5,283
52,32;799,13;-3,232;-0,128;1,334;5,283
52,33;799,15;-3,232;-0,128;1,334;5,283
52,33;799,18;-3,232;-0,128;1,334;5,283
52,33;799,2;-3,231;-0,128;1,334;5,283
52,33;799,23;-3,231;-0,128;1,334;5,283
52,33;799,25;-3,231;-0,128;1,334;5,282
52,33;799,28;-3,231;-0,128;1,334;5,282
52,34;799,3;-3,231;-0,128;1,334;5,282
52,34;799,33;-3,23;-0,128;1,334;5,282
52,34;799,35;-3,23;-0,128;1,334;5,282
52,34;799,38;-3,23;-0,128;1,334;5,282
52,34;799,4;-3,23;-0,128;1,334;5,282
52,34;799,43;-3,23;-0,128;1,334;5,282
52,34;799,45;-3,23;-0,128;1,334;5,282
52,35;799,48;-3,23;-0,128;1,334;5,282
52,35;799,5;-3,23;-0,128;1,334;5,282
52,35;799,53;-3,23;-0,128;1,334;5,282
52,35;799,55;-3,229;-0,128;1,334;5,282
52,35;799,58;-3,229;-0,128;1,334;5,281
52,36;799,6;-3,229;-0,128;1,334;5,281
52,36;799,63;-3,229;-0,128;1,334;5,281
52,36;799,65;-3,229;-0,128;1,334;5,281
52,36;799,68;-3,229;-0,128;1,334;5,281
52,36;799,7;-3,229;-0,128;1,334;5,281
52,36;799,73;-3,229;-0,128;1,334;5,281
52,36;799,75;-3,229;-0,128;1,334;5,281
52,37;799,78;-3,229;-0,128;1,334;5,281
52,37;799,8;-3,23;-0,128;1,334;5,281
52,37;799,83;-3,23;-0,128;1,334;5,281
52,37;799,85;-3,23;-0,128;1,334;5,281
52,37;799,88;-3,231;-0,128;1,334;5,281
52,38;799,9;-3,231;-0,128;1,334;5,281
52,38;799,93;-3,231;-0,128;1,334;5,28
52,38;799,95;-3,232;-0,128;1,334;5,28
52,38;799,98;-3,232;-0,128;1,334;5,28
52,38;800;-3,232;-0,128;1,334;5,28
52,38;800,03;-3,233;-0,128;1,334;5,28
52,39;800,05;-3,233;-0,128;1,334;5,28
52,39;800,08;-3,233;-0,128;1,334;5,28
52,39;800,1;-3,234;-0,128;1,334;5,28
52,39;800,13;-3,234;-0,128;1,334;5,28
52,39;800,15;-3,234;-0,128;1,334;5,28
52,39;800,18;-3,235;-0,128;1,334;5,28
52,39;800,2;-3,235;-0,128;1,334;5,28
52,4;800,23;-3,235;-0,128;1,334;5,28
52,4;800,25;-3,236;-0,128;1,334;5,279
52,4;800,28;-3,236;-0,128;1,334;5,279
52,4;800,3;-3,237;-0,128;1,333;5,279
52,4;800,33;-3,237;-0,128;1,333;5,279
52,41;800,35;-3,237;-0,128;1,333;5,279
52,41;800,38;-3,238;-0,128;1,333;5,279
52,41;800,4;-3,238;-0,128;1,333;5,279
52,41;800,43;-3,238;-0,128;1,333;5,279
52,41;800,45;-3,238;-0,128;1,333;5,279
52,41;800,48;-3,239;-0,128;1,333;5,279
52,41;800,5;-3,239;-0,128;1,333;5,279
52,42;800,53;-3,239;-0,128;1,333;5,279
52,42;800,55;-3,24;-0,128;1,333;5,279
52,42;800,58;-3,24;-0,128;1,333;5,278
52,42;800,6;-3,24;-0,128;1,333;5,278
52,42;800,63;-3,241;-0,128;1,333;5,278
52,43;800,65;-3,241;-0,128;1,333;5,278
52,43;800,68;-3,241;-0,128;1,333;5,278
52,43;800,7;-3,242;-0,128;1,333;5,278
52,43;800,73;-3,242;-0,128;1,333;5,278
52,43;800,75;-3,242;-0,128;1,333;5,278
52,43;800,78;-3,243;-0,128;1,333;5,278
52,44;800,8;-3,243;-0,128;1,333;5,278
52,44;800,83;-3,243;-0,128;1,333;5,278
52,44;800,85;-3,243;-0,128;1,333;5,278
52,44;800,88;-3,244;-0,128;1,333;5,278
52,44;800,9;-3,244;-0,128;1,333;5,278
52,44;800,93;-3,244;-0,128;1,333;5,277
52,44;800,95;-3,245;-0,128;1,333;5,277
52,45;800,98;-3,245;-0,128;1,333;5,277
52,45;801;-3,245;-0,128;1,333;5,277
52,45;801,03;-3,245;-0,128;1,333;5,277
52,45;801,05;-3,246;-0,128;1,333;5,277
52,45;801,08;-3,246;-0,129;1,333;5,277
52,46;801,1;-3,246;-0,129;1,333;5,277
52,46;801,13;-3,246;-0,129;1,333;5,277
52,46;801,15;-3,247;-0,129;1,333;5,277
52,46;801,18;-3,247;-0,129;1,333;5,277
52,46;801,2;-3,247;-0,129;1,333;5,277
52,46;801,23;-3,248;-0,129;1,333;5,277
52,46;801,25;-3,248;-0,129;1,333;5,276
52,47;801,28;-3,248;-0,129;1,333;5,276
52,47;801,3;-3,249;-0,129;1,333;5,276
52,47;801,33;-3,249;-0,129;1,333;5,276
52,47;801,35;-3,249;-0,129;1,333;5,276
52,47;801,38;-3,25;-0,129;1,333;5,276
52,48;801,4;-3,25;-0,129;1,333;5,276
52,48;801,43;-3,25;-0,129;1,333;5,276
52,48;801,45;-3,251;-0,129;1,333;5,276
52,48;801,48;-3,251;-0,129;1,333;5,276
52,48;801,5;-3,252;-0,129;1,333;5,276
52,48;801,53;-3,252;-0,129;1,333;5,276
52,49;801,55;-3,252;-0,129;1,333;5,276
52,49;801,58;-3,253;-0,129;1,333;5,275
52,49;801,6;-3,253;-0,129;1,332;5,275
52,49;801,63;-3,254;-0,129;1,332;5,275
52,49;801,65;-3,254;-0,129;1,332;5,275
52,49;801,68;-3,254;-0,129;1,332;5,275
52,49;801,7;-3,255;-0,129;1,332;5,275
52,5;801,73;-3,255;-0,129;1,332;5,275
52,5;801,75;-3,256;-0,129;1,332;5,275
52,5;801,78;-3,256;-0,129;1,332;5,275
52,5;801,8;-3,257;-0,129;1,332;5,275
52,5;801,83;-3,257;-0,129;1,332;5,275
52,51;801,85;-3,258;-0,129;1,332;5,275
52,51;801,88;-3,259;-0,129;1,332;5,275
52,51;801,9;-3,259;-0,129;1,332;5,274
52,51;801,93;-3,26;-0,129;1,332;5,274
52,51;801,95;-3,261;-0,129;1,332;5,274
52,51;801,98;-3,261;-0,129;1,332;5,274
52,51;802;-3,262;-0,129;1,332;5,274
52,52;802,03;-3,263;-0,129;1,332;5,274
52,52;802,05;-3,264;-0,129;1,332;5,274
52,52;802,08;-3,264;-0,129;1,332;5,274
52,52;802,1;-3,265;-0,129;1,332;5,274
52,52;802,13;-3,266;-0,129;1,332;5,274
52,53;802,15;-3,267;-0,129;1,332;5,274
52,53;802,18;-3,267;-0,129;1,332;5,274
52,53;802,2;-3,268;-0,129;1,332;5,274
52,53;802,23;-3,269;-0,129;1,332;5,273
52,53;802,25;-3,27;-0,129;1,332;5,273
52,53;802,28;-3,271;-0,129;1,332;5,273
52,54;802,3;-3,272;-0,13;1,332;5,273
52,54;802,33;-3,272;-0,13;1,332;5,273
52,54;802,35;-3,273;-0,13;1,332;5,273
52,54;802,38;-3,274;-0,13;1,332;5,273
52,54;802,4;-3,275;-0,13;1,332;5,273
52,54;802,43;-3,276;-0,13;1,332;5,273
52,54;802,45;-3,277;-0,13;1,332;5,273
52,55;802,48;-3,278;-0,13;1,332;5,273
52,55;802,5;-3,278;-0,13;1,332;5,273
52,55;802,53;-3,279;-0,13;1,332;5,273
52,55;802,55;-3,28;-0,13;1,332;5,272
52,55;802,58;-3,281;-0,13;1,332;5,272
52,56;802,6;-3,282;-0,13;1,332;5,272
52,56;802,63;-3,283;-0,13;1,332;5,272
52,56;802,65;-3,284;-0,13;1,332;5,272
52,56;802,68;-3,285;-0,13;1,332;5,272
52,56;802,7;-3,286;-0,13;1,332;5,272
52,56;802,73;-3,287;-0,13;1,332;5,272
52,56;802,75;-3,288;-0,13;1,332;5,272
52,57;802,78;-3,289;-0,13;1,332;5,272
52,57;802,8;-3,29;-0,13;1,332;5,272
52,57;802,83;-3,291;-0,13;1,332;5,272
52,57;802,85;-3,292;-0,13;1,332;5,271
52,57;802,88;-3,293;-0,13;1,331;5,271
52,58;802,9;-3,294;-0,13;1,331;5,271
52,58;802,93;-3,295;-0,13;1,331;5,271
52,58;802,95;-3,296;-0,13;1,331;5,271
52,58;802,98;-3,297;-0,131;1,331;5,271
52,58;803;-3,298;-0,131;1,331;5,271
52,58;803,03;-3,299;-0,131;1,331;5,271
52,59;803,05;-3,3;-0,131;1,331;5,271
52,59;803,08;-3,301;-0,131;1,331;5,271
52,59;803,1;-3,302;-0,131;1,331;5,271
52,59;803,13;-3,303;-0,131;1,331;5,271
52,59;803,15;-3,304;-0,131;1,331;5,271
52,59;803,18;-3,305;-0,131;1,331;5,27
52,59;803,2;-3,306;-0,131;1,331;5,27
52,6;803,23;-3,307;-0,131;1,331;5,27
52,6;803,25;-3,308;-0,131;1,331;5,27
52,6;803,28;-3,309;-0,131;1,331;5,27
52,6;803,3;-3,31;-0,131;1,331;5,27
52,6;803,33;-3,311;-0,131;1,331;5,27
52,61;803,35;-3,312;-0,131;1,331;5,27
52,61;803,38;-3,313;-0,131;1,331;5,27
52,61;803,4;-3,314;-0,131;1,331;5,27
52,61;803,43;-3,315;-0,131;1,331;5,27
52,61;803,45;-3,317;-0,131;1,331;5,27
52,61;803,48;-3,318;-0,131;1,331;5,27
52,61;803,5;-3,319;-0,131;1,331;5,269
52,62;803,53;-3,32;-0,131;1,331;5,269
52,62;803,55;-3,321;-0,131;1,331;5,269
52,62;803,58;-3,322;-0,132;1,331;5,269
52,62;803,6;-3,323;-0,132;1,331;5,269
52,62;803,63;-3,325;-0,132;1,331;5,269
52,63;803,65;-3,326;-0,132;1,331;5,269
52,63;803,68;-3,327;-0,132;1,331;5,269
52,63;803,7;-3,328;-0,132;1,331;5,269
52,63;803,73;-3,329;-0,132;1,331;5,269
52,63;803,75;-3,331;-0,132;1,331;5,269
52,63;803,78;-3,332;-0,132;1,331;5,269
52,64;803,8;-3,333;-0,132;1,331;5,268
52,64;803,83;-3,334;-0,132;1,331;5,268
52,64;803,85;-3,335;-0,132;1,331;5,268
52,64;803,87;-3,336;-0,132;1,331;5,268
52,64;803,9;-3,337;-0,132;1,331;5,268
52,64;803,93;-3,338;-0,132;1,331;5,268
52,64;803,95;-3,339;-0,132;1,331;5,268
52,65;803,98;-3,34;-0,132;1,331;5,268
52,65;804;-3,341;-0,132;1,331;5,268
52,65;804,02;-3,342;-0,132;1,331;5,268
52,65;804,05;-3,343;-0,132;1,331;5,268
52,65;804,08;-3,344;-0,132;1,331;5,268
52,66;804,1;-3,345;-0,132;1,331;5,268
52,66;804,13;-3,346;-0,132;1,33;5,267
52,66;804,15;-3,347;-0,133;1,33;5,267
52,66;804,17;-3,348;-0,133;1,33;5,267
52,66;804,2;-3,349;-0,133;1,33;5,267
52,66;804,22;-3,35;-0,133;1,33;5,267
52,66;804,25;-3,351;-0,133;1,33;5,267
52,67;804,27;-3,352;-0,133;1,33;5,267
52,67;804,3;-3,352;-0,133;1,33;5,267
52,67;804,32;-3,353;-0,133;1,33;5,267
52,67;804,35;-3,354;-0,133;1,33;5,267
52,67;804,37;-3,355;-0,133;1,33;5,267
52,68;804,4;-3,356;-0,133;1,33;5,267
52,68;804,42;-3,357;-0,133;1,33;5,266
52,68;804,45;-3,358;-0,133;1,33;5,266
52,68;804,47;-3,359;-0,133;1,33;5,266
52,68;804,5;-3,36;-0,133;1,33;5,266
52,68;804,52;-3,361;-0,133;1,33;5,266
52,69;804,55;-3,362;-0,133;1,33;5,266
52,69;804,57;-3,363;-0,133;1,33;5,266
52,69;804,6;-3,364;-0,133;1,33;5,266
52,69;804,62;-3,365;-0,133;1,33;5,266
52,69;804,65;-3,366;-0,133;1,33;5,266
52,69;804,67;-3,367;-0,133;1,33;5,266
52,69;804,7;-3,368;-0,133;1,33;5,266
52,7;804,72;-3,369;-0,133;1,33;5,266
52,7;804,75;-3,37;-0,133;1,33;5,265
52,7;804,77;-3,371;-0,133;1,33;5,265
52,7;804,8;-3,372;-0,133;1,33;5,265
52,7;804,82;-3,373;-0,134;1,33;5,265
52,71;804,85;-3,374;-0,134;1,33;5,265
52,71;804,87;-3,375;-0,134;1,33;5,265
52,71;804,9;-3,376;-0,134;1,33;5,265
52,71;804,92;-3,377;-0,134;1,33;5,265
52,71;804,95;-3,378;-0,134;1,33;5,265
52,71;804,97;-3,379;-0,134;1,33;5,265
52,71;805;-3,38;-0,134;1,33;5,265
52,72;805,02;-3,381;-0,134;1,33;5,265
52,72;805,05;-3,382;-0,134;1,33;5,264
52,72;805,07;-3,383;-0,134;1,33;5,264
52,72;805,1;-3,385;-0,134;1,33;5,264
52,72;805,12;-3,386;-0,134;1,33;5,264
52,73;805,15;-3,387;-0,134;1,33;5,264
52,73;805,17;-3,388;-0,134;1,33;5,264
52,73;805,2;-3,389;-0,134;1,33;5,264
52,73;805,22;-3,39;-0,134;1,33;5,264
52,73;805,25;-3,391;-0,134;1,33;5,264
52,73;805,27;-3,392;-0,134;1,33;5,264
52,74;805,3;-3,393;-0,134;1,33;5,264
52,74;805,32;-3,394;-0,134;1,33;5,264
52,74;805,35;-3,395;-0,134;1,329;5,263
52,74;805,37;-3,397;-0,134;1,329;5,263
52,74;805,4;-3,398;-0,135;1,329;5,263
52,74;805,42;-3,399;-0,135;1,329;5,263
52,74;805,45;-3,4;-0,135;1,329;5,263
52,75;805,47;-3,402;-0,135;1,329;5,263
52,75;805,5;-3,403;-0,135;1,329;5,263
52,75;805,52;-3,404;-0,135;1,329;5,263
52,75;805,55;-3,405;-0,135;1,329;5,263
52,75;805,57;-3,407;-0,135;1,329;5,263
52,76;805,6;-3,408;-0,135;1,329;5,263
52,76;805,62;-3,409;-0,135;1,329;5,263
52,76;805,65;-3,41;-0,135;1,329;5,262
52,76;805,67;-3,412;-0,135;1,329;5,262
52,76;805,7;-3,413;-0,135;1,329;5,262
52,76;805,72;-3,414;-0,135;1,329;5,262
52,76;805,75;-3,415;-0,135;1,329;5,262
52,77;805,77;-3,416;-0,135;1,329;5,262
52,77;805,8;-3,417;-0,135;1,329;5,262
52,77;805,82;-3,418;-0,135;1,329;5,262
52,77;805,85;-3,419;-0,135;1,329;5,262
52,77;805,87;-3,42;-0,135;1,329;5,262
52,78;805,9;-3,421;-0,135;1,329;5,262
52,78;805,92;-3,422;-0,135;1,329;5,262
52,78;805,95;-3,423;-0,136;1,329;5,261
52,78;805,97;-3,423;-0,136;1,329;5,261
52,78;806;-3,424;-0,136;1,329;5,261
52,78;806,02;-3,425;-0,136;1,329;5,261
52,79;806,05;-3,426;-0,136;1,329;5,261
52,79;806,07;-3,427;-0,136;1,329;5,261
52,79;806,1;-3,428;-0,136;1,329;5,261
52,79;806,12;-3,429;-0,136;1,329;5,261
52,79;806,15;-3,43;-0,136;1,329;5,261
52,79;806,17;-3,431;-0,136;1,329;5,261
52,79;806,2;-3,432;-0,136;1,329;5,261
52,8;806,22;-3,433;-0,136;1,329;5,261
52,8;806,25;-3,434;-0,136;1,329;5,26
52,8;806,27;-3,435;-0,136;1,329;5,26
52,8;806,3;-3,437;-0,136;1,329;5,26
52,8;806,32;-3,438;-0,136;1,329;5,26
52,81;806,35;-3,439;-0,136;1,329;5,26
52,81;806,37;-3,44;-0,136;1,329;5,26
52,81;806,4;-3,441;-0,136;1,329;5,26
52,81;806,42;-3,443;-0,136;1,329;5,26
52,81;806,45;-3,444;-0,136;1,329;5,26
52,81;806,47;-3,445;-0,136;1,329;5,26
52,81;806,5;-3,446;-0,136;1,328;5,26
52,82;806,52;-3,448;-0,136;1,328;5,259
52,82;806,55;-3,449;-0,137;1,328;5,259
52,82;806,57;-3,45;-0,137;1,328;5,259
52,82;806,6;-3,451;-0,137;1,328;5,259
52,82;806,62;-3,452;-0,137;1,328;5,259
52,83;806,65;-3,453;-0,137;1,328;5,259
52,83;806,67;-3,454;-0,137;1,328;5,259
52,83;806,7;-3,456;-0,137;1,328;5,259
52,83;806,72;-3,457;-0,137;1,328;5,259
52,83;806,75;-3,458;-0,137;1,328;5,259
52,83;806,77;-3,459;-0,137;1,328;5,259
52,84;806,8;-3,46;-0,137;1,328;5,259
52,84;806,82;-3,461;-0,137;1,328;5,258
52,84;806,85;-3,462;-0,137;1,328;5,258
52,84;806,87;-3,463;-0,137;1,328;5,258
52,84;806,9;-3,464;-0,137;1,328;5,258
52,84;806,92;-3,465;-0,137;1,328;5,258
52,84;806,95;-3,466;-0,137;1,328;5,258
52,85;806,97;-3,468;-0,137;1,328;5,258
52,85;807;-3,469;-0,137;1,328;5,258
52,85;807,02;-3,47;-0,137;1,328;5,258
52,85;807,05;-3,471;-0,137;1,328;5,258
52,85;807,07;-3,472;-0,137;1,328;5,258
52,86;807,1;-3,473;-0,138;1,328;5,257
52,86;807,12;-3,474;-0,138;1,328;5,257
52,86;807,15;-3,476;-0,138;1,328;5,257
52,86;807,17;-3,477;-0,138;1,328;5,257
52,86;807,2;-3,478;-0,138;1,328;5,257
52,86;807,22;-3,479;-0,138;1,328;5,257
52,86;807,25;-3,48;-0,138;1,328;5,257
52,87;807,27;-3,481;-0,138;1,328;5,257
52,87;807,3;-3,483;-0,138;1,328;5,257
52,87;807,32;-3,484;-0,138;1,328;5,257
52,87;807,35;-3,485;-0,138;1,328;5,257
52,87;807,37;-3,487;-0,138;1,328;5,257
52,88;807,4;-3,488;-0,138;1,328;5,256
52,88;807,42;-3,489;-0,138;1,328;5,256
52,88;807,45;-3,49;-0,138;1,328;5,256
52,88;807,47;-3,491;-0,138;1,328;5,256
52,88;807,5;-3,493;-0,138;1,328;5,256
52,88;807,52;-3,494;-0,138;1,328;5,256
52,89;807,55;-3,495;-0,138;1,328;5,256
52,89;807,57;-3,496;-0,138;1,328;5,256
52,89;807,6;-3,497;-0,138;1,328;5,256
52,89;807,62;-3,498;-0,138;1,328;5,256
52,89;807,65;-3,499;-0,139;1,327;5,256
52,89;807,67;-3,5;-0,139;1,327;5,255
52,89;807,7;-3,502;-0,139;1,327;5,255
52,9;807,72;-3,503;-0,139;1,327;5,255
52,9;807,75;-3,504;-0,139;1,327;5,255
52,9;807,77;-3,505;-0,139;1,327;5,255
52,9;807,8;-3,507;-0,139;1,327;5,255
52,9;807,82;-3,508;-0,139;1,327;5,255
52,91;807,85;-3,51;-0,139;1,327;5,255
52,91;807,87;-3,511;-0,139;1,327;5,255
52,91;807,9;-3,513;-0,139;1,327;5,255
52,91;807,92;-3,514;-0,139;1,327;5,255
52,91;807,95;-3,516;-0,139;1,327;5,255
52,91;807,97;-3,517;-0,139;1,327;5,254
52,91;808;-3,518;-0,139;1,327;5,254
52,92;808,02;-3,52;-0,139;1,327;5,254
52,92;808,05;-3,522;-0,139;1,327;5,254
52,92;808,07;-3,523;-0,139;1,327;5,254
52,92;808,1;-3,525;-0,14;1,327;5,254
52,92;808,12;-3,527;-0,14;1,327;5,254
52,93;808,15;-3,528;-0,14;1,327;5,254
52,93;808,17;-3,53;-0,14;1,327;5,254
52,93;808,2;-3,531;-0,14;1,327;5,254
52,93;808,22;-3,533;-0,14;1,327;5,254
52,93;808,25;-3,535;-0,14;1,327;5,253
52,93;808,27;-3,536;-0,14;1,327;5,253
52,94;808,3;-3,538;-0,14;1,327;5,253
52,94;808,32;-3,539;-0,14;1,327;5,253
52,94;808,35;-3,541;-0,14;1,327;5,253
52,94;808,37;-3,542;-0,14;1,327;5,253
52,94;808,4;-3,544;-0,14;1,327;5,253
52,94;808,42;-3,545;-0,14;1,327;5,253
52,94;808,45;-3,547;-0,14;1,327;5,253
52,95;808,47;-3,548;-0,14;1,327;5,253
52,95;808,5;-3,55;-0,141;1,327;5,253
52,95;808,52;-3,551;-0,141;1,327;5,253
52,95;808,55;-3,553;-0,141;1,327;5,252
52,95;808,57;-3,554;-0,141;1,327;5,252
52,96;808,6;-3,555;-0,141;1,327;5,252
52,96;808,62;-3,556;-0,141;1,327;5,252
52,96;808,65;-3,557;-0,141;1,327;5,252
52,96;808,67;-3,559;-0,141;1,327;5,252
52,96;808,7;-3,56;-0,141;1,327;5,252
52,96;808,72;-3,561;-0,141;1,327;5,252
52,96;808,75;-3,562;-0,141;1,327;5,252
52,97;808,77;-3,563;-0,141;1,326;5,252
52,97;808,8;-3,565;-0,141;1,326;5,252
52,97;808,82;-3,566;-0,141;1,326;5,251
52,97;808,85;-3,567;-0,141;1,326;5,251
52,97;808,87;-3,568;-0,141;1,326;5,251
52,98;808,9;-3,569;-0,141;1,326;5,251
52,98;808,92;-3,57;-0,141;1,326;5,251
52,98;808,95;-3,571;-0,141;1,326;5,251
52,98;808,97;-3,572;-0,141;1,326;5,251
52,98;809;-3,573;-0,141;1,326;5,251
52,98;809,02;-3,574;-0,141;1,326;5,251
52,99;809,05;-3,575;-0,142;1,326;5,251
52,99;809,07;-3,576;-0,142;1,326;5,251
52,99;809,1;-3,577;-0,142;1,326;5,25
52,99;809,12;-3,577;-0,142;1,326;5,25
52,99;809,15;-3,578;-0,142;1,326;5,25
52,99;809,17;-3,579;-0,142;1,326;5,25
52,99;809,2;-3,58;-0,142;1,326;5,25
53;809,22;-3,58;-0,142;1,326;5,25
53;809,25;-3,581;-0,142;1,326;5,25
53;809,27;-3,582;-0,142;1,326;5,25
53;809,3;-3,583;-0,142;1,326;5,25
53;809,32;-3,583;-0,142;1,326;5,25
53,01;809,35;-3,584;-0,142;1,326;5,25
53,01;809,37;-3,584;-0,142;1,326;5,25
53,01;809,4;-3,585;-0,142;1,326;5,249
53,01;809,42;-3,586;-0,142;1,326;5,249
53,01;809,45;-3,586;-0,142;1,326;5,249
53,01;809,47;-3,587;-0,142;1,326;5,249
53,01;809,5;-3,588;-0,142;1,326;5,249
53,02;809,52;-3,588;-0,142;1,326;5,249
53,02;809,55;-3,589;-0,142;1,326;5,249
53,02;809,57;-3,59;-0,142;1,326;5,249
53,02;809,6;-3,59;-0,142;1,326;5,249
53,02;809,62;-3,591;-0,142;1,326;5,249
53,03;809,65;-3,591;-0,142;1,326;5,249
53,03;809,67;-3,592;-0,142;1,326;5,248
53,03;809,7;-3,592;-0,142;1,326;5,248
53,03;809,72;-3,593;-0,142;1,326;5,248
53,03;809,75;-3,593;-0,142;1,326;5,248
53,03;809,77;-3,594;-0,142;1,326;5,248
53,04;809,8;-3,595;-0,142;1,326;5,248
53,04;809,82;-3,595;-0,142;1,326;5,248
53,04;809,85;-3,596;-0,142;1,326;5,248
53,04;809,87;-3,596;-0,142;1,326;5,248
53,04;809,9;-3,597;-0,142;1,325;5,248
53,04;809,92;-3,597;-0,142;1,325;5,248
53,04;809,95;-3,598;-0,142;1,325;5,247
53,05;809,97;-3,598;-0,142;1,325;5,247
53,05;810;-3,599;-0,142;1,325;5,247
53,05;810,02;-3,6;-0,143;1,325;5,247
53,05;810,05;-3,6;-0,143;1,325;5,247
53,05;810,07;-3,601;-0,143;1,325;5,247
53,06;810,1;-3,601;-0,143;1,325;5,247
53,06;810,12;-3,602;-0,143;1,325;5,247
53,06;810,15;-3,603;-0,143;1,325;5,247
53,06;810,17;-3,603;-0,143;1,325;5,247
53,06;810,2;-3,604;-0,143;1,325;5,247
53,06;810,22;-3,605;-0,143;1,325;5,247
53,06;810,25;-3,605;-0,143;1,325;5,246
53,07;810,27;-3,606;-0,143;1,325;5,246
53,07;810,3;-3,607;-0,143;1,325;5,246
53,07;810,32;-3,607;-0,143;1,325;5,246
53,07;810,35;-3,608;-0,143;1,325;5,246
53,07;810,37;-3,609;-0,143;1,325;5,246
53,08;810,4;-3,61;-0,143;1,325;5,246
53,08;810,42;-3,611;-0,143;1,325;5,246
53,08;810,45;-3,612;-0,143;1,325;5,246
53,08;810,47;-3,613;-0,143;1,325;5,246
53,08;810,5;-3,614;-0,143;1,325;5,246
53,08;810,52;-3,615;-0,143;1,325;5,245
53,09;810,55;-3,616;-0,143;1,325;5,245
53,09;810,57;-3,617;-0,143;1,325;5,245
53,09;810,6;-3,619;-0,143;1,325;5,245
53,09;810,62;-3,62;-0,143;1,325;5,245
53,09;810,65;-3,621;-0,143;1,325;5,245
53,09;810,67;-3,622;-0,143;1,325;5,245
53,09;810,7;-3,624;-0,143;1,325;5,245
53,1;810,72;-3,625;-0,144;1,325;5,245
53,1;810,75;-3,626;-0,144;1,325;5,245
53,1;810,77;-3,628;-0,144;1,325;5,245
53,1;810,8;-3,629;-0,144;1,325;5,244
53,1;810,82;-3,63;-0,144;1,325;5,244
53,11;810,85;-3,632;-0,144;1,325;5,244
53,11;810,87;-3,633;-0,144;1,325;5,244
53,11;810,9;-3,634;-0,144;1,325;5,244
53,11;810,92;-3,635;-0,144;1,325;5,244
53,11;810,95;-3,637;-0,144;1,325;5,244
53,11;810,97;-3,638;-0,144;1,325;5,244
53,11;811;-3,639;-0,144;1,325;5,244
53,12;811,02;-3,64;-0,144;1,324;5,244
53,12;811,05;-3,642;-0,144;1,324;5,244
53,12;811,07;-3,643;-0,144;1,324;5,243
53,12;811,1;-3,644;-0,144;1,324;5,243
53,12;811,12;-3,645;-0,144;1,324;5,243
53,13;811,15;-3,647;-0,144;1,324;5,243
53,13;811,17;-3,648;-0,144;1,324;5,243
53,13;811,2;-3,649;-0,144;1,324;5,243
53,13;811,22;-3,651;-0,145;1,324;5,243
53,13;811,25;-3,652;-0,145;1,324;5,243
53,13;811,27;-3,654;-0,145;1,324;5,243
53,14;811,3;-3,655;-0,145;1,324;5,243
53,14;811,32;-3,656;-0,145;1,324;5,243
53,14;811,35;-3,658;-0,145;1,324;5,242
53,14;811,37;-3,659;-0,145;1,324;5,242
53,14;811,4;-3,66;-0,145;1,324;5,242
53,14;811,42;-3,661;-0,145;1,324;5,242
53,14;811,45;-3,662;-0,145;1,324;5,242
53,15;811,47;-3,664;-0,145;1,324;5,242
53,15;811,5;-3,665;-0,145;1,324;5,242
53,15;811,52;-3,666;-0,145;1,324;5,242
53,15;811,55;-3,667;-0,145;1,324;5,242
53,15;811,57;-3,668;-0,145;1,324;5,242
53,16;811,6;-3,67;-0,145;1,324;5,242
53,16;811,62;-3,67;-0,145;1,324;5,241
53,16;811,65;-3,671;-0,145;1,324;5,241
53,16;811,67;-3,672;-0,145;1,324;5,241
53,16;811,7;-3,673;-0,145;1,324;5,241
53,16;811,72;-3,674;-0,145;1,324;5,241
53,16;811,75;-3,675;-0,145;1,324;5,241
53,17;811,77;-3,675;-0,146;1,324;5,241
53,17;811,8;-3,676;-0,146;1,324;5,241
53,17;811,82;-3,677;-0,146;1,324;5,241
53,17;811,85;-3,678;-0,146;1,324;5,241
53,17;811,87;-3,678;-0,146;1,324;5,24
53,18;811,9;-3,679;-0,146;1,324;5,24
53,18;811,92;-3,68;-0,146;1,324;5,24
53,18;811,95;-3,68;-0,146;1,324;5,24
53,18;811,97;-3,681;-0,146;1,324;5,24
53,18;812;-3,682;-0,146;1,324;5,24
53,18;812,02;-3,683;-0,146;1,324;5,24
53,19;812,05;-3,683;-0,146;1,324;5,24
53,19;812,07;-3,684;-0,146;1,323;5,24
53,19;812,1;-3,685;-0,146;1,323;5,24
53,19;812,12;-3,686;-0,146;1,323;5,24
53,19;812,15;-3,687;-0,146;1,323;5,239
53,19;812,17;-3,688;-0,146;1,323;5,239
53,19;812,2;-3,689;-0,146;1,323;5,239
53,2;812,22;-3,69;-0,146;1,323;5,239
53,2;812,25;-3,691;-0,146;1,323;5,239
53,2;812,27;-3,692;-0,146;1,323;5,239
53,2;812,3;-3,693;-0,146;1,323;5,239
53,2;812,32;-3,694;-0,146;1,323;5,239
53,21;812,35;-3,695;-0,146;1,323;5,239
53,21;812,37;-3,696;-0,146;1,323;5,239
53,21;812,4;-3,697;-0,146;1,323;5,239
53,21;812,42;-3,698;-0,146;1,323;5,238
53,21;812,45;-3,7;-0,146;1,323;5,238
53,21;812,47;-3,7;-0,147;1,323;5,238
53,21;812,5;-3,701;-0,147;1,323;5,238
53,22;812,52;-3,702;-0,147;1,323;5,238
53,22;812,55;-3,703;-0,147;1,323;5,238
53,22;812,57;-3,705;-0,147;1,323;5,238
53,22;812,6;-3,706;-0,147;1,323;5,238
53,22;812,62;-3,707;-0,147;1,323;5,238
53,23;812,65;-3,708;-0,147;1,323;5,238
53,23;812,67;-3,709;-0,147;1,323;5,237
53,23;812,7;-3,711;-0,147;1,323;5,237
53,23;812,72;-3,712;-0,147;1,323;5,237
53,23;812,75;-3,713;-0,147;1,323;5,237
53,23;812,77;-3,715;-0,147;1,323;5,237
53,24;812,8;-3,716;-0,147;1,323;5,237
53,24;812,82;-3,718;-0,147;1,323;5,237
53,24;812,85;-3,72;-0,147;1,323;5,237
53,24;812,87;-3,721;-0,147;1,323;5,237
53,24;812,9;-3,723;-0,147;1,323;5,237
53,24;812,92;-3,724;-0,147;1,323;5,237
53,24;812,95;-3,726;-0,148;1,323;5,236
53,25;812,97;-3,728;-0,148;1,323;5,236
53,25;813;-3,729;-0,148;1,323;5,236
53,25;813,02;-3,731;-0,148;1,323;5,236
53,25;813,05;-3,733;-0,148;1,323;5,236
53,25;813,07;-3,735;-0,148;1,323;5,236
53,26;813,1;-3,736;-0,148;1,323;5,236
53,26;813,12;-3,738;-0,148;1,322;5,236
53,26;813,15;-3,74;-0,148;1,322;5,236
53,26;813,17;-3,741;-0,148;1,322;5,236
53,26;813,2;-3,743;-0,148;1,322;5,235
53,26;813,22;-3,745;-0,148;1,322;5,235
53,26;813,25;-3,746;-0,148;1,322;5,235
53,27;813,27;-3,748;-0,148;1,322;5,235
53,27;813,3;-3,75;-0,148;1,322;5,235
53,27;813,32;-3,752;-0,149;1,322;5,235
53,27;813,35;-3,753;-0,149;1,322;5,235
53,27;813,37;-3,755;-0,149;1,322;5,235
53,28;813,4;-3,757;-0,149;1,322;5,235
53,28;813,42;-3,759;-0,149;1,322;5,235
53,28;813,45;-3,76;-0,149;1,322;5,235
53,28;813,47;-3,762;-0,149;1,322;5,234
53,28;813,5;-3,764;-0,149;1,322;5,234
53,28;813,52;-3,765;-0,149;1,322;5,234
53,29;813,55;-3,767;-0,149;1,322;5,234
53,29;813,57;-3,768;-0,149;1,322;5,234
53,29;813,6;-3,77;-0,149;1,322;5,234
53,29;813,62;-3,772;-0,149;1,322;5,234
53,29;813,65;-3,773;-0,149;1,322;5,234
53,29;813,67;-3,775;-0,149;1,322;5,234
53,29;813,7;-3,777;-0,15;1,322;5,234
53,3;813,72;-3,778;-0,15;1,322;5,233
53,3;813,75;-3,78;-0,15;1,322;5,233
53,3;813,77;-3,782;-0,15;1,322;5,233
53,3;813,8;-3,784;-0,15;1,322;5,233
53,3;813,82;-3,785;-0,15;1,322;5,233
53,31;813,85;-3,787;-0,15;1,322;5,233
53,31;813,87;-3,789;-0,15;1,322;5,233
53,31;813,9;-3,791;-0,15;1,322;5,233
53,31;813,92;-3,792;-0,15;1,322;5,233
53,31;813,95;-3,794;-0,15;1,322;5,233
53,31;813,97;-3,795;-0,15;1,322;5,232
53,31;814;-3,796;-0,15;1,322;5,232
53,32;814,02;-3,798;-0,15;1,322;5,232
53,32;814,05;-3,799;-0,15;1,322;5,232
53,32;814,07;-3,801;-0,15;1,322;5,232
53,32;814,1;-3,803;-0,151;1,322;5,232
53,32;814,12;-3,804;-0,151;1,322;5,232
53,33;814,15;-3,806;-0,151;1,321;5,232
53,33;814,17;-3,808;-0,151;1,321;5,232
53,33;814,2;-3,809;-0,151;1,321;5,232
53,33;814,22;-3,811;-0,151;1,321;5,232
53,33;814,24;-3,813;-0,151;1,321;5,231
53,33;814,27;-3,814;-0,151;1,321;5,231
53,34;814,29;-3,816;-0,151;1,321;5,231
53,34;814,32;-3,818;-0,151;1,321;5,231
53,34;814,34;-3,82;-0,151;1,321;5,231
53,34;814,37;-3,822;-0,151;1,321;5,231
53,34;814,39;-3,824;-0,151;1,321;5,231
53,34;814,42;-3,826;-0,151;1,321;5,231
53,34;814,44;-3,828;-0,152;1,321;5,231
53,35;814,47;-3,83;-0,152;1,321;5,231
53,35;814,49;-3,832;-0,152;1,321;5,23
53,35;814,52;-3,834;-0,152;1,321;5,23
53,35;814,54;-3,836;-0,152;1,321;5,23
53,35;814,57;-3,838;-0,152;1,321;5,23
53,36;814,59;-3,839;-0,152;1,321;5,23
53,36;814,62;-3,841;-0,152;1,321;5,23
53,36;814,64;-3,843;-0,152;1,321;5,23
53,36;814,67;-3,845;-0,152;1,321;5,23
53,36;814,69;-3,847;-0,152;1,321;5,23
53,36;814,72;-3,849;-0,152;1,321;5,23
53,36;814,74;-3,85;-0,152;1,321;5,229
53,37;814,77;-3,852;-0,153;1,321;5,229
53,37;814,79;-3,854;-0,153;1,321;5,229
53,37;814,82;-3,856;-0,153;1,321;5,229
53,37;814,84;-3,858;-0,153;1,321;5,229
53,37;814,87;-3,86;-0,153;1,321;5,229
53,38;814,89;-3,861;-0,153;1,321;5,229
53,38;814,92;-3,863;-0,153;1,321;5,229
53,38;814,94;-3,865;-0,153;1,321;5,229
53,38;814,97;-3,866;-0,153;1,321;5,229
53,38;814,99;-3,868;-0,153;1,321;5,228
53,38;815,02;-3,869;-0,153;1,321;5,228
53,39;815,04;-3,871;-0,153;1,321;5,228
53,39;815,07;-3,872;-0,153;1,321;5,228
53,39;815,09;-3,874;-0,153;1,321;5,228
53,39;815,12;-3,875;-0,153;1,321;5,228
53,39;815,14;-3,877;-0,153;1,321;5,228
53,39;815,17;-3,878;-0,154;1,32;5,228
53,39;815,19;-3,88;-0,154;1,32;5,228
53,4;815,22;-3,881;-0,154;1,32;5,228
53,4;815,24;-3,883;-0,154;1,32;5,228
53,4;815,27;-3,884;-0,154;1,32;5,227
53,4;815,29;-3,886;-0,154;1,32;5,227
53,4;815,32;-3,887;-0,154;1,32;5,227
53,41;815,34;-3,888;-0,154;1,32;5,227
53,41;815,37;-3,889;-0,154;1,32;5,227
53,41;815,39;-3,891;-0,154;1,32;5,227
53,41;815,42;-3,892;-0,154;1,32;5,227
53,41;815,44;-3,893;-0,154;1,32;5,227
53,41;815,47;-3,894;-0,154;1,32;5,227
53,41;815,49;-3,896;-0,154;1,32;5,227
53,42;815,52;-3,897;-0,154;1,32;5,226
53,42;815,54;-3,898;-0,154;1,32;5,226
53,42;815,57;-3,899;-0,154;1,32;5,226
53,42;815,59;-3,9;-0,154;1,32;5,226
53,42;815,62;-3,9;-0,154;1,32;5,226
53,43;815,64;-3,901;-0,154;1,32;5,226
53,43;815,67;-3,902;-0,154;1,32;5,226
53,43;815,69;-3,903;-0,155;1,32;5,226
53,43;815,72;-3,904;-0,155;1,32;5,226
53,43;815,74;-3,905;-0,155;1,32;5,226
53,43;815,77;-3,906;-0,155;1,32;5,225
53,44;815,79;-3,906;-0,155;1,32;5,225
53,44;815,82;-3,907;-0,155;1,32;5,225
53,44;815,84;-3,908;-0,155;1,32;5,225
53,44;815,87;-3,909;-0,155;1,32;5,225
53,44;815,89;-3,91;-0,155;1,32;5,225
53,44;815,92;-3,911;-0,155;1,32;5,225
53,44;815,94;-3,912;-0,155;1,32;5,225
53,45;815,97;-3,913;-0,155;1,32;5,225
53,45;815,99;-3,914;-0,155;1,32;5,225
53,45;816,02;-3,914;-0,155;1,32;5,224
53,45;816,04;-3,915;-0,155;1,32;5,224
53,45;816,07;-3,916;-0,155;1,32;5,224
53,46;816,09;-3,917;-0,155;1,32;5,224
53,46;816,12;-3,918;-0,155;1,32;5,224
53,46;816,14;-3,919;-0,155;1,319;5,224
53,46;816,17;-3,921;-0,155;1,319;5,224
53,46;816,19;-3,922;-0,155;1,319;5,224
53,46;816,22;-3,923;-0,155;1,319;5,224
53,46;816,24;-3,924;-0,155;1,319;5,224
53,47;816,27;-3,925;-0,155;1,319;5,223
53,47;816,29;-3,927;-0,155;1,319;5,223
53,47;816,32;-3,928;-0,156;1,319;5,223
53,47;816,34;-3,929;-0,156;1,319;5,223
53,47;816,37;-3,931;-0,156;1,319;5,223
53,48;816,39;-3,932;-0,156;1,319;5,223
53,48;816,42;-3,934;-0,156;1,319;5,223
53,48;816,44;-3,935;-0,156;1,319;5,223
53,48;816,47;-3,936;-0,156;1,319;5,223
53,48;816,49;-3,938;-0,156;1,319;5,223
53,48;816,52;-3,939;-0,156;1,319;5,222
53,49;816,54;-3,941;-0,156;1,319;5,222
53,49;816,57;-3,943;-0,156;1,319;5,222
53,49;816,59;-3,944;-0,156;1,319;5,222
53,49;816,62;-3,946;-0,156;1,319;5,222
53,49;816,64;-3,947;-0,156;1,319;5,222
53,49;816,67;-3,948;-0,156;1,319;5,222
53,49;816,69;-3,95;-0,156;1,319;5,222
53,5;816,72;-3,952;-0,156;1,319;5,222
53,5;816,74;-3,953;-0,157;1,319;5,221
53,5;816,77;-3,955;-0,157;1,319;5,221
53,5;816,79;-3,957;-0,157;1,319;5,221
53,5;816,82;-3,959;-0,157;1,319;5,221
53,51;816,84;-3,96;-0,157;1,319;5,221
53,51;816,87;-3,962;-0,157;1,319;5,221
53,51;816,89;-3,964;-0,157;1,319;5,221
53,51;816,92;-3,965;-0,157;1,319;5,221
53,51;816,94;-3,967;-0,157;1,319;5,221
53,51;816,97;-3,968;-0,157;1,319;5,221
53,51;816,99;-3,97;-0,157;1,319;5,22
53,52;817,02;-3,972;-0,157;1,319;5,22
53,52;817,04;-3,973;-0,157;1,319;5,22
53,52;817,07;-3,975;-0,157;1,319;5,22
53,52;817,09;-3,976;-0,157;1,319;5,22
53,52;817,12;-3,978;-0,157;1,318;5,22
53,53;817,14;-3,98;-0,158;1,318;5,22
53,53;817,17;-3,981;-0,158;1,318;5,22
53,53;817,19;-3,983;-0,158;1,318;5,22
53,53;817,22;-3,984;-0,158;1,318;5,22
53,53;817,24;-3,986;-0,158;1,318;5,219
53,53;817,27;-3,987;-0,158;1,318;5,219
53,54;817,29;-3,989;-0,158;1,318;5,219
53,54;817,32;-3,99;-0,158;1,318;5,219
53,54;817,34;-3,992;-0,158;1,318;5,219
53,54;817,37;-3,993;-0,158;1,318;5,219
53,54;817,39;-3,995;-0,158;1,318;5,219
53,54;817,42;-3,996;-0,158;1,318;5,219
53,54;817,44;-3,998;-0,158;1,318;5,219
53,55;817,47;-3,999;-0,158;1,318;5,219
53,55;817,49;-4,001;-0,158;1,318;5,218
53,55;817,52;-4,002;-0,158;1,318;5,218
53,55;817,54;-4,004;-0,158;1,318;5,218
53,55;817,57;-4,005;-0,159;1,318;5,218
53,56;817,59;-4,006;-0,159;1,318;5,218
53,56;817,62;-4,007;-0,159;1,318;5,218
53,56;817,64;-4,009;-0,159;1,318;5,218
53,56;817,67;-4,01;-0,159;1,318;5,218
53,56;817,69;-4,011;-0,159;1,318;5,218
53,56;817,72;-4,012;-0,159;1,318;5,217
53,56;817,74;-4,013;-0,159;1,318;5,217
53,57;817,77;-4,014;-0,159;1,318;5,217
53,57;817,79;-4,015;-0,159;1,318;5,217
53,57;817,82;-4,016;-0,159;1,318;5,217
53,57;817,84;-4,017;-0,159;1,318;5,217
53,57;817,87;-4,018;-0,159;1,318;5,217
53,58;817,89;-4,02;-0,159;1,318;5,217
53,58;817,92;-4,021;-0,159;1,318;5,217
53,58;817,94;-4,021;-0,159;1,318;5,217
53,58;817,97;-4,022;-0,159;1,318;5,216
53,58;817,99;-4,023;-0,159;1,318;5,216
53,58;818,02;-4,024;-0,159;1,318;5,216
53,59;818,04;-4,024;-0,159;1,318;5,216
53,59;818,07;-4,025;-0,159;1,318;5,216
53,59;818,09;-4,026;-0,159;1,317;5,216
53,59;818,12;-4,027;-0,159;1,317;5,216
53,59;818,14;-4,027;-0,159;1,317;5,216
53,59;818,17;-4,028;-0,159;1,317;5,216
53,59;818,19;-4,029;-0,16;1,317;5,216
53,6;818,22;-4,03;-0,16;1,317;5,215
53,6;818,24;-4,03;-0,16;1,317;5,215
53,6;818,27;-4,031;-0,16;1,317;5,215
53,6;818,29;-4,032;-0,16;1,317;5,215
53,6;818,32;-4,033;-0,16;1,317;5,215
53,61;818,34;-4,033;-0,16;1,317;5,215
53,61;818,37;-4,034;-0,16;1,317;5,215
53,61;818,39;-4,035;-0,16;1,317;5,215
53,61;818,42;-4,035;-0,16;1,317;5,215
53,61;818,44;-4,036;-0,16;1,317;5,214
53,61;818,47;-4,037;-0,16;1,317;5,214
53,61;818,49;-4,037;-0,16;1,317;5,214
53,62;818,52;-4,038;-0,16;1,317;5,214
53,62;818,54;-4,039;-0,16;1,317;5,214
53,62;818,57;-4,039;-0,16;1,317;5,214
53,62;818,59;-4,04;-0,16;1,317;5,214
53,62;818,62;-4,041;-0,16;1,317;5,214
53,63;818,64;-4,041;-0,16;1,317;5,214
53,63;818,67;-4,042;-0,16;1,317;5,214
53,63;818,69;-4,043;-0,16;1,317;5,213
53,63;818,72;-4,043;-0,16;1,317;5,213
53,63;818,74;-4,044;-0,16;1,317;5,213
53,63;818,77;-4,045;-0,16;1,317;5,213
53,64;818,79;-4,045;-0,16;1,317;5,213
53,64;818,82;-4,046;-0,16;1,317;5,213
53,64;818,84;-4,047;-0,16;1,317;5,213
53,64;818,87;-4,047;-0,16;1,317;5,213
53,64;818,89;-4,048;-0,16;1,317;5,213
53,64;818,92;-4,049;-0,16;1,317;5,213
53,64;818,94;-4,05;-0,16;1,317;5,212
53,65;818,97;-4,05;-0,16;1,317;5,212
53,65;818,99;-4,051;-0,16;1,317;5,212
53,65;819,02;-4,052;-0,16;1,317;5,212
53,65;819,04;-4,053;-0,16;1,316;5,212
53,65;819,07;-4,054;-0,16;1,316;5,212
53,66;819,09;-4,055;-0,161;1,316;5,212
53,66;819,12;-4,055;-0,161;1,316;5,212
53,66;819,14;-4,056;-0,161;1,316;5,212
53,66;819,17;-4,057;-0,161;1,316;5,211
53,66;819,19;-4,058;-0,161;1,316;5,211
53,66;819,22;-4,058;-0,161;1,316;5,211
53,66;819,24;-4,059;-0,161;1,316;5,211
53,67;819,27;-4,06;-0,161;1,316;5,211
53,67;819,29;-4,061;-0,161;1,316;5,211
53,67;819,32;-4,061;-0,161;1,316;5,211
53,67;819,34;-4,062;-0,161;1,316;5,211
53,67;819,37;-4,063;-0,161;1,316;5,211
53,68;819,39;-4,064;-0,161;1,316;5,211
53,68;819,42;-4,065;-0,161;1,316;5,21
53,68;819,44;-4,066;-0,161;1,316;5,21
53,68;819,47;-4,067;-0,161;1,316;5,21
53,68;819,49;-4,068;-0,161;1,316;5,21
53,68;819,52;-4,069;-0,161;1,316;5,21
53,69;819,54;-4,07;-0,161;1,316;5,21
53,69;819,57;-4,071;-0,161;1,316;5,21
53,69;819,59;-4,073;-0,161;1,316;5,21
53,69;819,62;-4,074;-0,161;1,316;5,21
53,69;819,64;-4,075;-0,161;1,316;5,209
53,69;819,67;-4,076;-0,161;1,316;5,209
53,69;819,69;-4,077;-0,161;1,316;5,209
53,7;819,72;-4,078;-0,161;1,316;5,209
53,7;819,74;-4,08;-0,162;1,316;5,209
53,7;819,77;-4,081;-0,162;1,316;5,209
53,7;819,79;-4,082;-0,162;1,316;5,209
53,7;819,82;-4,083;-0,162;1,316;5,209
53,71;819,84;-4,085;-0,162;1,316;5,209
53,71;819,87;-4,086;-0,162;1,316;5,209
53,71;819,89;-4,087;-0,162;1,316;5,208
53,71;819,92;-4,089;-0,162;1,316;5,208
53,71;819,94;-4,09;-0,162;1,316;5,208
53,71;819,97;-4,091;-0,162;1,316;5,208
53,71;819,99;-4,092;-0,162;1,315;5,208
53,72;820,02;-4,094;-0,162;1,315;5,208
53,72;820,04;-4,095;-0,162;1,315;5,208
53,72;820,07;-4,096;-0,162;1,315;5,208
53,72;820,09;-4,098;-0,162;1,315;5,208
53,72;820,12;-4,099;-0,162;1,315;5,207
53,73;820,14;-4,1;-0,162;1,315;5,207
53,73;820,17;-4,101;-0,162;1,315;5,207
53,73;820,19;-4,103;-0,162;1,315;5,207
53,73;820,22;-4,104;-0,162;1,315;5,207
53,73;820,24;-4,105;-0,163;1,315;5,207
53,73;820,27;-4,106;-0,163;1,315;5,207
53,74;820,29;-4,107;-0,163;1,315;5,207
53,74;820,32;-4,109;-0,163;1,315;5,207
53,74;820,34;-4,11;-0,163;1,315;5,207
53,74;820,37;-4,111;-0,163;1,315;5,206
53,74;820,39;-4,112;-0,163;1,315;5,206
53,74;820,42;-4,114;-0,163;1,315;5,206
53,74;820,44;-4,115;-0,163;1,315;5,206
53,75;820,47;-4,116;-0,163;1,315;5,206
53,75;820,49;-4,118;-0,163;1,315;5,206
53,75;820,52;-4,119;-0,163;1,315;5,206
53,75;820,54;-4,12;-0,163;1,315;5,206
53,75;820,57;-4,121;-0,163;1,315;5,206
53,76;820,59;-4,123;-0,163;1,315;5,205
53,76;820,62;-4,124;-0,163;1,315;5,205
53,76;820,64;-4,125;-0,163;1,315;5,205
53,76;820,67;-4,126;-0,163;1,315;5,205
53,76;820,69;-4,127;-0,163;1,315;5,205
53,76;820,71;-4,128;-0,163;1,315;5,205
53,76;820,74;-4,129;-0,163;1,315;5,205
53,77;820,76;-4,13;-0,164;1,315;5,205
53,77;820,79;-4,131;-0,164;1,315;5,205
53,77;820,81;-4,132;-0,164;1,315;5,204
53,77;820,84;-4,133;-0,164;1,315;5,204
53,77;820,86;-4,134;-0,164;1,315;5,204
53,78;820,89;-4,135;-0,164;1,315;5,204
53,78;820,91;-4,136;-0,164;1,314;5,204
53,78;820,94;-4,137;-0,164;1,314;5,204
53,78;820,96;-4,138;-0,164;1,314;5,204
53,78;820,99;-4,139;-0,164;1,314;5,204
53,78;821,01;-4,14;-0,164;1,314;5,204
53,79;821,04;-4,141;-0,164;1,314;5,204
53,79;821,06;-4,142;-0,164;1,314;5,203
53,79;821,09;-4,142;-0,164;1,314;5,203
53,79;821,11;-4,143;-0,164;1,314;5,203
53,79;821,14;-4,144;-0,164;1,314;5,203
53,79;821,16;-4,145;-0,164;1,314;5,203
53,79;821,19;-4,146;-0,164;1,314;5,203
53,8;821,21;-4,147;-0,164;1,314;5,203
53,8;821,24;-4,148;-0,164;1,314;5,203
53,8;821,26;-4,15;-0,164;1,314;5,203
53,8;821,29;-4,151;-0,164;1,314;5,202
53,8;821,31;-4,152;-0,164;1,314;5,202
53,81;821,34;-4,153;-0,164;1,314;5,202
53,81;821,36;-4,154;-0,164;1,314;5,202
53,81;821,39;-4,155;-0,165;1,314;5,202
53,81;821,41;-4,156;-0,165;1,314;5,202
53,81;821,44;-4,158;-0,165;1,314;5,202
53,81;821,46;-4,159;-0,165;1,314;5,202
53,81;821,49;-4,16;-0,165;1,314;5,202
53,82;821,51;-4,161;-0,165;1,314;5,201
53,82;821,54;-4,163;-0,165;1,314;5,201
53,82;821,56;-4,164;-0,165;1,314;5,201
53,82;821,59;-4,165;-0,165;1,314;5,201
53,82;821,61;-4,166;-0,165;1,314;5,201
53,83;821,64;-4,167;-0,165;1,314;5,201
53,83;821,66;-4,168;-0,165;1,314;5,201
53,83;821,69;-4,17;-0,165;1,314;5,201
53,83;821,71;-4,171;-0,165;1,314;5,201
53,83;821,74;-4,172;-0,165;1,314;5,2
53,83;821,76;-4,173;-0,165;1,314;5,2
53,84;821,79;-4,174;-0,165;1,314;5,2
53,84;821,81;-4,175;-0,165;1,313;5,2
53,84;821,84;-4,176;-0,165;1,313;5,2
53,84;821,86;-4,178;-0,165;1,313;5,2
53,84;821,89;-4,179;-0,165;1,313;5,2
53,84;821,91;-4,18;-0,165;1,313;5,2
53,84;821,94;-4,181;-0,166;1,313;5,2
53,85;821,96;-4,182;-0,166;1,313;5,199
53,85;821,99;-4,183;-0,166;1,313;5,199
53,85;822,01;-4,185;-0,166;1,313;5,199
53,85;822,04;-4,186;-0,166;1,313;5,199
53,85;822,06;-4,187;-0,166;1,313;5,199
53,86;822,09;-4,188;-0,166;1,313;5,199
53,86;822,11;-4,19;-0,166;1,313;5,199
53,86;822,14;-4,191;-0,166;1,313;5,199
53,86;822,16;-4,192;-0,166;1,313;5,199
53,86;822,19;-4,194;-0,166;1,313;5,198
53,86;822,21;-4,195;-0,166;1,313;5,198
53,86;822,24;-4,196;-0,166;1,313;5,198
53,87;822,26;-4,197;-0,166;1,313;5,198
53,87;822,29;-4,199;-0,166;1,313;5,198
53,87;822,31;-4,2;-0,166;1,313;5,198
53,87;822,34;-4,201;-0,166;1,313;5,198
53,87;822,36;-4,202;-0,166;1,313;5,198
53,88;822,39;-4,204;-0,166;1,313;5,198
53,88;822,41;-4,205;-0,166;1,313;5,197
53,88;822,44;-4,207;-0,167;1,313;5,197
53,88;822,46;-4,208;-0,167;1,313;5,197
53,88;822,49;-4,209;-0,167;1,313;5,197
53,88;822,51;-4,21;-0,167;1,313;5,197
53,89;822,54;-4,212;-0,167;1,313;5,197
53,89;822,56;-4,213;-0,167;1,313;5,197
53,89;822,59;-4,215;-0,167;1,313;5,197
53,89;822,61;-4,216;-0,167;1,313;5,197
53,89;822,64;-4,218;-0,167;1,313;5,196
53,89;822,66;-4,219;-0,167;1,313;5,196
53,89;822,69;-4,221;-0,167;1,313;5,196
53,9;822,71;-4,222;-0,167;1,312;5,196
53,9;822,74;-4,224;-0,167;1,312;5,196
53,9;822,76;-4,225;-0,167;1,312;5,196
53,9;822,79;-4,227;-0,167;1,312;5,196
53,9;822,81;-4,228;-0,167;1,312;5,196
53,91;822,84;-4,23;-0,167;1,312;5,196
53,91;822,86;-4,232;-0,168;1,312;5,195
53,91;822,89;-4,233;-0,168;1,312;5,195
53,91;822,91;-4,235;-0,168;1,312;5,195
53,91;822,94;-4,236;-0,168;1,312;5,195
53,91;822,96;-4,238;-0,168;1,312;5,195
53,91;822,99;-4,239;-0,168;1,312;5,195
53,92;823,01;-4,241;-0,168;1,312;5,195
53,92;823,04;-4,242;-0,168;1,312;5,195
53,92;823,06;-4,244;-0,168;1,312;5,195
53,92;823,09;-4,245;-0,168;1,312;5,194
53,92;823,11;-4,247;-0,168;1,312;5,194
53,93;823,14;-4,249;-0,168;1,312;5,194
53,93;823,16;-4,25;-0,168;1,312;5,194
53,93;823,19;-4,252;-0,168;1,312;5,194
53,93;823,21;-4,253;-0,168;1,312;5,194
53,93;823,24;-4,255;-0,168;1,312;5,194
53,93;823,26;-4,256;-0,169;1,312;5,194
53,94;823,29;-4,258;-0,169;1,312;5,194
53,94;823,31;-4,259;-0,169;1,312;5,193
53,94;823,34;-4,261;-0,169;1,312;5,193
53,94;823,36;-4,262;-0,169;1,312;5,193
53,94;823,39;-4,264;-0,169;1,312;5,193
53,94;823,41;-4,265;-0,169;1,312;5,193
53,94;823,44;-4,267;-0,169;1,312;5,193
53,95;823,46;-4,268;-0,169;1,312;5,193
53,95;823,49;-4,27;-0,169;1,312;5,193
53,95;823,51;-4,271;-0,169;1,312;5,193
53,95;823,54;-4,273;-0,169;1,312;5,192
53,95;823,56;-4,275;-0,169;1,312;5,192
53,96;823,59;-4,276;-0,169;1,311;5,192
53,96;823,61;-4,278;-0,169;1,311;5,192
53,96;823,64;-4,279;-0,169;1,311;5,192
53,96;823,66;-4,281;-0,169;1,311;5,192
53,96;823,69;-4,282;-0,17;1,311;5,192
53,96;823,71;-4,284;-0,17;1,311;5,192
53,96;823,74;-4,285;-0,17;1,311;5,192
53,97;823,76;-4,286;-0,17;1,311;5,191
53,97;823,79;-4,288;-0,17;1,311;5,191
53,97;823,81;-4,289;-0,17;1,311;5,191
53,97;823,84;-4,29;-0,17;1,311;5,191
53,97;823,86;-4,292;-0,17;1,311;5,191
53,98;823,89;-4,293;-0,17;1,311;5,191
53,98;823,91;-4,294;-0,17;1,311;5,191
53,98;823,94;-4,295;-0,17;1,311;5,191
53,98;823,96;-4,296;-0,17;1,311;5,19
53,98;823,99;-4,297;-0,17;1,311;5,19
53,98;824,01;-4,299;-0,17;1,311;5,19
53,99;824,04;-4,3;-0,17;1,311;5,19
53,99;824,06;-4,301;-0,17;1,311;5,19
53,99;824,09;-4,302;-0,17;1,311;5,19
53,99;824,11;-4,303;-0,17;1,311;5,19
53,99;824,14;-4,304;-0,17;1,311;5,19
53,99;824,16;-4,305;-0,17;1,311;5,19
53,99;824,19;-4,307;-0,17;1,311;5,189
54;824,21;-4,308;-0,171;1,311;5,189
54;824,24;-4,309;-0,171;1,311;5,189
54;824,26;-4,31;-0,171;1,311;5,189
54;824,29;-4,311;-0,171;1,311;5,189
54;824,31;-4,313;-0,171;1,311;5,189
54,01;824,34;-4,314;-0,171;1,311;5,189
54,01;824,36;-4,315;-0,171;1,311;5,189
54,01;824,39;-4,316;-0,171;1,311;5,189
54,01;824,41;-4,317;-0,171;1,311;5,188
54,01;824,44;-4,318;-0,171;1,311;5,188
54,01;824,46;-4,319;-0,171;1,31;5,188
54,01;824,49;-4,321;-0,171;1,31;5,188
54,02;824,51;-4,322;-0,171;1,31;5,188
54,02;824,54;-4,323;-0,171;1,31;5,188
54,02;824,56;-4,324;-0,171;1,31;5,188
54,02;824,59;-4,325;-0,171;1,31;5,188
54,02;824,61;-4,326;-0,171;1,31;5,188
54,03;824,64;-4,327;-0,171;1,31;5,187
54,03;824,66;-4,328;-0,171;1,31;5,187
54,03;824,69;-4,329;-0,171;1,31;5,187
54,03;824,71;-4,33;-0,171;1,31;5,187
54,03;824,74;-4,331;-0,171;1,31;5,187
54,03;824,76;-4,331;-0,171;1,31;5,187
54,04;824,79;-4,332;-0,172;1,31;5,187
54,04;824,81;-4,333;-0,172;1,31;5,187
54,04;824,84;-4,334;-0,172;1,31;5,186
54,04;824,86;-4,334;-0,172;1,31;5,186
54,04;824,89;-4,335;-0,172;1,31;5,186
54,04;824,91;-4,336;-0,172;1,31;5,186
54,04;824,94;-4,336;-0,172;1,31;5,186
54,05;824,96;-4,337;-0,172;1,31;5,186
54,05;824,99;-4,338;-0,172;1,31;5,186
54,05;825,01;-4,339;-0,172;1,31;5,186
54,05;825,04;-4,34;-0,172;1,31;5,186
54,05;825,06;-4,341;-0,172;1,31;5,185
54,06;825,09;-4,341;-0,172;1,31;5,185
54,06;825,11;-4,342;-0,172;1,31;5,185
54,06;825,14;-4,343;-0,172;1,31;5,185
54,06;825,16;-4,344;-0,172;1,31;5,185
54,06;825,19;-4,345;-0,172;1,31;5,185
54,06;825,21;-4,345;-0,172;1,31;5,185
54,06;825,24;-4,346;-0,172;1,31;5,185
54,07;825,26;-4,347;-0,172;1,31;5,185
54,07;825,29;-4,348;-0,172;1,31;5,184
54,07;825,31;-4,348;-0,172;1,309;5,184
54,07;825,34;-4,349;-0,172;1,309;5,184
54,07;825,36;-4,35;-0,172;1,309;5,184
54,08;825,39;-4,351;-0,172;1,309;5,184
54,08;825,41;-4,352;-0,172;1,309;5,184
54,08;825,44;-4,352;-0,172;1,309;5,184
54,08;825,46;-4,353;-0,172;1,309;5,184
54,08;825,49;-4,354;-0,172;1,309;5,183
54,08;825,51;-4,355;-0,172;1,309;5,183
54,09;825,54;-4,355;-0,172;1,309;5,183
54,09;825,56;-4,356;-0,172;1,309;5,183
54,09;825,59;-4,357;-0,172;1,309;5,183
54,09;825,61;-4,358;-0,173;1,309;5,183
54,09;825,64;-4,359;-0,173;1,309;5,183
54,09;825,66;-4,36;-0,173;1,309;5,183
54,09;825,69;-4,36;-0,173;1,309;5,183
54,1;825,71;-4,361;-0,173;1,309;5,182
54,1;825,74;-4,362;-0,173;1,309;5,182
54,1;825,76;-4,363;-0,173;1,309;5,182
54,1;825,79;-4,364;-0,173;1,309;5,182
54,1;825,81;-4,364;-0,173;1,309;5,182
54,11;825,84;-4,365;-0,173;1,309;5,182
54,11;825,86;-4,366;-0,173;1,309;5,182
54,11;825,89;-4,367;-0,173;1,309;5,182
54,11;825,91;-4,368;-0,173;1,309;5,181
54,11;825,94;-4,369;-0,173;1,309;5,181
54,11;825,96;-4,37;-0,173;1,309;5,181
54,11;825,99;-4,371;-0,173;1,309;5,181
54,12;826,01;-4,372;-0,173;1,309;5,181
54,12;826,04;-4,373;-0,173;1,309;5,181
54,12;826,06;-4,374;-0,173;1,309;5,181
54,12;826,09;-4,375;-0,173;1,309;5,181
54,12;826,11;-4,376;-0,173;1,309;5,181
54,13;826,14;-4,377;-0,173;1,309;5,18
54,13;826,16;-4,379;-0,173;1,308;5,18
54,13;826,19;-4,38;-0,173;1,308;5,18
54,13;826,21;-4,381;-0,173;1,308;5,18
54,13;826,24;-4,382;-0,173;1,308;5,18
54,13;826,26;-4,384;-0,174;1,308;5,18
54,14;826,29;-4,385;-0,174;1,308;5,18
54,14;826,31;-4,386;-0,174;1,308;5,18
54,14;826,34;-4,387;-0,174;1,308;5,179
54,14;826,36;-4,388;-0,174;1,308;5,179
54,14;826,39;-4,389;-0,174;1,308;5,179
54,14;826,41;-4,39;-0,174;1,308;5,179
54,14;826,44;-4,391;-0,174;1,308;5,179
54,15;826,46;-4,393;-0,174;1,308;5,179
54,15;826,49;-4,394;-0,174;1,308;5,179
54,15;826,51;-4,395;-0,174;1,308;5,179
54,15;826,54;-4,397;-0,174;1,308;5,178
54,15;826,56;-4,398;-0,174;1,308;5,178
54,16;826,59;-4,399;-0,174;1,308;5,178
54,16;826,61;-4,4;-0,174;1,308;5,178
54,16;826,64;-4,401;-0,174;1,308;5,178
54,16;826,66;-4,403;-0,174;1,308;5,178
54,16;826,69;-4,404;-0,174;1,308;5,178
54,16;826,71;-4,405;-0,174;1,308;5,178
54,16;826,74;-4,406;-0,174;1,308;5,178
54,17;826,76;-4,407;-0,174;1,308;5,177
54,17;826,79;-4,408;-0,175;1,308;5,177
54,17;826,81;-4,41;-0,175;1,308;5,177
54,17;826,84;-4,411;-0,175;1,308;5,177
54,17;826,86;-4,413;-0,175;1,308;5,177
54,18;826,89;-4,414;-0,175;1,308;5,177
54,18;826,91;-4,415;-0,175;1,308;5,177
54,18;826,94;-4,417;-0,175;1,308;5,177
54,18;826,96;-4,418;-0,175;1,308;5,176
54,18;826,99;-4,419;-0,175;1,307;5,176
54,18;827,01;-4,421;-0,175;1,307;5,176
54,19;827,04;-4,422;-0,175;1,307;5,176
54,19;827,06;-4,424;-0,175;1,307;5,176
54,19;827,09;-4,425;-0,175;1,307;5,176
54,19;827,11;-4,427;-0,175;1,307;5,176
54,19;827,14;-4,428;-0,175;1,307;5,176
54,19;827,16;-4,43;-0,175;1,307;5,175
54,19;827,19;-4,432;-0,175;1,307;5,175
54,2;827,21;-4,433;-0,176;1,307;5,175
54,2;827,24;-4,435;-0,176;1,307;5,175
54,2;827,26;-4,436;-0,176;1,307;5,175
54,2;827,29;-4,438;-0,176;1,307;5,175
54,2;827,31;-4,439;-0,176;1,307;5,175
54,21;827,34;-4,441;-0,176;1,307;5,175
54,21;827,36;-4,442;-0,176;1,307;5,175
54,21;827,39;-4,444;-0,176;1,307;5,174
54,21;827,41;-4,445;-0,176;1,307;5,174
54,21;827,44;-4,447;-0,176;1,307;5,174
54,21;827,46;-4,449;-0,176;1,307;5,174
54,21;827,49;-4,45;-0,176;1,307;5,174
54,22;827,51;-4,452;-0,176;1,307;5,174
54,22;827,54;-4,453;-0,176;1,307;5,174
54,22;827,56;-4,455;-0,176;1,307;5,174
54,22;827,59;-4,456;-0,176;1,307;5,173
54,22;827,61;-4,458;-0,176;1,307;5,173
54,23;827,64;-4,459;-0,177;1,307;5,173
54,23;827,66;-4,461;-0,177;1,307;5,173
54,23;827,69;-4,462;-0,177;1,307;5,173
54,23;827,71;-4,463;-0,177;1,307;5,173
54,23;827,74;-4,465;-0,177;1,307;5,173
54,23;827,76;-4,466;-0,177;1,307;5,173
54,24;827,79;-4,467;-0,177;1,306;5,172
54,24;827,81;-4,469;-0,177;1,306;5,172
54,24;827,84;-4,47;-0,177;1,306;5,172
54,24;827,86;-4,471;-0,177;1,306;5,172
54,24;827,89;-4,473;-0,177;1,306;5,172
54,24;827,91;-4,474;-0,177;1,306;5,172
54,24;827,94;-4,475;-0,177;1,306;5,172
54,25;827,96;-4,477;-0,177;1,306;5,172
54,25;827,99;-4,478;-0,177;1,306;5,171
54,25;828,01;-4,479;-0,177;1,306;5,171
54,25;828,04;-4,48;-0,177;1,306;5,171
54,25;828,06;-4,482;-0,177;1,306;5,171
54,26;828,09;-4,483;-0,177;1,306;5,171
54,26;828,11;-4,484;-0,178;1,306;5,171
54,26;828,14;-4,485;-0,178;1,306;5,171
54,26;828,16;-4,486;-0,178;1,306;5,171
54,26;828,19;-4,487;-0,178;1,306;5,17
54,26;828,21;-4,488;-0,178;1,306;5,17
54,26;828,24;-4,489;-0,178;1,306;5,17
54,27;828,26;-4,49;-0,178;1,306;5,17
54,27;828,29;-4,492;-0,178;1,306;5,17
54,27;828,31;-4,492;-0,178;1,306;5,17
54,27;828,34;-4,493;-0,178;1,306;5,17
54,27;828,36;-4,494;-0,178;1,306;5,17
54,28;828,39;-4,495;-0,178;1,306;5,17
54,28;828,41;-4,496;-0,178;1,306;5,169
54,28;828,44;-4,497;-0,178;1,306;5,169
54,28;828,46;-4,497;-0,178;1,306;5,169
54,28;828,49;-4,498;-0,178;1,306;5,169
54,28;828,51;-4,499;-0,178;1,306;5,169
54,29;828,54;-4,5;-0,178;1,306;5,169
54,29;828,56;-4,501;-0,178;1,306;5,169
54,29;828,59;-4,502;-0,178;1,306;5,169
54,29;828,61;-4,502;-0,178;1,305;5,168
54,29;828,64;-4,503;-0,178;1,305;5,168
54,29;828,66;-4,504;-0,178;1,305;5,168
54,29;828,69;-4,504;-0,178;1,305;5,168
54,3;828,71;-4,505;-0,178;1,305;5,168
54,3;828,74;-4,506;-0,178;1,305;5,168
54,3;828,76;-4,506;-0,178;1,305;5,168
54,3;828,79;-4,507;-0,178;1,305;5,168
54,3;828,81;-4,508;-0,178;1,305;5,167
54,31;828,84;-4,509;-0,178;1,305;5,167
54,31;828,86;-4,509;-0,179;1,305;5,167
54,31;828,89;-4,51;-0,179;1,305;5,167
54,31;828,91;-4,511;-0,179;1,305;5,167
54,31;828,94;-4,512;-0,179;1,305;5,167
54,31;828,96;-4,513;-0,179;1,305;5,167
54,31;828,99;-4,514;-0,179;1,305;5,167
54,32;829,01;-4,515;-0,179;1,305;5,166
54,32;829,04;-4,516;-0,179;1,305;5,166
54,32;829,06;-4,517;-0,179;1,305;5,166
54,32;829,09;-4,518;-0,179;1,305;5,166
54,32;829,11;-4,519;-0,179;1,305;5,166
54,33;829,14;-4,52;-0,179;1,305;5,166
54,33;829,16;-4,521;-0,179;1,305;5,166
54,33;829,19;-4,522;-0,179;1,305;5,166
54,33;829,21;-4,523;-0,179;1,305;5,165
54,33;829,24;-4,524;-0,179;1,305;5,165
54,33;829,26;-4,525;-0,179;1,305;5,165
54,34;829,29;-4,526;-0,179;1,305;5,165
54,34;829,31;-4,527;-0,179;1,305;5,165
54,34;829,34;-4,528;-0,179;1,305;5,165
54,34;829,36;-4,529;-0,179;1,305;5,165
54,34;829,39;-4,53;-0,179;1,304;5,165
54,34;829,41;-4,532;-0,179;1,304;5,164
54,34;829,44;-4,533;-0,179;1,304;5,164
54,35;829,46;-4,534;-0,18;1,304;5,164
54,35;829,49;-4,536;-0,18;1,304;5,164
54,35;829,51;-4,537;-0,18;1,304;5,164
54,35;829,54;-4,538;-0,18;1,304;5,164
54,35;829,56;-4,539;-0,18;1,304;5,164
54,36;829,59;-4,541;-0,18;1,304;5,164
54,36;829,61;-4,542;-0,18;1,304;5,163
54,36;829,64;-4,543;-0,18;1,304;5,163
54,36;829,66;-4,544;-0,18;1,304;5,163
54,36;829,69;-4,545;-0,18;1,304;5,163
54,36;829,71;-4,547;-0,18;1,304;5,163
54,36;829,74;-4,548;-0,18;1,304;5,163
54,37;829,76;-4,549;-0,18;1,304;5,163
54,37;829,79;-4,55;-0,18;1,304;5,163
54,37;829,81;-4,551;-0,18;1,304;5,162
54,37;829,84;-4,552;-0,18;1,304;5,162
54,37;829,86;-4,553;-0,18;1,304;5,162
54,38;829,89;-4,554;-0,18;1,304;5,162
54,38;829,91;-4,556;-0,18;1,304;5,162
54,38;829,94;-4,557;-0,18;1,304;5,162
54,38;829,96;-4,558;-0,18;1,304;5,162
54,38;829,99;-4,559;-0,181;1,304;5,162
54,38;830,01;-4,56;-0,181;1,304;5,161
54,39;830,04;-4,562;-0,181;1,304;5,161
54,39;830,06;-4,563;-0,181;1,304;5,161
54,39;830,09;-4,564;-0,181;1,304;5,161
54,39;830,11;-4,565;-0,181;1,304;5,161
54,39;830,13;-4,566;-0,181;1,304;5,161
54,39;830,16;-4,568;-0,181;1,304;5,161
54,39;830,18;-4,569;-0,181;1,303;5,161
54,4;830,21;-4,57;-0,181;1,303;5,16
54,4;830,23;-4,571;-0,181;1,303;5,16
54,4;830,26;-4,572;-0,181;1,303;5,16
54,4;830,28;-4,573;-0,181;1,303;5,16
54,4;830,31;-4,575;-0,181;1,303;5,16
54,41;830,33;-4,576;-0,181;1,303;5,16
54,41;830,36;-4,578;-0,181;1,303;5,16
54,41;830,38;-4,579;-0,181;1,303;5,16
54,41;830,41;-4,581;-0,181;1,303;5,159
54,41;830,43;-4,582;-0,181;1,303;5,159
54,41;830,46;-4,584;-0,181;1,303;5,159
54,41;830,48;-4,585;-0,182;1,303;5,159
54,42;830,51;-4,587;-0,182;1,303;5,159
54,42;830,53;-4,589;-0,182;1,303;5,159
54,42;830,56;-4,59;-0,182;1,303;5,159
54,42;830,58;-4,592;-0,182;1,303;5,159
54,42;830,61;-4,594;-0,182;1,303;5,158
54,43;830,63;-4,595;-0,182;1,303;5,158
54,43;830,66;-4,597;-0,182;1,303;5,158
54,43;830,68;-4,598;-0,182;1,303;5,158
54,43;830,71;-4,599;-0,182;1,303;5,158
54,43;830,73;-4,601;-0,182;1,303;5,158
54,43;830,76;-4,603;-0,182;1,303;5,158
54,44;830,78;-4,604;-0,182;1,303;5,157
54,44;830,81;-4,606;-0,182;1,303;5,157
54,44;830,83;-4,607;-0,182;1,303;5,157
54,44;830,86;-4,609;-0,182;1,303;5,157
54,44;830,88;-4,611;-0,183;1,303;5,157
54,44;830,91;-4,612;-0,183;1,303;5,157
54,44;830,93;-4,614;-0,183;1,303;5,157
54,45;830,96;-4,616;-0,183;1,302;5,157
54,45;830,98;-4,618;-0,183;1,302;5,156
54,45;831,01;-4,62;-0,183;1,302;5,156
54,45;831,03;-4,621;-0,183;1,302;5,156
54,45;831,06;-4,623;-0,183;1,302;5,156
54,46;831,08;-4,625;-0,183;1,302;5,156
54,46;831,11;-4,627;-0,183;1,302;5,156
54,46;831,13;-4,629;-0,183;1,302;5,156
54,46;831,16;-4,63;-0,183;1,302;5,156
54,46;831,18;-4,632;-0,183;1,302;5,155
54,46;831,21;-4,634;-0,183;1,302;5,155
54,46;831,23;-4,636;-0,184;1,302;5,155
54,47;831,26;-4,638;-0,184;1,302;5,155
54,47;831,28;-4,639;-0,184;1,302;5,155
54,47;831,31;-4,641;-0,184;1,302;5,155
54,47;831,33;-4,643;-0,184;1,302;5,155
54,47;831,36;-4,645;-0,184;1,302;5,155
54,48;831,38;-4,647;-0,184;1,302;5,154
54,48;831,41;-4,649;-0,184;1,302;5,154
54,48;831,43;-4,651;-0,184;1,302;5,154
54,48;831,46;-4,653;-0,184;1,302;5,154
54,48;831,48;-4,654;-0,184;1,302;5,154
54,48;831,51;-4,656;-0,184;1,302;5,154
54,49;831,53;-4,658;-0,184;1,302;5,154
54,49;831,56;-4,659;-0,184;1,302;5,154
54,49;831,58;-4,661;-0,185;1,302;5,153
54,49;831,61;-4,662;-0,185;1,302;5,153
54,49;831,63;-4,664;-0,185;1,302;5,153
54,49;831,66;-4,665;-0,185;1,302;5,153
54,49;831,68;-4,666;-0,185;1,302;5,153
54,5;831,71;-4,668;-0,185;1,302;5,153
54,5;831,73;-4,669;-0,185;1,301;5,153
54,5;831,76;-4,67;-0,185;1,301;5,153
54,5;831,78;-4,672;-0,185;1,301;5,152
54,5;831,81;-4,674;-0,185;1,301;5,152
54,51;831,83;-4,675;-0,185;1,301;5,152
54,51;831,86;-4,677;-0,185;1,301;5,152
54,51;831,88;-4,678;-0,185;1,301;5,152
54,51;831,91;-4,68;-0,185;1,301;5,152
54,51;831,93;-4,681;-0,185;1,301;5,152
54,51;831,96;-4,683;-0,185;1,301;5,151
54,51;831,98;-4,684;-0,185;1,301;5,151
54,52;832,01;-4,686;-0,186;1,301;5,151
54,52;832,03;-4,687;-0,186;1,301;5,151
54,52;832,06;-4,689;-0,186;1,301;5,151
54,52;832,08;-4,69;-0,186;1,301;5,151
54,52;832,11;-4,692;-0,186;1,301;5,151
54,53;832,13;-4,693;-0,186;1,301;5,151
54,53;832,16;-4,695;-0,186;1,301;5,15
54,53;832,18;-4,696;-0,186;1,301;5,15
54,53;832,21;-4,697;-0,186;1,301;5,15
54,53;832,23;-4,699;-0,186;1,301;5,15
54,53;832,26;-4,7;-0,186;1,301;5,15
54,54;832,28;-4,702;-0,186;1,301;5,15
54,54;832,31;-4,703;-0,186;1,301;5,15
54,54;832,33;-4,705;-0,186;1,301;5,15
54,54;832,36;-4,706;-0,186;1,301;5,149
54,54;832,38;-4,708;-0,186;1,301;5,149
54,54;832,41;-4,709;-0,186;1,301;5,149
54,54;832,43;-4,711;-0,186;1,301;5,149
54,55;832,46;-4,712;-0,187;1,301;5,149
54,55;832,48;-4,714;-0,187;1,301;5,149
54,55;832,51;-4,715;-0,187;1,3;5,149
54,55;832,53;-4,716;-0,187;1,3;5,149
54,55;832,56;-4,718;-0,187;1,3;5,148
54,56;832,58;-4,719;-0,187;1,3;5,148
54,56;832,61;-4,72;-0,187;1,3;5,148
54,56;832,63;-4,721;-0,187;1,3;5,148
54,56;832,66;-4,722;-0,187;1,3;5,148
54,56;832,68;-4,724;-0,187;1,3;5,148
54,56;832,71;-4,725;-0,187;1,3;5,148
54,56;832,73;-4,726;-0,187;1,3;5,147
54,57;832,76;-4,727;-0,187;1,3;5,147
54,57;832,78;-4,729;-0,187;1,3;5,147
54,57;832,81;-4,73;-0,187;1,3;5,147
54,57;832,83;-4,731;-0,187;1,3;5,147
54,57;832,86;-4,732;-0,187;1,3;5,147
54,58;832,88;-4,734;-0,187;1,3;5,147
54,58;832,91;-4,735;-0,187;1,3;5,147
54,58;832,93;-4,736;-0,187;1,3;5,146
54,58;832,96;-4,737;-0,188;1,3;5,146
54,58;832,98;-4,738;-0,188;1,3;5,146
54,58;833,01;-4,739;-0,188;1,3;5,146
54,59;833,03;-4,74;-0,188;1,3;5,146
54,59;833,06;-4,741;-0,188;1,3;5,146
54,59;833,08;-4,742;-0,188;1,3;5,146
54,59;833,11;-4,743;-0,188;1,3;5,146
54,59;833,13;-4,744;-0,188;1,3;5,145
54,59;833,16;-4,745;-0,188;1,3;5,145
54,59;833,18;-4,746;-0,188;1,3;5,145
54,6;833,21;-4,746;-0,188;1,3;5,145
54,6;833,23;-4,747;-0,188;1,3;5,145
54,6;833,26;-4,748;-0,188;1,299;5,145
54,6;833,28;-4,749;-0,188;1,299;5,145
54,6;833,31;-4,75;-0,188;1,299;5,144
54,61;833,33;-4,751;-0,188;1,299;5,144
54,61;833,36;-4,752;-0,188;1,299;5,144
54,61;833,38;-4,753;-0,188;1,299;5,144
54,61;833,41;-4,753;-0,188;1,299;5,144
54,61;833,43;-4,755;-0,188;1,299;5,144
54,61;833,46;-4,756;-0,188;1,299;5,144
54,61;833,48;-4,757;-0,188;1,299;5,144
54,62;833,51;-4,758;-0,188;1,299;5,143
54,62;833,53;-4,759;-0,188;1,299;5,143
54,62;833,56;-4,76;-0,188;1,299;5,143
54,62;833,58;-4,761;-0,188;1,299;5,143
54,62;833,61;-4,762;-0,189;1,299;5,143
54,63;833,63;-4,763;-0,189;1,299;5,143
54,63;833,66;-4,764;-0,189;1,299;5,143
54,63;833,68;-4,765;-0,189;1,299;5,142
54,63;833,71;-4,766;-0,189;1,299;5,142
54,63;833,73;-4,767;-0,189;1,299;5,142
54,63;833,76;-4,768;-0,189;1,299;5,142
54,64;833,78;-4,769;-0,189;1,299;5,142
54,64;833,81;-4,77;-0,189;1,299;5,142
54,64;833,83;-4,771;-0,189;1,299;5,142
54,64;833,86;-4,772;-0,189;1,299;5,142
54,64;833,88;-4,774;-0,189;1,299;5,141
54,64;833,91;-4,775;-0,189;1,299;5,141
54,64;833,93;-4,776;-0,189;1,299;5,141
54,65;833,96;-4,778;-0,189;1,299;5,141
54,65;833,98;-4,779;-0,189;1,299;5,141
54,65;834,01;-4,78;-0,189;1,298;5,141
54,65;834,03;-4,781;-0,189;1,298;5,141
54,65;834,06;-4,783;-0,189;1,298;5,14
54,66;834,08;-4,784;-0,189;1,298;5,14
54,66;834,11;-4,785;-0,189;1,298;5,14
54,66;834,13;-4,787;-0,19;1,298;5,14
54,66;834,16;-4,788;-0,19;1,298;5,14
54,66;834,18;-4,789;-0,19;1,298;5,14
54,66;834,21;-4,791;-0,19;1,298;5,14
54,66;834,23;-4,792;-0,19;1,298;5,139
54,67;834,26;-4,794;-0,19;1,298;5,139
54,67;834,28;-4,795;-0,19;1,298;5,139
54,67;834,3;-4,797;-0,19;1,298;5,139
54,67;834,33;-4,798;-0,19;1,298;5,139
54,67;834,35;-4,8;-0,19;1,298;5,139
54,68;834,38;-4,801;-0,19;1,298;5,139
54,68;834,4;-4,803;-0,19;1,298;5,139
54,68;834,43;-4,804;-0,19;1,298;5,138
54,68;834,45;-4,806;-0,19;1,298;5,138
54,68;834,48;-4,807;-0,19;1,298;5,138
54,68;834,51;-4,809;-0,19;1,298;5,138
54,69;834,53;-4,81;-0,19;1,298;5,138
54,69;834,55;-4,812;-0,191;1,298;5,138
54,69;834,58;-4,813;-0,191;1,298;5,138
54,69;834,6;-4,815;-0,191;1,298;5,137
54,69;834,63;-4,817;-0,191;1,298;5,137
54,69;834,65;-4,818;-0,191;1,298;5,137
54,69;834,68;-4,819;-0,191;1,298;5,137
54,7;834,7;-4,821;-0,191;1,298;5,137
54,7;834,73;-4,822;-0,191;1,297;5,137
54,7;834,75;-4,824;-0,191;1,297;5,137
54,7;834,78;-4,825;-0,191;1,297;5,137
54,7;834,8;-4,826;-0,191;1,297;5,136
54,71;834,83;-4,827;-0,191;1,297;5,136
54,71;834,85;-4,829;-0,191;1,297;5,136
54,71;834,88;-4,83;-0,191;1,297;5,136
54,71;834,9;-4,831;-0,191;1,297;5,136
54,71;834,93;-4,833;-0,191;1,297;5,136
54,71;834,95;-4,834;-0,191;1,297;5,136
54,71;834,98;-4,835;-0,191;1,297;5,135
54,72;835;-4,836;-0,191;1,297;5,135
54,72;835,03;-4,838;-0,192;1,297;5,135
54,72;835,05;-4,839;-0,192;1,297;5,135
54,72;835,08;-4,84;-0,192;1,297;5,135
54,72;835,1;-4,841;-0,192;1,297;5,135
54,73;835,13;-4,842;-0,192;1,297;5,135
54,73;835,15;-4,844;-0,192;1,297;5,135
54,73;835,18;-4,844;-0,192;1,297;5,134
54,73;835,2;-4,845;-0,192;1,297;5,134
54,73;835,23;-4,846;-0,192;1,297;5,134
54,73;835,25;-4,847;-0,192;1,297;5,134
54,74;835,28;-4,849;-0,192;1,297;5,134
54,74;835,3;-4,85;-0,192;1,297;5,134
54,74;835,33;-4,851;-0,192;1,297;5,134
54,74;835,35;-4,852;-0,192;1,297;5,133
54,74;835,38;-4,852;-0,192;1,297;5,133
54,74;835,4;-4,853;-0,192;1,297;5,133
54,74;835,43;-4,854;-0,192;1,297;5,133
54,75;835,45;-4,855;-0,192;1,297;5,133
54,75;835,48;-4,856;-0,192;1,296;5,133
54,75;835,5;-4,857;-0,192;1,296;5,133
54,75;835,53;-4,858;-0,192;1,296;5,132
54,75;835,55;-4,86;-0,192;1,296;5,132
54,76;835,58;-4,861;-0,192;1,296;5,132
54,76;835,6;-4,862;-0,192;1,296;5,132
54,76;835,63;-4,863;-0,193;1,296;5,132
54,76;835,65;-4,865;-0,193;1,296;5,132
54,76;835,68;-4,866;-0,193;1,296;5,132
54,76;835,7;-4,867;-0,193;1,296;5,132
54,76;835,73;-4,869;-0,193;1,296;5,131
54,77;835,75;-4,87;-0,193;1,296;5,131
54,77;835,78;-4,871;-0,193;1,296;5,131
54,77;835,8;-4,873;-0,193;1,296;5,131
54,77;835,83;-4,874;-0,193;1,296;5,131
54,77;835,85;-4,876;-0,193;1,296;5,131
54,78;835,88;-4,877;-0,193;1,296;5,131
54,78;835,9;-4,878;-0,193;1,296;5,13
54,78;835,93;-4,88;-0,193;1,296;5,13
54,78;835,95;-4,881;-0,193;1,296;5,13
54,78;835,98;-4,882;-0,193;1,296;5,13
54,78;836;-4,884;-0,193;1,296;5,13
54,79;836,03;-4,885;-0,193;1,296;5,13
54,79;836,05;-4,886;-0,193;1,296;5,13
54,79;836,08;-4,888;-0,194;1,296;5,129
54,79;836,1;-4,889;-0,194;1,296;5,129
54,79;836,13;-4,89;-0,194;1,296;5,129
54,79;836,15;-4,892;-0,194;1,296;5,129
54,79;836,18;-4,893;-0,194;1,295;5,129
54,8;836,2;-4,895;-0,194;1,295;5,129
54,8;836,23;-4,896;-0,194;1,295;5,129
54,8;836,25;-4,898;-0,194;1,295;5,128
54,8;836,28;-4,899;-0,194;1,295;5,128
54,8;836,3;-4,901;-0,194;1,295;5,128
54,81;836,33;-4,902;-0,194;1,295;5,128
54,81;836,35;-4,904;-0,194;1,295;5,128
54,81;836,38;-4,906;-0,194;1,295;5,128
54,81;836,4;-4,907;-0,194;1,295;5,128
54,81;836,43;-4,909;-0,194;1,295;5,128
54,81;836,45;-4,911;-0,194;1,295;5,127
54,81;836,48;-4,913;-0,195;1,295;5,127
54,82;836,5;-4,915;-0,195;1,295;5,127
54,82;836,53;-4,917;-0,195;1,295;5,127
54,82;836,55;-4,918;-0,195;1,295;5,127
54,82;836,58;-4,92;-0,195;1,295;5,127
54,82;836,6;-4,922;-0,195;1,295;5,127
54,83;836,63;-4,924;-0,195;1,295;5,126
54,83;836,65;-4,926;-0,195;1,295;5,126
54,83;836,68;-4,928;-0,195;1,295;5,126
54,83;836,7;-4,93;-0,195;1,295;5,126
54,83;836,73;-4,932;-0,195;1,295;5,126
54,83;836,75;-4,933;-0,195;1,295;5,126
54,84;836,78;-4,935;-0,195;1,295;5,126
54,84;836,8;-4,937;-0,195;1,295;5,125
54,84;836,83;-4,938;-0,196;1,295;5,125
54,84;836,85;-4,94;-0,196;1,295;5,125
54,84;836,88;-4,941;-0,196;1,295;5,125
54,84;836,9;-4,943;-0,196;1,294;5,125
54,84;836,93;-4,944;-0,196;1,294;5,125
54,85;836,95;-4,946;-0,196;1,294;5,125
54,85;836,98;-4,947;-0,196;1,294;5,124
54,85;837;-4,948;-0,196;1,294;5,124
54,85;837,03;-4,95;-0,196;1,294;5,124
54,85;837,05;-4,951;-0,196;1,294;5,124
54,86;837,08;-4,952;-0,196;1,294;5,124
54,86;837,1;-4,953;-0,196;1,294;5,124
54,86;837,13;-4,955;-0,196;1,294;5,124
54,86;837,15;-4,956;-0,196;1,294;5,123
54,86;837,18;-4,957;-0,196;1,294;5,123
54,86;837,2;-4,959;-0,196;1,294;5,123
54,86;837,23;-4,96;-0,196;1,294;5,123
54,87;837,25;-4,961;-0,196;1,294;5,123
54,87;837,28;-4,963;-0,196;1,294;5,123
54,87;837,3;-4,964;-0,197;1,294;5,123
54,87;837,33;-4,966;-0,197;1,294;5,122
54,87;837,35;-4,967;-0,197;1,294;5,122
54,88;837,38;-4,969;-0,197;1,294;5,122
54,88;837,4;-4,97;-0,197;1,294;5,122
54,88;837,43;-4,971;-0,197;1,294;5,122
54,88;837,45;-4,972;-0,197;1,294;5,122
54,88;837,48;-4,974;-0,197;1,294;5,122
54,88;837,5;-4,975;-0,197;1,294;5,121
54,89;837,53;-4,976;-0,197;1,294;5,121
54,89;837,55;-4,977;-0,197;1,294;5,121
54,89;837,58;-4,978;-0,197;1,294;5,121
54,89;837,6;-4,979;-0,197;1,293;5,121
54,89;837,63;-4,98;-0,197;1,293;5,121
54,89;837,65;-4,981;-0,197;1,293;5,121
54,89;837,68;-4,982;-0,197;1,293;5,12
54,9;837,7;-4,983;-0,197;1,293;5,12
54,9;837,73;-4,984;-0,197;1,293;5,12
54,9;837,75;-4,985;-0,197;1,293;5,12
54,9;837,78;-4,986;-0,197;1,293;5,12
54,9;837,8;-4,987;-0,197;1,293;5,12
54,91;837,83;-4,988;-0,197;1,293;5,12
54,91;837,85;-4,989;-0,198;1,293;5,119
54,91;837,88;-4,99;-0,198;1,293;5,119
54,91;837,9;-4,991;-0,198;1,293;5,119
54,91;837,93;-4,992;-0,198;1,293;5,119
54,91;837,95;-4,993;-0,198;1,293;5,119
54,91;837,98;-4,994;-0,198;1,293;5,119
54,92;838;-4,995;-0,198;1,293;5,119
54,92;838,03;-4,995;-0,198;1,293;5,118
54,92;838,05;-4,996;-0,198;1,293;5,118
54,92;838,08;-4,997;-0,198;1,293;5,118
54,92;838,1;-4,998;-0,198;1,293;5,118
54,93;838,13;-4,999;-0,198;1,293;5,118
54,93;838,15;-5;-0,198;1,293;5,118
54,93;838,18;-5,001;-0,198;1,293;5,118
54,93;838,2;-5,002;-0,198;1,293;5,118
54,93;838,23;-5,003;-0,198;1,293;5,117
54,93;838,25;-5,003;-0,198;1,293;5,117
54,94;838,28;-5,004;-0,198;1,293;5,117
54,94;838,3;-5,005;-0,198;1,292;5,117
54,94;838,33;-5,006;-0,198;1,292;5,117
54,94;838,35;-5,007;-0,198;1,292;5,117
54,94;838,38;-5,009;-0,198;1,292;5,117
54,94;838,4;-5,01;-0,198;1,292;5,116
54,94;838,43;-5,011;-0,198;1,292;5,116
54,95;838,45;-5,012;-0,198;1,292;5,116
54,95;838,48;-5,013;-0,198;1,292;5,116
54,95;838,5;-5,014;-0,198;1,292;5,116
54,95;838,53;-5,015;-0,199;1,292;5,116
54,95;838,55;-5,016;-0,199;1,292;5,116
54,96;838,58;-5,017;-0,199;1,292;5,115
54,96;838,6;-5,018;-0,199;1,292;5,115
54,96;838,62;-5,019;-0,199;1,292;5,115
54,96;838,65;-5,02;-0,199;1,292;5,115
54,96;838,67;-5,022;-0,199;1,292;5,115
54,96;838,7;-5,023;-0,199;1,292;5,115
54,96;838,72;-5,024;-0,199;1,292;5,115
54,97;838,75;-5,025;-0,199;1,292;5,114
54,97;838,77;-5,027;-0,199;1,292;5,114
54,97;838,8;-5,028;-0,199;1,292;5,114
54,97;838,82;-5,03;-0,199;1,292;5,114
54,97;838,85;-5,031;-0,199;1,292;5,114
54,98;838,87;-5,033;-0,199;1,292;5,114
54,98;838,9;-5,034;-0,199;1,292;5,114
54,98;838,92;-5,036;-0,199;1,292;5,113
54,98;838,95;-5,038;-0,199;1,292;5,113
54,98;838,97;-5,039;-0,199;1,292;5,113
54,98;839;-5,041;-0,2;1,291;5,113
54,99;839,02;-5,042;-0,2;1,291;5,113
54,99;839,05;-5,044;-0,2;1,291;5,113
54,99;839,07;-5,045;-0,2;1,291;5,113
54,99;839,1;-5,047;-0,2;1,291;5,112
54,99;839,12;-5,049;-0,2;1,291;5,112
54,99;839,15;-5,05;-0,2;1,291;5,112
54,99;839,17;-5,052;-0,2;1,291;5,112
55;839,2;-5,053;-0,2;1,291;5,112
55;839,22;-5,055;-0,2;1,291;5,112
55;839,25;-5,057;-0,2;1,291;5,112
55;839,27;-5,059;-0,2;1,291;5,111
55;839,3;-5,061;-0,2;1,291;5,111
55,01;839,32;-5,062;-0,2;1,291;5,111
55,01;839,35;-5,064;-0,2;1,291;5,111
55,01;839,37;-5,066;-0,201;1,291;5,111
55,01;839,4;-5,068;-0,201;1,291;5,111
55,01;839,42;-5,07;-0,201;1,291;5,111
55,01;839,45;-5,072;-0,201;1,291;5,11
55,01;839,47;-5,074;-0,201;1,291;5,11
55,02;839,5;-5,075;-0,201;1,291;5,11
55,02;839,52;-5,077;-0,201;1,291;5,11
55,02;839,55;-5,079;-0,201;1,291;5,11
55,02;839,57;-5,081;-0,201;1,291;5,11
55,02;839,6;-5,082;-0,201;1,291;5,109
55,03;839,62;-5,084;-0,201;1,291;5,109
55,03;839,65;-5,086;-0,201;1,291;5,109
55,03;839,67;-5,087;-0,201;1,29;5,109
55,03;839,7;-5,089;-0,201;1,29;5,109
55,03;839,72;-5,09;-0,202;1,29;5,109
55,03;839,75;-5,092;-0,202;1,29;5,109
55,04;839,77;-5,094;-0,202;1,29;5,108
55,04;839,8;-5,095;-0,202;1,29;5,108
55,04;839,82;-5,097;-0,202;1,29;5,108
55,04;839,85;-5,099;-0,202;1,29;5,108
55,04;839,87;-5,1;-0,202;1,29;5,108
55,04;839,9;-5,102;-0,202;1,29;5,108
55,04;839,92;-5,104;-0,202;1,29;5,108
55,05;839,95;-5,106;-0,202;1,29;5,107
55,05;839,97;-5,108;-0,202;1,29;5,107
55,05;840;-5,109;-0,202;1,29;5,107
55,05;840,02;-5,111;-0,202;1,29;5,107
55,05;840,05;-5,113;-0,202;1,29;5,107
55,06;840,07;-5,115;-0,203;1,29;5,107
55,06;840,1;-5,117;-0,203;1,29;5,107
55,06;840,12;-5,119;-0,203;1,29;5,106
55,06;840,15;-5,121;-0,203;1,29;5,106
55,06;840,17;-5,123;-0,203;1,29;5,106
55,06;840,2;-5,125;-0,203;1,29;5,106
55,06;840,22;-5,127;-0,203;1,29;5,106
55,07;840,25;-5,128;-0,203;1,29;5,106
55,07;840,27;-5,13;-0,203;1,29;5,106
55,07;840,3;-5,132;-0,203;1,29;5,105
55,07;840,32;-5,134;-0,203;1,29;5,105
55,07;840,35;-5,135;-0,203;1,289;5,105
55,08;840,37;-5,137;-0,203;1,289;5,105
55,08;840,4;-5,139;-0,203;1,289;5,105
55,08;840,42;-5,14;-0,203;1,289;5,105
55,08;840,45;-5,142;-0,204;1,289;5,105
55,08;840,47;-5,143;-0,204;1,289;5,104
55,08;840,5;-5,144;-0,204;1,289;5,104
55,09;840,52;-5,146;-0,204;1,289;5,104
55,09;840,55;-5,147;-0,204;1,289;5,104
55,09;840,57;-5,148;-0,204;1,289;5,104
55,09;840,6;-5,15;-0,204;1,289;5,104
55,09;840,62;-5,151;-0,204;1,289;5,103
55,09;840,65;-5,152;-0,204;1,289;5,103
55,09;840,67;-5,154;-0,204;1,289;5,103
55,1;840,7;-5,155;-0,204;1,289;5,103
55,1;840,72;-5,156;-0,204;1,289;5,103
55,1;840,75;-5,158;-0,204;1,289;5,103
55,1;840,77;-5,159;-0,204;1,289;5,103
55,1;840,8;-5,16;-0,204;1,289;5,102
55,11;840,82;-5,161;-0,204;1,289;5,102
55,11;840,85;-5,163;-0,204;1,289;5,102
55,11;840,87;-5,164;-0,204;1,289;5,102
55,11;840,9;-5,165;-0,204;1,289;5,102
55,11;840,92;-5,166;-0,205;1,289;5,102
55,11;840,95;-5,168;-0,205;1,289;5,102
55,11;840,97;-5,169;-0,205;1,289;5,101
55,12;841;-5,17;-0,205;1,289;5,101
55,12;841,02;-5,172;-0,205;1,288;5,101
55,12;841,05;-5,173;-0,205;1,288;5,101
55,12;841,07;-5,174;-0,205;1,288;5,101
55,12;841,1;-5,175;-0,205;1,288;5,101
55,13;841,12;-5,176;-0,205;1,288;5,101
55,13;841,15;-5,177;-0,205;1,288;5,1
55,13;841,17;-5,178;-0,205;1,288;5,1
55,13;841,2;-5,179;-0,205;1,288;5,1
55,13;841,22;-5,18;-0,205;1,288;5,1
55,13;841,25;-5,181;-0,205;1,288;5,1
55,14;841,27;-5,182;-0,205;1,288;5,1
55,14;841,3;-5,184;-0,205;1,288;5,099
55,14;841,32;-5,184;-0,205;1,288;5,099
55,14;841,35;-5,185;-0,205;1,288;5,099
55,14;841,37;-5,186;-0,205;1,288;5,099
55,14;841,4;-5,187;-0,205;1,288;5,099
55,14;841,42;-5,188;-0,205;1,288;5,099
55,15;841,45;-5,189;-0,205;1,288;5,099
55,15;841,47;-5,19;-0,205;1,288;5,098
55,15;841,5;-5,191;-0,205;1,288;5,098
55,15;841,52;-5,192;-0,206;1,288;5,098
55,15;841,55;-5,192;-0,206;1,288;5,098
55,16;841,57;-5,193;-0,206;1,288;5,098
55,16;841,6;-5,194;-0,206;1,288;5,098
55,16;841,62;-5,195;-0,206;1,288;5,098
55,16;841,65;-5,196;-0,206;1,288;5,097
55,16;841,67;-5,197;-0,206;1,288;5,097
55,16;841,7;-5,198;-0,206;1,287;5,097
55,16;841,72;-5,199;-0,206;1,287;5,097
55,17;841,75;-5,201;-0,206;1,287;5,097
55,17;841,77;-5,202;-0,206;1,287;5,097
55,17;841,8;-5,203;-0,206;1,287;5,097
55,17;841,82;-5,204;-0,206;1,287;5,096
55,17;841,85;-5,205;-0,206;1,287;5,096
55,18;841,87;-5,206;-0,206;1,287;5,096
55,18;841,9;-5,207;-0,206;1,287;5,096
55,18;841,92;-5,209;-0,206;1,287;5,096
55,18;841,95;-5,21;-0,206;1,287;5,096
55,18;841,97;-5,211;-0,206;1,287;5,095
55,18;842;-5,212;-0,206;1,287;5,095
55,19;842,02;-5,213;-0,206;1,287;5,095
55,19;842,05;-5,215;-0,206;1,287;5,095
55,19;842,07;-5,216;-0,206;1,287;5,095
55,19;842,1;-5,217;-0,207;1,287;5,095
55,19;842,12;-5,218;-0,207;1,287;5,095
55,19;842,15;-5,219;-0,207;1,287;5,094
55,19;842,17;-5,221;-0,207;1,287;5,094
55,2;842,2;-5,222;-0,207;1,287;5,094
55,2;842,22;-5,223;-0,207;1,287;5,094
55,2;842,25;-5,224;-0,207;1,287;5,094
55,2;842,27;-5,225;-0,207;1,287;5,094
55,2;842,3;-5,226;-0,207;1,287;5,094
55,21;842,32;-5,227;-0,207;1,287;5,093
55,21;842,35;-5,229;-0,207;1,286;5,093
55,21;842,37;-5,23;-0,207;1,286;5,093
55,21;842,4;-5,231;-0,207;1,286;5,093
55,21;842,42;-5,232;-0,207;1,286;5,093
55,21;842,45;-5,234;-0,207;1,286;5,093
55,21;842,47;-5,234;-0,207;1,286;5,092
55,22;842,5;-5,235;-0,207;1,286;5,092
55,22;842,52;-5,236;-0,207;1,286;5,092
55,22;842,55;-5,237;-0,207;1,286;5,092
55,22;842,57;-5,238;-0,207;1,286;5,092
55,22;842,6;-5,238;-0,207;1,286;5,092
55,23;842,62;-5,239;-0,207;1,286;5,092
55,23;842,65;-5,24;-0,207;1,286;5,091
55,23;842,67;-5,241;-0,207;1,286;5,091
55,23;842,7;-5,242;-0,208;1,286;5,091
55,23;842,72;-5,242;-0,208;1,286;5,091
55,23;842,75;-5,243;-0,208;1,286;5,091
55,24;842,77;-5,244;-0,208;1,286;5,091
55,24;842,8;-5,245;-0,208;1,286;5,09
55,24;842,82;-5,246;-0,208;1,286;5,09
55,24;842,85;-5,247;-0,208;1,286;5,09
55,24;842,87;-5,248;-0,208;1,286;5,09
55,24;842,9;-5,248;-0,208;1,286;5,09
55,24;842,92;-5,249;-0,208;1,286;5,09
55,25;842,95;-5,25;-0,208;1,286;5,09
55,25;842,97;-5,251;-0,208;1,286;5,089
55,25;843;-5,252;-0,208;1,285;5,089
55,25;843,02;-5,253;-0,208;1,285;5,089
55,25;843,05;-5,254;-0,208;1,285;5,089
55,26;843,07;-5,255;-0,208;1,285;5,089
55,26;843,1;-5,256;-0,208;1,285;5,089
55,26;843,12;-5,257;-0,208;1,285;5,089
55,26;843,15;-5,258;-0,208;1,285;5,088
55,26;843,17;-5,259;-0,208;1,285;5,088
55,26;843,2;-5,26;-0,208;1,285;5,088
55,26;843,22;-5,261;-0,208;1,285;5,088
55,27;843,24;-5,262;-0,208;1,285;5,088
55,27;843,27;-5,263;-0,208;1,285;5,088
55,27;843,29;-5,264;-0,208;1,285;5,087
55,27;843,32;-5,265;-0,208;1,285;5,087
55,27;843,34;-5,266;-0,208;1,285;5,087
55,28;843,37;-5,268;-0,209;1,285;5,087
55,28;843,39;-5,269;-0,209;1,285;5,087
55,28;843,42;-5,27;-0,209;1,285;5,087
55,28;843,44;-5,271;-0,209;1,285;5,087
55,28;843,47;-5,272;-0,209;1,285;5,086
55,28;843,49;-5,274;-0,209;1,285;5,086
55,29;843,52;-5,275;-0,209;1,285;5,086
55,29;843,54;-5,276;-0,209;1,285;5,086
55,29;843,57;-5,277;-0,209;1,285;5,086
55,29;843,59;-5,279;-0,209;1,285;5,086
55,29;843,62;-5,28;-0,209;1,285;5,085
55,29;843,64;-5,281;-0,209;1,284;5,085
55,29;843,67;-5,282;-0,209;1,284;5,085
55,3;843,69;-5,283;-0,209;1,284;5,085
55,3;843,72;-5,284;-0,209;1,284;5,085
55,3;843,74;-5,286;-0,209;1,284;5,085
55,3;843,77;-5,287;-0,209;1,284;5,085
55,3;843,79;-5,288;-0,209;1,284;5,084
55,31;843,82;-5,289;-0,209;1,284;5,084
55,31;843,84;-5,29;-0,209;1,284;5,084
55,31;843,87;-5,291;-0,209;1,284;5,084
55,31;843,89;-5,292;-0,21;1,284;5,084
55,31;843,92;-5,293;-0,21;1,284;5,084
55,31;843,94;-5,294;-0,21;1,284;5,083
55,31;843,97;-5,296;-0,21;1,284;5,083
55,32;843,99;-5,297;-0,21;1,284;5,083
55,32;844,02;-5,298;-0,21;1,284;5,083
55,32;844,04;-5,299;-0,21;1,284;5,083
55,32;844,07;-5,3;-0,21;1,284;5,083
55,32;844,09;-5,301;-0,21;1,284;5,083
55,33;844,12;-5,302;-0,21;1,284;5,082
55,33;844,14;-5,303;-0,21;1,284;5,082
55,33;844,17;-5,305;-0,21;1,284;5,082
55,33;844,19;-5,306;-0,21;1,284;5,082
55,33;844,22;-5,307;-0,21;1,284;5,082
55,33;844,24;-5,308;-0,21;1,284;5,082
55,34;844,27;-5,309;-0,21;1,284;5,081
55,34;844,29;-5,311;-0,21;1,283;5,081
55,34;844,32;-5,312;-0,21;1,283;5,081
55,34;844,34;-5,313;-0,21;1,283;5,081
55,34;844,37;-5,314;-0,21;1,283;5,081
55,34;844,39;-5,315;-0,21;1,283;5,081
55,34;844,42;-5,316;-0,21;1,283;5,081
55,35;844,44;-5,317;-0,21;1,283;5,08
55,35;844,47;-5,318;-0,211;1,283;5,08
55,35;844,49;-5,319;-0,211;1,283;5,08
55,35;844,52;-5,32;-0,211;1,283;5,08
55,35;844,54;-5,32;-0,211;1,283;5,08
55,36;844,57;-5,321;-0,211;1,283;5,08
55,36;844,59;-5,322;-0,211;1,283;5,079
55,36;844,62;-5,323;-0,211;1,283;5,079
55,36;844,64;-5,324;-0,211;1,283;5,079
55,36;844,67;-5,324;-0,211;1,283;5,079
55,36;844,69;-5,325;-0,211;1,283;5,079
55,36;844,72;-5,326;-0,211;1,283;5,079
55,37;844,74;-5,327;-0,211;1,283;5,078
55,37;844,77;-5,328;-0,211;1,283;5,078
55,37;844,79;-5,329;-0,211;1,283;5,078
55,37;844,82;-5,329;-0,211;1,283;5,078
55,37;844,84;-5,33;-0,211;1,283;5,078
55,38;844,87;-5,331;-0,211;1,283;5,078
55,38;844,89;-5,332;-0,211;1,283;5,078
55,38;844,92;-5,333;-0,211;1,282;5,077
55,38;844,94;-5,334;-0,211;1,282;5,077
55,38;844,97;-5,335;-0,211;1,282;5,077
55,38;844,99;-5,336;-0,211;1,282;5,077
55,39;845,02;-5,337;-0,211;1,282;5,077
55,39;845,04;-5,338;-0,211;1,282;5,077
55,39;845,07;-5,339;-0,211;1,282;5,076
55,39;845,09;-5,34;-0,211;1,282;5,076
55,39;845,12;-5,34;-0,211;1,282;5,076
55,39;845,14;-5,341;-0,211;1,282;5,076
55,39;845,17;-5,343;-0,212;1,282;5,076
55,4;845,19;-5,344;-0,212;1,282;5,076
55,4;845,22;-5,345;-0,212;1,282;5,076
55,4;845,24;-5,346;-0,212;1,282;5,075
55,4;845,27;-5,347;-0,212;1,282;5,075
55,4;845,29;-5,348;-0,212;1,282;5,075
55,41;845,32;-5,349;-0,212;1,282;5,075
55,41;845,34;-5,351;-0,212;1,282;5,075
55,41;845,37;-5,352;-0,212;1,282;5,075
55,41;845,39;-5,353;-0,212;1,282;5,074
55,41;845,42;-5,354;-0,212;1,282;5,074
55,41;845,44;-5,355;-0,212;1,282;5,074
55,41;845,47;-5,356;-0,212;1,282;5,074
55,42;845,49;-5,357;-0,212;1,282;5,074
55,42;845,52;-5,358;-0,212;1,282;5,074
55,42;845,54;-5,359;-0,212;1,282;5,074
55,42;845,57;-5,36;-0,212;1,281;5,073
55,42;845,59;-5,362;-0,212;1,281;5,073
55,43;845,62;-5,363;-0,212;1,281;5,073
55,43;845,64;-5,364;-0,212;1,281;5,073
55,43;845,67;-5,366;-0,212;1,281;5,073
55,43;845,69;-5,367;-0,212;1,281;5,073
55,43;845,72;-5,369;-0,213;1,281;5,072
55,43;845,74;-5,37;-0,213;1,281;5,072
55,44;845,77;-5,372;-0,213;1,281;5,072
55,44;845,79;-5,373;-0,213;1,281;5,072
55,44;845,82;-5,375;-0,213;1,281;5,072
55,44;845,84;-5,376;-0,213;1,281;5,072
55,44;845,87;-5,378;-0,213;1,281;5,071
55,44;845,89;-5,379;-0,213;1,281;5,071
55,44;845,92;-5,381;-0,213;1,281;5,071
55,45;845,94;-5,382;-0,213;1,281;5,071
55,45;845,97;-5,384;-0,213;1,281;5,071
55,45;845,99;-5,385;-0,213;1,281;5,071
55,45;846,02;-5,387;-0,213;1,281;5,071
55,45;846,04;-5,388;-0,213;1,281;5,07
55,46;846,07;-5,39;-0,213;1,281;5,07
55,46;846,09;-5,391;-0,213;1,281;5,07
55,46;846,12;-5,393;-0,214;1,281;5,07
55,46;846,14;-5,395;-0,214;1,281;5,07
55,46;846,17;-5,396;-0,214;1,281;5,07
55,46;846,19;-5,398;-0,214;1,28;5,069
55,46;846,22;-5,4;-0,214;1,28;5,069
55,47;846,24;-5,402;-0,214;1,28;5,069
55,47;846,27;-5,403;-0,214;1,28;5,069
55,47;846,29;-5,405;-0,214;1,28;5,069
55,47;846,32;-5,407;-0,214;1,28;5,069
55,47;846,34;-5,409;-0,214;1,28;5,069
55,48;846,37;-5,411;-0,214;1,28;5,068
55,48;846,39;-5,412;-0,214;1,28;5,068
55,48;846,42;-5,414;-0,214;1,28;5,068
55,48;846,44;-5,416;-0,214;1,28;5,068
55,48;846,47;-5,418;-0,214;1,28;5,068
55,48;846,49;-5,419;-0,215;1,28;5,068
55,49;846,52;-5,421;-0,215;1,28;5,067
55,49;846,54;-5,422;-0,215;1,28;5,067
55,49;846,57;-5,424;-0,215;1,28;5,067
55,49;846,59;-5,426;-0,215;1,28;5,067
55,49;846,62;-5,427;-0,215;1,28;5,067
55,49;846,64;-5,429;-0,215;1,28;5,067
55,49;846,67;-5,43;-0,215;1,28;5,066
55,5;846,69;-5,432;-0,215;1,28;5,066
55,5;846,72;-5,433;-0,215;1,28;5,066
55,5;846,74;-5,435;-0,215;1,28;5,066
55,5;846,77;-5,436;-0,215;1,28;5,066
55,5;846,79;-5,438;-0,215;1,28;5,066
55,51;846,82;-5,439;-0,215;1,279;5,066
55,51;846,84;-5,44;-0,215;1,279;5,065
55,51;846,87;-5,441;-0,215;1,279;5,065
55,51;846,89;-5,442;-0,215;1,279;5,065
55,51;846,92;-5,443;-0,216;1,279;5,065
55,51;846,94;-5,444;-0,216;1,279;5,065
55,51;846,97;-5,446;-0,216;1,279;5,065
55,52;846,99;-5,447;-0,216;1,279;5,064
55,52;847,02;-5,448;-0,216;1,279;5,064
55,52;847,04;-5,449;-0,216;1,279;5,064
55,52;847,07;-5,45;-0,216;1,279;5,064
55,52;847,09;-5,451;-0,216;1,279;5,064
55,53;847,12;-5,452;-0,216;1,279;5,064
55,53;847,14;-5,453;-0,216;1,279;5,063
55,53;847,17;-5,454;-0,216;1,279;5,063
55,53;847,19;-5,455;-0,216;1,279;5,063
55,53;847,22;-5,456;-0,216;1,279;5,063
55,53;847,24;-5,457;-0,216;1,279;5,063
55,54;847,27;-5,457;-0,216;1,279;5,063
55,54;847,29;-5,458;-0,216;1,279;5,062
55,54;847,32;-5,459;-0,216;1,279;5,062
55,54;847,34;-5,46;-0,216;1,279;5,062
55,54;847,37;-5,461;-0,216;1,279;5,062
55,54;847,39;-5,462;-0,216;1,279;5,062
55,54;847,42;-5,463;-0,216;1,279;5,062
55,55;847,44;-5,464;-0,216;1,278;5,062
55,55;847,47;-5,465;-0,216;1,278;5,061
55,55;847,49;-5,466;-0,216;1,278;5,061
55,55;847,52;-5,467;-0,216;1,278;5,061
55,55;847,54;-5,467;-0,216;1,278;5,061
55,56;847,57;-5,468;-0,216;1,278;5,061
55,56;847,59;-5,469;-0,217;1,278;5,061
55,56;847,62;-5,47;-0,217;1,278;5,06
55,56;847,64;-5,471;-0,217;1,278;5,06
55,56;847,67;-5,472;-0,217;1,278;5,06
55,56;847,69;-5,472;-0,217;1,278;5,06
55,56;847,72;-5,473;-0,217;1,278;5,06
55,57;847,74;-5,474;-0,217;1,278;5,06
55,57;847,77;-5,475;-0,217;1,278;5,059
55,57;847,79;-5,476;-0,217;1,278;5,059
55,57;847,82;-5,477;-0,217;1,278;5,059
55,57;847,84;-5,478;-0,217;1,278;5,059
55,58;847,87;-5,479;-0,217;1,278;5,059
55,58;847,89;-5,48;-0,217;1,278;5,059
55,58;847,92;-5,481;-0,217;1,278;5,058
55,58;847,94;-5,482;-0,217;1,278;5,058
55,58;847,97;-5,483;-0,217;1,278;5,058
55,58;847,99;-5,484;-0,217;1,278;5,058
55,59;848,02;-5,485;-0,217;1,278;5,058
55,59;848,04;-5,486;-0,217;1,278;5,058
55,59;848,07;-5,487;-0,217;1,277;5,057
55,59;848,09;-5,489;-0,217;1,277;5,057
55,59;848,12;-5,49;-0,217;1,277;5,057
55,59;848,14;-5,491;-0,217;1,277;5,057
55,59;848,17;-5,492;-0,217;1,277;5,057
55,6;848,19;-5,494;-0,217;1,277;5,057
55,6;848,22;-5,495;-0,218;1,277;5,057
55,6;848,24;-5,496;-0,218;1,277;5,056
55,6;848,27;-5,498;-0,218;1,277;5,056
55,6;848,29;-5,499;-0,218;1,277;5,056
55,61;848,32;-5,501;-0,218;1,277;5,056
55,61;848,34;-5,502;-0,218;1,277;5,056
55,61;848,36;-5,504;-0,218;1,277;5,056
55,61;848,39;-5,505;-0,218;1,277;5,055
55,61;848,41;-5,507;-0,218;1,277;5,055
55,61;848,44;-5,508;-0,218;1,277;5,055
55,61;848,46;-5,51;-0,218;1,277;5,055
55,62;848,49;-5,511;-0,218;1,277;5,055
55,62;848,51;-5,513;-0,218;1,277;5,055
55,62;848,54;-5,515;-0,218;1,277;5,054
55,62;848,56;-5,516;-0,218;1,277;5,054
55,62;848,59;-5,518;-0,218;1,277;5,054
55,63;848,61;-5,52;-0,219;1,277;5,054
55,63;848,64;-5,521;-0,219;1,277;5,054
55,63;848,66;-5,523;-0,219;1,276;5,054
55,63;848,69;-5,524;-0,219;1,276;5,053
55,63;848,71;-5,526;-0,219;1,276;5,053
55,63;848,74;-5,528;-0,219;1,276;5,053
55,64;848,76;-5,529;-0,219;1,276;5,053
55,64;848,79;-5,531;-0,219;1,276;5,053
55,64;848,81;-5,533;-0,219;1,276;5,053
55,64;848,84;-5,534;-0,219;1,276;5,052
55,64;848,86;-5,536;-0,219;1,276;5,052
55,64;848,89;-5,538;-0,219;1,276;5,052
55,64;848,91;-5,54;-0,219;1,276;5,052
55,65;848,94;-5,541;-0,219;1,276;5,052
55,65;848,96;-5,543;-0,219;1,276;5,052
55,65;848,99;-5,545;-0,22;1,276;5,051
55,65;849,01;-5,547;-0,22;1,276;5,051
55,65;849,04;-5,548;-0,22;1,276;5,051
55,66;849,06;-5,55;-0,22;1,276;5,051
55,66;849,09;-5,552;-0,22;1,276;5,051
55,66;849,11;-5,554;-0,22;1,276;5,051
55,66;849,14;-5,555;-0,22;1,276;5,05
55,66;849,16;-5,557;-0,22;1,276;5,05
55,66;849,19;-5,559;-0,22;1,276;5,05
55,66;849,21;-5,561;-0,22;1,276;5,05
55,67;849,24;-5,562;-0,22;1,276;5,05
55,67;849,26;-5,564;-0,22;1,275;5,05
55,67;849,29;-5,566;-0,22;1,275;5,049
55,67;849,31;-5,567;-0,22;1,275;5,049
55,67;849,34;-5,569;-0,22;1,275;5,049
55,68;849,36;-5,571;-0,221;1,275;5,049
55,68;849,39;-5,573;-0,221;1,275;5,049
55,68;849,41;-5,574;-0,221;1,275;5,049
55,68;849,44;-5,576;-0,221;1,275;5,048
55,68;849,46;-5,578;-0,221;1,275;5,048
55,68;849,49;-5,58;-0,221;1,275;5,048
55,69;849,51;-5,581;-0,221;1,275;5,048
55,69;849,54;-5,583;-0,221;1,275;5,048
55,69;849,56;-5,584;-0,221;1,275;5,048
55,69;849,59;-5,586;-0,221;1,275;5,048
55,69;849,61;-5,587;-0,221;1,275;5,047
55,69;849,64;-5,589;-0,221;1,275;5,047
55,69;849,66;-5,59;-0,221;1,275;5,047
55,7;849,69;-5,592;-0,221;1,275;5,047
55,7;849,71;-5,593;-0,221;1,275;5,047
55,7;849,74;-5,594;-0,221;1,275;5,047
55,7;849,76;-5,596;-0,222;1,275;5,046
55,7;849,79;-5,597;-0,222;1,275;5,046
55,71;849,81;-5,598;-0,222;1,275;5,046
55,71;849,84;-5,6;-0,222;1,275;5,046
55,71;849,86;-5,601;-0,222;1,274;5,046
55,71;849,89;-5,602;-0,222;1,274;5,046
55,71;849,91;-5,603;-0,222;1,274;5,045
55,71;849,94;-5,604;-0,222;1,274;5,045
55,71;849,96;-5,606;-0,222;1,274;5,045
55,72;849,99;-5,607;-0,222;1,274;5,045
55,72;850,01;-5,609;-0,222;1,274;5,045
55,72;850,04;-5,611;-0,222;1,274;5,045
55,72;850,06;-5,612;-0,222;1,274;5,044
55,72;850,09;-5,614;-0,222;1,274;5,044
55,73;850,11;-5,615;-0,222;1,274;5,044
55,73;850,14;-5,616;-0,222;1,274;5,044
55,73;850,16;-5,618;-0,222;1,274;5,044
55,73;850,19;-5,619;-0,222;1,274;5,044
55,73;850,21;-5,621;-0,223;1,274;5,043
55,73;850,24;-5,622;-0,223;1,274;5,043
55,74;850,26;-5,623;-0,223;1,274;5,043
55,74;850,29;-5,625;-0,223;1,274;5,043
55,74;850,31;-5,626;-0,223;1,274;5,043
55,74;850,34;-5,627;-0,223;1,274;5,043
55,74;850,36;-5,629;-0,223;1,274;5,042
55,74;850,39;-5,63;-0,223;1,274;5,042
55,74;850,41;-5,631;-0,223;1,274;5,042
55,75;850,44;-5,632;-0,223;1,274;5,042
55,75;850,46;-5,634;-0,223;1,273;5,042
55,75;850,49;-5,635;-0,223;1,273;5,042
55,75;850,51;-5,636;-0,223;1,273;5,041
55,75;850,54;-5,638;-0,223;1,273;5,041
55,76;850,56;-5,639;-0,223;1,273;5,041
55,76;850,59;-5,641;-0,223;1,273;5,041
55,76;850,61;-5,642;-0,223;1,273;5,041
55,76;850,64;-5,644;-0,223;1,273;5,041
55,76;850,66;-5,645;-0,223;1,273;5,04
55,76;850,69;-5,646;-0,224;1,273;5,04
55,76;850,71;-5,648;-0,224;1,273;5,04
55,77;850,74;-5,649;-0,224;1,273;5,04
55,77;850,76;-5,651;-0,224;1,273;5,04
55,77;850,79;-5,652;-0,224;1,273;5,04
55,77;850,81;-5,653;-0,224;1,273;5,039
55,77;850,84;-5,655;-0,224;1,273;5,039
55,78;850,86;-5,656;-0,224;1,273;5,039
55,78;850,89;-5,658;-0,224;1,273;5,039
55,78;850,91;-5,66;-0,224;1,273;5,039
55,78;850,94;-5,661;-0,224;1,273;5,039
55,78;850,96;-5,663;-0,224;1,273;5,038
55,78;850,99;-5,665;-0,224;1,273;5,038
55,79;851,01;-5,666;-0,224;1,273;5,038
55,79;851,04;-5,668;-0,224;1,273;5,038
55,79;851,06;-5,669;-0,224;1,272;5,038
55,79;851,09;-5,671;-0,225;1,272;5,038
55,79;851,11;-5,673;-0,225;1,272;5,037
55,79;851,14;-5,674;-0,225;1,272;5,037
55,79;851,16;-5,676;-0,225;1,272;5,037
55,8;851,19;-5,677;-0,225;1,272;5,037
55,8;851,21;-5,679;-0,225;1,272;5,037
55,8;851,24;-5,68;-0,225;1,272;5,037
55,8;851,26;-5,681;-0,225;1,272;5,036
55,8;851,29;-5,682;-0,225;1,272;5,036
55,81;851,31;-5,684;-0,225;1,272;5,036
55,81;851,34;-5,685;-0,225;1,272;5,036
55,81;851,36;-5,687;-0,225;1,272;5,036
55,81;851,39;-5,688;-0,225;1,272;5,036
55,81;851,41;-5,689;-0,225;1,272;5,035
55,81;851,44;-5,691;-0,225;1,272;5,035
55,81;851,46;-5,692;-0,225;1,272;5,035
55,82;851,49;-5,694;-0,225;1,272;5,035
55,82;851,51;-5,695;-0,225;1,272;5,035
55,82;851,54;-5,697;-0,226;1,272;5,035
55,82;851,56;-5,698;-0,226;1,272;5,034
55,82;851,59;-5,7;-0,226;1,272;5,034
55,83;851,61;-5,701;-0,226;1,272;5,034
55,83;851,64;-5,703;-0,226;1,271;5,034
55,83;851,66;-5,705;-0,226;1,271;5,034
55,83;851,69;-5,706;-0,226;1,271;5,034
55,83;851,71;-5,708;-0,226;1,271;5,033
55,83;851,74;-5,709;-0,226;1,271;5,033
55,84;851,76;-5,711;-0,226;1,271;5,033
55,84;851,79;-5,712;-0,226;1,271;5,033
55,84;851,81;-5,714;-0,226;1,271;5,033
55,84;851,84;-5,715;-0,226;1,271;5,033
55,84;851,86;-5,716;-0,226;1,271;5,032
55,84;851,88;-5,717;-0,226;1,271;5,032
55,84;851,91;-5,719;-0,226;1,271;5,032
55,85;851,93;-5,72;-0,226;1,271;5,032
55,85;851,96;-5,722;-0,227;1,271;5,032
55,85;851,98;-5,723;-0,227;1,271;5,032
55,85;852,01;-5,724;-0,227;1,271;5,031
55,85;852,03;-5,726;-0,227;1,271;5,031
55,86;852,06;-5,727;-0,227;1,271;5,031
55,86;852,08;-5,729;-0,227;1,271;5,031
55,86;852,11;-5,73;-0,227;1,271;5,031
55,86;852,13;-5,731;-0,227;1,271;5,03
55,86;852,16;-5,732;-0,227;1,271;5,03
55,86;852,19;-5,733;-0,227;1,271;5,03
55,86;852,21;-5,735;-0,227;1,271;5,03
55,87;852,24;-5,736;-0,227;1,27;5,03
55,87;852,26;-5,737;-0,227;1,27;5,03
55,87;852,29;-5,738;-0,227;1,27;5,029
55,87;852,31;-5,739;-0,227;1,27;5,029
55,87;852,34;-5,74;-0,227;1,27;5,029
55,88;852,36;-5,741;-0,227;1,27;5,029
55,88;852,39;-5,742;-0,227;1,27;5,029
55,88;852,41;-5,743;-0,227;1,27;5,029
55,88;852,44;-5,744;-0,227;1,27;5,028
55,88;852,46;-5,745;-0,227;1,27;5,028
55,88;852,49;-5,746;-0,227;1,27;5,028
55,89;852,51;-5,747;-0,228;1,27;5,028
55,89;852,54;-5,748;-0,228;1,27;5,028
55,89;852,56;-5,748;-0,228;1,27;5,028
55,89;852,58;-5,749;-0,228;1,27;5,027
55,89;852,61;-5,75;-0,228;1,27;5,027
55,89;852,63;-5,751;-0,228;1,27;5,027
55,89;852,66;-5,751;-0,228;1,27;5,027
55,9;852,68;-5,752;-0,228;1,27;5,027
55,9;852,71;-5,753;-0,228;1,27;5,027
55,9;852,74;-5,753;-0,228;1,27;5,026
55,9;852,76;-5,754;-0,228;1,27;5,026
55,9;852,79;-5,755;-0,228;1,27;5,026
55,91;852,81;-5,755;-0,228;1,269;5,026
55,91;852,84;-5,756;-0,228;1,269;5,026
55,91;852,86;-5,756;-0,228;1,269;5,026
55,91;852,89;-5,757;-0,228;1,269;5,025
55,91;852,91;-5,758;-0,228;1,269;5,025
55,91;852,94;-5,758;-0,228;1,269;5,025
55,91;852,96;-5,759;-0,228;1,269;5,025
55,92;852,99;-5,759;-0,228;1,269;5,025
55,92;853,01;-5,76;-0,228;1,269;5,025
55,92;853,04;-5,76;-0,228;1,269;5,024
55,92;853,06;-5,761;-0,228;1,269;5,024
55,92;853,09;-5,761;-0,228;1,269;5,024
55,93;853,11;-5,762;-0,228;1,269;5,024
55,93;853,14;-5,762;-0,228;1,269;5,024
55,93;853,16;-5,763;-0,228;1,269;5,024
55,93;853,19;-5,763;-0,228;1,269;5,023
55,93;853,21;-5,764;-0,228;1,269;5,023
55,93;853,24;-5,764;-0,228;1,269;5,023
55,94;853,26;-5,765;-0,228;1,269;5,023
55,94;853,29;-5,765;-0,228;1,269;5,023
55,94;853,31;-5,766;-0,228;1,269;5,023
55,94;853,34;-5,766;-0,228;1,269;5,022
55,94;853,36;-5,766;-0,228;1,269;5,022
55,94;853,39;-5,767;-0,228;1,268;5,022
55,94;853,41;-5,767;-0,228;1,268;5,022
55,95;853,43;-5,768;-0,228;1,268;5,022
55,95;853,46;-5,768;-0,228;1,268;5,021
55,95;853,48;-5,769;-0,228;1,268;5,021
55,95;853,51;-5,769;-0,228;1,268;5,021
55,95;853,53;-5,77;-0,228;1,268;5,021
55,96;853,56;-5,771;-0,228;1,268;5,021
55,96;853,58;-5,771;-0,228;1,268;5,021
55,96;853,61;-5,772;-0,229;1,268;5,02
55,96;853,63;-5,773;-0,229;1,268;5,02
55,96;853,66;-5,773;-0,229;1,268;5,02
55,96;853,68;-5,774;-0,229;1,268;5,02
55,96;853,71;-5,775;-0,229;1,268;5,02
55,97;853,73;-5,776;-0,229;1,268;5,02
55,97;853,76;-5,777;-0,229;1,268;5,019
55,97;853,78;-5,778;-0,229;1,268;5,019
55,97;853,81;-5,78;-0,229;1,268;5,019
55,97;853,83;-5,781;-0,229;1,268;5,019
55,98;853,86;-5,782;-0,229;1,268;5,019
55,98;853,88;-5,783;-0,229;1,268;5,019
55,98;853,91;-5,784;-0,229;1,268;5,018
55,98;853,93;-5,785;-0,229;1,268;5,018
55,98;853,96;-5,786;-0,229;1,268;5,018
55,98;853,98;-5,787;-0,229;1,267;5,018
55,99;854,01;-5,788;-0,229;1,267;5,018
55,99;854,03;-5,789;-0,229;1,267;5,018
55,99;854,06;-5,79;-0,229;1,267;5,017
55,99;854,08;-5,791;-0,229;1,267;5,017
55,99;854,11;-5,792;-0,229;1,267;5,017
55,99;854,13;-5,793;-0,229;1,267;5,017
55,99;854,16;-5,794;-0,229;1,267;5,017
56;854,18;-5,796;-0,229;1,267;5,017
56;854,21;-5,797;-0,229;1,267;5,016
56;854,23;-5,798;-0,23;1,267;5,016
56;854,26;-5,799;-0,23;1,267;5,016
56;854,28;-5,8;-0,23;1,267;5,016
56,01;854,31;-5,801;-0,23;1,267;5,016
56,01;854,33;-5,802;-0,23;1,267;5,015
56,01;854,36;-5,803;-0,23;1,267;5,015
56,01;854,38;-5,805;-0,23;1,267;5,015
56,01;854,41;-5,806;-0,23;1,267;5,015
56,01;854,43;-5,807;-0,23;1,267;5,015
56,01;854,46;-5,808;-0,23;1,267;5,015
56,02;854,48;-5,809;-0,23;1,267;5,014
56,02;854,51;-5,81;-0,23;1,267;5,014
56,02;854,53;-5,811;-0,23;1,266;5,014
56,02;854,56;-5,813;-0,23;1,266;5,014
56,02;854,58;-5,814;-0,23;1,266;5,014
56,03;854,61;-5,815;-0,23;1,266;5,014
56,03;854,63;-5,816;-0,23;1,266;5,013
56,03;854,66;-5,818;-0,23;1,266;5,013
56,03;854,68;-5,819;-0,23;1,266;5,013
56,03;854,71;-5,82;-0,23;1,266;5,013
56,03;854,73;-5,821;-0,23;1,266;5,013
56,04;854,76;-5,823;-0,231;1,266;5,013
56,04;854,78;-5,824;-0,231;1,266;5,012
56,04;854,81;-5,825;-0,231;1,266;5,012
56,04;854,83;-5,826;-0,231;1,266;5,012
56,04;854,86;-5,828;-0,231;1,266;5,012
56,04;854,88;-5,829;-0,231;1,266;5,012
56,04;854,91;-5,83;-0,231;1,266;5,011
56,05;854,93;-5,831;-0,231;1,266;5,011
56,05;854,96;-5,832;-0,231;1,266;5,011
56,05;854,98;-5,833;-0,231;1,266;5,011
56,05;855,01;-5,833;-0,231;1,266;5,011
56,05;855,03;-5,834;-0,231;1,266;5,011
56,06;855,06;-5,835;-0,231;1,266;5,01
56,06;855,08;-5,836;-0,231;1,266;5,01
56,06;855,11;-5,837;-0,231;1,265;5,01
56,06;855,13;-5,838;-0,231;1,265;5,01
56,06;855,16;-5,839;-0,231;1,265;5,01
56,06;855,18;-5,84;-0,231;1,265;5,01
56,06;855,21;-5,841;-0,231;1,265;5,009
56,07;855,23;-5,842;-0,231;1,265;5,009
56,07;855,26;-5,843;-0,231;1,265;5,009
56,07;855,28;-5,844;-0,231;1,265;5,009
56,07;855,31;-5,845;-0,231;1,265;5,009
56,07;855,33;-5,846;-0,231;1,265;5,008
56,08;855,36;-5,847;-0,231;1,265;5,008
56,08;855,38;-5,848;-0,232;1,265;5,008
56,08;855,41;-5,849;-0,232;1,265;5,008
56,08;855,43;-5,85;-0,232;1,265;5,008
56,08;855,46;-5,851;-0,232;1,265;5,008
56,08;855,48;-5,852;-0,232;1,265;5,007
56,09;855,51;-5,853;-0,232;1,265;5,007
56,09;855,53;-5,854;-0,232;1,265;5,007
56,09;855,56;-5,855;-0,232;1,265;5,007
56,09;855,58;-5,856;-0,232;1,265;5,007
56,09;855,61;-5,857;-0,232;1,265;5,007
56,09;855,63;-5,858;-0,232;1,265;5,006
56,09;855,66;-5,858;-0,232;1,265;5,006
56,1;855,68;-5,859;-0,232;1,264;5,006
56,1;855,71;-5,86;-0,232;1,264;5,006
56,1;855,73;-5,861;-0,232;1,264;5,006
56,1;855,76;-5,862;-0,232;1,264;5,006
56,1;855,78;-5,863;-0,232;1,264;5,005
56,11;855,81;-5,864;-0,232;1,264;5,005
56,11;855,83;-5,864;-0,232;1,264;5,005
56,11;855,86;-5,865;-0,232;1,264;5,005
56,11;855,88;-5,866;-0,232;1,264;5,005
56,11;855,91;-5,867;-0,232;1,264;5,004
56,11;855,93;-5,868;-0,232;1,264;5,004
56,11;855,96;-5,868;-0,232;1,264;5,004
56,12;855,98;-5,869;-0,232;1,264;5,004
56,12;856,01;-5,87;-0,232;1,264;5,004
56,12;856,03;-5,871;-0,232;1,264;5,004
56,12;856,06;-5,872;-0,232;1,264;5,003
56,12;856,08;-5,872;-0,232;1,264;5,003
56,13;856,11;-5,873;-0,233;1,264;5,003
56,13;856,13;-5,874;-0,233;1,264;5,003
56,13;856,16;-5,875;-0,233;1,264;5,003
56,13;856,18;-5,876;-0,233;1,264;5,002
56,13;856,21;-5,877;-0,233;1,264;5,002
56,13;856,23;-5,878;-0,233;1,263;5,002
56,14;856,26;-5,879;-0,233;1,263;5,002
56,14;856,28;-5,88;-0,233;1,263;5,002
56,14;856,31;-5,881;-0,233;1,263;5,002
56,14;856,33;-5,882;-0,233;1,263;5,001
56,14;856,36;-5,882;-0,233;1,263;5,001
56,14;856,38;-5,883;-0,233;1,263;5,001
56,14;856,41;-5,884;-0,233;1,263;5,001
56,15;856,43;-5,885;-0,233;1,263;5,001
56,15;856,46;-5,886;-0,233;1,263;5,001
56,15;856,48;-5,887;-0,233;1,263;5
56,15;856,51;-5,887;-0,233;1,263;5
56,15;856,53;-5,888;-0,233;1,263;5
56,16;856,56;-5,889;-0,233;1,263;5
56,16;856,58;-5,89;-0,233;1,263;5
56,16;856,61;-5,89;-0,233;1,263;4,999
56,16;856,63;-5,891;-0,233;1,263;4,999
56,16;856,66;-5,892;-0,233;1,263;4,999
56,16;856,68;-5,892;-0,233;1,263;4,999
56,16;856,71;-5,893;-0,233;1,263;4,999
56,17;856,73;-5,894;-0,233;1,263;4,999
56,17;856,76;-5,894;-0,233;1,263;4,998
56,17;856,78;-5,895;-0,233;1,262;4,998
56,17;856,81;-5,896;-0,233;1,262;4,998
56,17;856,83;-5,897;-0,233;1,262;4,998
56,18;856,86;-5,897;-0,233;1,262;4,998
56,18;856,88;-5,898;-0,234;1,262;4,997
56,18;856,91;-5,899;-0,234;1,262;4,997
56,18;856,93;-5,9;-0,234;1,262;4,997
56,18;856,96;-5,901;-0,234;1,262;4,997
56,18;856,98;-5,902;-0,234;1,262;4,997
56,19;857,01;-5,903;-0,234;1,262;4,997
56,19;857,03;-5,904;-0,234;1,262;4,996
56,19;857,06;-5,905;-0,234;1,262;4,996
56,19;857,08;-5,906;-0,234;1,262;4,996
56,19;857,11;-5,907;-0,234;1,262;4,996
56,19;857,13;-5,908;-0,234;1,262;4,996
56,19;857,16;-5,91;-0,234;1,262;4,996
56,2;857,18;-5,911;-0,234;1,262;4,995
56,2;857,21;-5,912;-0,234;1,262;4,995
56,2;857,23;-5,913;-0,234;1,262;4,995
56,2;857,26;-5,914;-0,234;1,262;4,995
56,2;857,28;-5,916;-0,234;1,262;4,995
56,21;857,31;-5,917;-0,234;1,262;4,994
56,21;857,33;-5,918;-0,234;1,261;4,994
56,21;857,36;-5,92;-0,234;1,261;4,994
56,21;857,38;-5,921;-0,234;1,261;4,994
56,21;857,41;-5,922;-0,234;1,261;4,994
56,21;857,43;-5,923;-0,235;1,261;4,994
56,21;857,46;-5,925;-0,235;1,261;4,993
56,22;857,48;-5,926;-0,235;1,261;4,993
56,22;857,51;-5,927;-0,235;1,261;4,993
56,22;857,53;-5,928;-0,235;1,261;4,993
56,22;857,55;-5,929;-0,235;1,261;4,993
56,22;857,58;-5,931;-0,235;1,261;4,992
56,23;857,6;-5,932;-0,235;1,261;4,992
56,23;857,63;-5,933;-0,235;1,261;4,992
56,23;857,65;-5,935;-0,235;1,261;4,992
56,23;857,68;-5,936;-0,235;1,261;4,992
56,23;857,7;-5,937;-0,235;1,261;4,992
56,23;857,73;-5,939;-0,235;1,261;4,991
56,24;857,75;-5,94;-0,235;1,261;4,991
56,24;857,78;-5,942;-0,235;1,261;4,991
56,24;857,8;-5,943;-0,235;1,261;4,991
56,24;857,83;-5,945;-0,235;1,261;4,991
56,24;857,85;-5,946;-0,235;1,261;4,99
56,24;857,88;-5,948;-0,235;1,26;4,99
56,24;857,9;-5,949;-0,236;1,26;4,99
56,25;857,93;-5,951;-0,236;1,26;4,99
56,25;857,95;-5,952;-0,236;1,26;4,99
56,25;857,98;-5,954;-0,236;1,26;4,99
56,25;858;-5,955;-0,236;1,26;4,989
56,25;858,03;-5,957;-0,236;1,26;4,989
56,26;858,05;-5,958;-0,236;1,26;4,989
56,26;858,08;-5,96;-0,236;1,26;4,989
56,26;858,1;-5,961;-0,236;1,26;4,989
56,26;858,13;-5,963;-0,236;1,26;4,988
56,26;858,15;-5,964;-0,236;1,26;4,988
56,26;858,18;-5,966;-0,236;1,26;4,988
56,26;858,2;-5,967;-0,236;1,26;4,988
56,27;858,23;-5,968;-0,236;1,26;4,988
56,27;858,25;-5,97;-0,236;1,26;4,988
56,27;858,28;-5,971;-0,236;1,26;4,987
56,27;858,3;-5,973;-0,236;1,26;4,987
56,27;858,33;-5,974;-0,237;1,26;4,987
56,28;858,35;-5,976;-0,237;1,26;4,987
56,28;858,38;-5,977;-0,237;1,26;4,987
56,28;858,4;-5,978;-0,237;1,26;4,986
56,28;858,43;-5,98;-0,237;1,259;4,986
56,28;858,45;-5,981;-0,237;1,259;4,986
56,28;858,48;-5,982;-0,237;1,259;4,986
56,29;858,5;-5,983;-0,237;1,259;4,986
56,29;858,53;-5,985;-0,237;1,259;4,986
56,29;858,55;-5,986;-0,237;1,259;4,985
56,29;858,58;-5,987;-0,237;1,259;4,985
56,29;858,6;-5,988;-0,237;1,259;4,985
56,29;858,63;-5,99;-0,237;1,259;4,985
56,29;858,65;-5,991;-0,237;1,259;4,985
56,3;858,68;-5,992;-0,237;1,259;4,984
56,3;858,7;-5,994;-0,237;1,259;4,984
56,3;858,73;-5,995;-0,237;1,259;4,984
56,3;858,75;-5,996;-0,237;1,259;4,984
56,3;858,78;-5,998;-0,237;1,259;4,984
56,31;858,8;-5,999;-0,238;1,259;4,984
56,31;858,83;-6;-0,238;1,259;4,983
56,31;858,85;-6,002;-0,238;1,259;4,983
56,31;858,88;-6,003;-0,238;1,259;4,983
56,31;858,9;-6,004;-0,238;1,259;4,983
56,31;858,93;-6,005;-0,238;1,259;4,983
56,31;858,95;-6,007;-0,238;1,259;4,983
56,32;858,98;-6,008;-0,238;1,258;4,982
56,32;859;-6,009;-0,238;1,258;4,982
56,32;859,03;-6,01;-0,238;1,258;4,982
56,32;859,05;-6,012;-0,238;1,258;4,982
56,32;859,08;-6,013;-0,238;1,258;4,982
56,33;859,1;-6,014;-0,238;1,258;4,981
56,33;859,13;-6,015;-0,238;1,258;4,981
56,33;859,15;-6,017;-0,238;1,258;4,981
56,33;859,18;-6,018;-0,238;1,258;4,981
56,33;859,2;-6,019;-0,238;1,258;4,981
56,33;859,23;-6,02;-0,238;1,258;4,981
56,34;859,25;-6,022;-0,238;1,258;4,98
56,34;859,28;-6,023;-0,238;1,258;4,98
56,34;859,3;-6,024;-0,238;1,258;4,98
56,34;859,33;-6,025;-0,239;1,258;4,98
56,34;859,35;-6,026;-0,239;1,258;4,98
56,34;859,38;-6,027;-0,239;1,258;4,979
56,34;859,4;-6,029;-0,239;1,258;4,979
56,35;859,43;-6,03;-0,239;1,258;4,979
56,35;859,45;-6,031;-0,239;1,258;4,979
56,35;859,48;-6,032;-0,239;1,258;4,979
56,35;859,5;-6,033;-0,239;1,258;4,979
56,35;859,53;-6,034;-0,239;1,257;4,978
56,36;859,55;-6,035;-0,239;1,257;4,978
56,36;859,58;-6,036;-0,239;1,257;4,978
56,36;859,6;-6,038;-0,239;1,257;4,978
56,36;859,63;-6,039;-0,239;1,257;4,978
56,36;859,65;-6,04;-0,239;1,257;4,977
56,36;859,68;-6,041;-0,239;1,257;4,977
56,36;859,7;-6,042;-0,239;1,257;4,977
56,37;859,73;-6,044;-0,239;1,257;4,977
56,37;859,75;-6,045;-0,239;1,257;4,977
56,37;859,78;-6,046;-0,239;1,257;4,977
56,37;859,8;-6,047;-0,239;1,257;4,976
56,37;859,83;-6,048;-0,239;1,257;4,976
56,38;859,85;-6,05;-0,24;1,257;4,976
56,38;859,88;-6,051;-0,24;1,257;4,976
56,38;859,9;-6,052;-0,24;1,257;4,976
56,38;859,93;-6,053;-0,24;1,257;4,975
56,38;859,95;-6,055;-0,24;1,257;4,975
56,38;859,98;-6,056;-0,24;1,257;4,975
56,39;860;-6,057;-0,24;1,257;4,975
56,39;860,03;-6,059;-0,24;1,257;4,975
56,39;860,05;-6,06;-0,24;1,256;4,974
56,39;860,08;-6,062;-0,24;1,256;4,974
56,39;860,1;-6,063;-0,24;1,256;4,974
56,39;860,13;-6,064;-0,24;1,256;4,974
56,39;860,15;-6,066;-0,24;1,256;4,974
56,4;860,18;-6,067;-0,24;1,256;4,974
56,4;860,2;-6,068;-0,24;1,256;4,973
56,4;860,23;-6,07;-0,24;1,256;4,973
56,4;860,25;-6,071;-0,24;1,256;4,973
56,4;860,28;-6,072;-0,24;1,256;4,973
56,41;860,3;-6,074;-0,24;1,256;4,973
56,41;860,33;-6,075;-0,241;1,256;4,972
56,41;860,35;-6,076;-0,241;1,256;4,972
56,41;860,38;-6,077;-0,241;1,256;4,972
56,41;860,4;-6,079;-0,241;1,256;4,972
56,41;860,43;-6,08;-0,241;1,256;4,972
56,41;860,45;-6,081;-0,241;1,256;4,972
56,42;860,48;-6,082;-0,241;1,256;4,971
56,42;860,5;-6,084;-0,241;1,256;4,971
56,42;860,53;-6,085;-0,241;1,256;4,971
56,42;860,55;-6,087;-0,241;1,256;4,971
56,42;860,58;-6,088;-0,241;1,256;4,971
56,43;860,6;-6,089;-0,241;1,255;4,97
56,43;860,63;-6,091;-0,241;1,255;4,97
56,43;860,65;-6,092;-0,241;1,255;4,97
56,43;860,68;-6,094;-0,241;1,255;4,97
56,43;860,7;-6,096;-0,241;1,255;4,97
56,43;860,73;-6,097;-0,241;1,255;4,97
56,44;860,75;-6,099;-0,241;1,255;4,969
56,44;860,78;-6,1;-0,242;1,255;4,969
56,44;860,8;-6,102;-0,242;1,255;4,969
56,44;860,83;-6,103;-0,242;1,255;4,969
56,44;860,85;-6,105;-0,242;1,255;4,969
56,44;860,88;-6,106;-0,242;1,255;4,968
56,44;860,9;-6,108;-0,242;1,255;4,968
56,45;860,93;-6,109;-0,242;1,255;4,968
56,45;860,95;-6,11;-0,242;1,255;4,968
56,45;860,98;-6,112;-0,242;1,255;4,968
56,45;861;-6,113;-0,242;1,255;4,968
56,45;861,03;-6,114;-0,242;1,255;4,967
56,46;861,05;-6,116;-0,242;1,255;4,967
56,46;861,08;-6,117;-0,242;1,255;4,967
56,46;861,1;-6,118;-0,242;1,255;4,967
56,46;861,13;-6,119;-0,242;1,255;4,967
56,46;861,15;-6,121;-0,242;1,254;4,966
56,46;861,18;-6,122;-0,242;1,254;4,966
56,46;861,2;-6,123;-0,242;1,254;4,966
56,47;861,23;-6,124;-0,242;1,254;4,966
56,47;861,25;-6,125;-0,242;1,254;4,966
56,47;861,28;-6,126;-0,243;1,254;4,966
56,47;861,3;-6,127;-0,243;1,254;4,965
56,47;861,33;-6,128;-0,243;1,254;4,965
56,48;861,35;-6,129;-0,243;1,254;4,965
56,48;861,38;-6,13;-0,243;1,254;4,965
56,48;861,4;-6,131;-0,243;1,254;4,965
56,48;861,43;-6,132;-0,243;1,254;4,964
56,48;861,45;-6,133;-0,243;1,254;4,964
56,48;861,48;-6,134;-0,243;1,254;4,964
56,49;861,5;-6,135;-0,243;1,254;4,964
56,49;861,53;-6,136;-0,243;1,254;4,964
56,49;861,55;-6,137;-0,243;1,254;4,963
56,49;861,58;-6,138;-0,243;1,254;4,963
56,49;861,6;-6,139;-0,243;1,254;4,963
56,49;861,63;-6,14;-0,243;1,254;4,963
56,49;861,65;-6,141;-0,243;1,254;4,963
56,5;861,68;-6,142;-0,243;1,253;4,963
56,5;861,7;-6,143;-0,243;1,253;4,962
56,5;861,73;-6,145;-0,243;1,253;4,962
56,5;861,75;-6,146;-0,243;1,253;4,962
56,5;861,78;-6,147;-0,243;1,253;4,962
56,51;861,8;-6,148;-0,243;1,253;4,962
56,51;861,83;-6,149;-0,243;1,253;4,961
56,51;861,85;-6,15;-0,243;1,253;4,961
56,51;861,88;-6,15;-0,243;1,253;4,961
56,51;861,9;-6,151;-0,244;1,253;4,961
56,51;861,93;-6,152;-0,244;1,253;4,961
56,51;861,95;-6,153;-0,244;1,253;4,961
56,52;861,98;-6,153;-0,244;1,253;4,96
56,52;862;-6,154;-0,244;1,253;4,96
56,52;862,03;-6,155;-0,244;1,253;4,96
56,52;862,05;-6,156;-0,244;1,253;4,96
56,52;862,08;-6,156;-0,244;1,253;4,96
56,53;862,1;-6,157;-0,244;1,253;4,959
56,53;862,13;-6,158;-0,244;1,253;4,959
56,53;862,15;-6,159;-0,244;1,253;4,959
56,53;862,18;-6,16;-0,244;1,253;4,959
56,53;862,2;-6,16;-0,244;1,253;4,959
56,53;862,23;-6,161;-0,244;1,252;4,959
56,54;862,25;-6,162;-0,244;1,252;4,958
56,54;862,28;-6,163;-0,244;1,252;4,958
56,54;862,3;-6,164;-0,244;1,252;4,958
56,54;862,33;-6,164;-0,244;1,252;4,958
56,54;862,35;-6,165;-0,244;1,252;4,958
56,54;862,38;-6,166;-0,244;1,252;4,957
56,54;862,4;-6,167;-0,244;1,252;4,957
56,55;862,43;-6,167;-0,244;1,252;4,957
56,55;862,45;-6,168;-0,244;1,252;4,957
56,55;862,48;-6,169;-0,244;1,252;4,957
56,55;862,5;-6,17;-0,244;1,252;4,957
56,55;862,53;-6,17;-0,244;1,252;4,956
56,56;862,55;-6,171;-0,244;1,252;4,956
56,56;862,58;-6,172;-0,244;1,252;4,956
56,56;862,6;-6,173;-0,244;1,252;4,956
56,56;862,63;-6,174;-0,244;1,252;4,956
56,56;862,65;-6,175;-0,244;1,252;4,955
56,56;862,68;-6,175;-0,244;1,252;4,955
56,56;862,7;-6,176;-0,245;1,252;4,955
56,57;862,73;-6,177;-0,245;1,252;4,955
56,57;862,75;-6,178;-0,245;1,251;4,955
56,57;862,78;-6,179;-0,245;1,251;4,954
56,57;862,8;-6,179;-0,245;1,251;4,954
56,57;862,83;-6,18;-0,245;1,251;4,954
56,58;862,85;-6,181;-0,245;1,251;4,954
56,58;862,88;-6,182;-0,245;1,251;4,954
56,58;862,9;-6,183;-0,245;1,251;4,954
56,58;862,93;-6,183;-0,245;1,251;4,953
56,58;862,95;-6,184;-0,245;1,251;4,953
56,58;862,98;-6,185;-0,245;1,251;4,953
56,59;863;-6,186;-0,245;1,251;4,953
56,59;863,03;-6,186;-0,245;1,251;4,953
56,59;863,05;-6,187;-0,245;1,251;4,952
56,59;863,08;-6,188;-0,245;1,251;4,952
56,59;863,1;-6,189;-0,245;1,251;4,952
56,59;863,13;-6,19;-0,245;1,251;4,952
56,59;863,15;-6,19;-0,245;1,251;4,952
56,6;863,18;-6,191;-0,245;1,251;4,952
56,6;863,2;-6,192;-0,245;1,251;4,951
56,6;863,23;-6,193;-0,245;1,251;4,951
56,6;863,25;-6,194;-0,245;1,251;4,951
56,6;863,28;-6,194;-0,245;1,251;4,951
56,61;863,3;-6,195;-0,245;1,25;4,951
56,61;863,33;-6,196;-0,245;1,25;4,95
56,61;863,35;-6,197;-0,245;1,25;4,95
56,61;863,38;-6,197;-0,245;1,25;4,95
56,61;863,4;-6,198;-0,245;1,25;4,95
56,61;863,42;-6,199;-0,245;1,25;4,95
56,61;863,45;-6,2;-0,245;1,25;4,95
56,62;863,47;-6,201;-0,245;1,25;4,949
56,62;863,5;-6,202;-0,246;1,25;4,949
56,62;863,52;-6,202;-0,246;1,25;4,949
56,62;863,55;-6,203;-0,246;1,25;4,949
56,62;863,57;-6,204;-0,246;1,25;4,949
56,63;863,6;-6,205;-0,246;1,25;4,948
56,63;863,62;-6,206;-0,246;1,25;4,948
56,63;863,65;-6,207;-0,246;1,25;4,948
56,63;863,67;-6,208;-0,246;1,25;4,948
56,63;863,7;-6,208;-0,246;1,25;4,948
56,63;863,72;-6,209;-0,246;1,25;4,947
56,64;863,75;-6,21;-0,246;1,25;4,947
56,64;863,77;-6,211;-0,246;1,25;4,947
56,64;863,8;-6,212;-0,246;1,25;4,947
56,64;863,82;-6,213;-0,246;1,249;4,947
56,64;863,85;-6,214;-0,246;1,249;4,947
56,64;863,87;-6,214;-0,246;1,249;4,946
56,64;863,9;-6,215;-0,246;1,249;4,946
56,65;863,92;-6,216;-0,246;1,249;4,946
56,65;863,95;-6,217;-0,246;1,249;4,946
56,65;863,97;-6,218;-0,246;1,249;4,946
56,65;864;-6,219;-0,246;1,249;4,945
56,65;864,02;-6,22;-0,246;1,249;4,945
56,66;864,05;-6,221;-0,246;1,249;4,945
56,66;864,07;-6,222;-0,246;1,249;4,945
56,66;864,1;-6,223;-0,246;1,249;4,945
56,66;864,12;-6,224;-0,246;1,249;4,945
56,66;864,15;-6,225;-0,246;1,249;4,944
56,66;864,17;-6,226;-0,246;1,249;4,944
56,66;864,2;-6,227;-0,247;1,249;4,944
56,67;864,22;-6,228;-0,247;1,249;4,944
56,67;864,25;-6,229;-0,247;1,249;4,944
56,67;864,27;-6,23;-0,247;1,249;4,943
56,67;864,3;-6,23;-0,247;1,249;4,943
56,67;864,32;-6,231;-0,247;1,249;4,943
56,68;864,35;-6,232;-0,247;1,249;4,943
56,68;864,37;-6,233;-0,247;1,248;4,943
56,68;864,4;-6,234;-0,247;1,248;4,942
56,68;864,42;-6,235;-0,247;1,248;4,942
56,68;864,45;-6,236;-0,247;1,248;4,942
56,68;864,47;-6,236;-0,247;1,248;4,942
56,69;864,5;-6,237;-0,247;1,248;4,942
56,69;864,52;-6,238;-0,247;1,248;4,942
56,69;864,55;-6,239;-0,247;1,248;4,941
56,69;864,57;-6,24;-0,247;1,248;4,941
56,69;864,6;-6,24;-0,247;1,248;4,941
56,69;864,62;-6,241;-0,247;1,248;4,941
56,69;864,65;-6,242;-0,247;1,248;4,941
56,7;864,67;-6,243;-0,247;1,248;4,94
56,7;864,7;-6,244;-0,247;1,248;4,94
56,7;864,72;-6,244;-0,247;1,248;4,94
56,7;864,75;-6,245;-0,247;1,248;4,94
56,7;864,77;-6,246;-0,247;1,248;4,94
56,71;864,8;-6,247;-0,247;1,248;4,94
56,71;864,82;-6,248;-0,247;1,248;4,939
56,71;864,85;-6,248;-0,247;1,248;4,939
56,71;864,87;-6,249;-0,247;1,248;4,939
56,71;864,9;-6,25;-0,247;1,247;4,939
56,71;864,92;-6,251;-0,247;1,247;4,939
56,71;864,95;-6,252;-0,248;1,247;4,938
56,72;864,97;-6,252;-0,248;1,247;4,938
56,72;865;-6,253;-0,248;1,247;4,938
56,72;865,02;-6,254;-0,248;1,247;4,938
56,72;865,05;-6,255;-0,248;1,247;4,938
56,72;865,07;-6,256;-0,248;1,247;4,937
56,73;865,1;-6,256;-0,248;1,247;4,937
56,73;865,12;-6,257;-0,248;1,247;4,937
56,73;865,15;-6,258;-0,248;1,247;4,937
56,73;865,17;-6,259;-0,248;1,247;4,937
56,73;865,2;-6,259;-0,248;1,247;4,937
56,73;865,22;-6,26;-0,248;1,247;4,936
56,74;865,25;-6,26;-0,248;1,247;4,936
56,74;865,27;-6,261;-0,248;1,247;4,936
56,74;865,3;-6,262;-0,248;1,247;4,936
56,74;865,32;-6,263;-0,248;1,247;4,936
56,74;865,35;-6,263;-0,248;1,247;4,935
56,74;865,37;-6,264;-0,248;1,247;4,935
56,74;865,4;-6,265;-0,248;1,247;4,935
56,75;865,42;-6,266;-0,248;1,246;4,935
56,75;865,45;-6,267;-0,248;1,246;4,935
56,75;865,47;-6,267;-0,248;1,246;4,935
56,75;865,5;-6,268;-0,248;1,246;4,934
56,75;865,52;-6,269;-0,248;1,246;4,934
56,76;865,55;-6,27;-0,248;1,246;4,934
56,76;865,57;-6,271;-0,248;1,246;4,934
56,76;865,6;-6,271;-0,248;1,246;4,934
56,76;865,62;-6,272;-0,248;1,246;4,933
56,76;865,65;-6,273;-0,248;1,246;4,933
56,76;865,67;-6,274;-0,248;1,246;4,933
56,76;865,7;-6,275;-0,248;1,246;4,933
56,77;865,72;-6,276;-0,248;1,246;4,933
56,77;865,75;-6,277;-0,248;1,246;4,932
56,77;865,77;-6,278;-0,249;1,246;4,932
56,77;865,8;-6,279;-0,249;1,246;4,932
56,77;865,82;-6,28;-0,249;1,246;4,932
56,78;865,85;-6,281;-0,249;1,246;4,932
56,78;865,87;-6,282;-0,249;1,246;4,932
56,78;865,9;-6,283;-0,249;1,246;4,931
56,78;865,92;-6,284;-0,249;1,246;4,931
56,78;865,95;-6,285;-0,249;1,246;4,931
56,78;865,97;-6,286;-0,249;1,245;4,931
56,79;866;-6,288;-0,249;1,245;4,931
56,79;866,02;-6,289;-0,249;1,245;4,93
56,79;866,05;-6,29;-0,249;1,245;4,93
56,79;866,07;-6,291;-0,249;1,245;4,93
56,79;866,1;-6,292;-0,249;1,245;4,93
56,79;866,12;-6,293;-0,249;1,245;4,93
56,79;866,15;-6,294;-0,249;1,245;4,929
56,8;866,17;-6,295;-0,249;1,245;4,929
56,8;866,2;-6,296;-0,249;1,245;4,929
56,8;866,22;-6,298;-0,249;1,245;4,929
56,8;866,25;-6,299;-0,249;1,245;4,929
56,8;866,27;-6,3;-0,249;1,245;4,929
56,81;866,3;-6,301;-0,249;1,245;4,928
56,81;866,32;-6,303;-0,25;1,245;4,928
56,81;866,35;-6,304;-0,25;1,245;4,928
56,81;866,37;-6,305;-0,25;1,245;4,928
56,81;866,4;-6,306;-0,25;1,245;4,928
56,81;866,42;-6,308;-0,25;1,245;4,927
56,81;866,45;-6,309;-0,25;1,245;4,927
56,82;866,47;-6,311;-0,25;1,245;4,927
56,82;866,5;-6,312;-0,25;1,244;4,927
56,82;866,52;-6,314;-0,25;1,244;4,927
56,82;866,55;-6,315;-0,25;1,244;4,926
56,82;866,57;-6,317;-0,25;1,244;4,926
56,83;866,6;-6,318;-0,25;1,244;4,926
56,83;866,62;-6,32;-0,25;1,244;4,926
56,83;866,65;-6,321;-0,25;1,244;4,926
56,83;866,67;-6,323;-0,25;1,244;4,926
56,83;866,7;-6,324;-0,25;1,244;4,925
56,83;866,72;-6,326;-0,25;1,244;4,925
56,84;866,75;-6,327;-0,25;1,244;4,925
56,84;866,77;-6,328;-0,251;1,244;4,925
56,84;866,8;-6,33;-0,251;1,244;4,925
56,84;866,82;-6,331;-0,251;1,244;4,924
56,84;866,85;-6,333;-0,251;1,244;4,924
56,84;866,87;-6,334;-0,251;1,244;4,924
56,84;866,9;-6,335;-0,251;1,244;4,924
56,85;866,92;-6,337;-0,251;1,244;4,924
56,85;866,95;-6,338;-0,251;1,244;4,924
56,85;866,97;-6,34;-0,251;1,244;4,923
56,85;867;-6,341;-0,251;1,244;4,923
56,85;867,02;-6,343;-0,251;1,243;4,923
56,86;867,05;-6,344;-0,251;1,243;4,923
56,86;867,07;-6,345;-0,251;1,243;4,923
56,86;867,1;-6,346;-0,251;1,243;4,922
56,86;867,12;-6,347;-0,251;1,243;4,922
56,86;867,15;-6,349;-0,251;1,243;4,922
56,86;867,17;-6,35;-0,251;1,243;4,922
56,86;867,2;-6,351;-0,251;1,243;4,922
56,87;867,22;-6,352;-0,251;1,243;4,921
56,87;867,25;-6,353;-0,252;1,243;4,921
56,87;867,27;-6,354;-0,252;1,243;4,921
56,87;867,3;-6,356;-0,252;1,243;4,921
56,87;867,32;-6,357;-0,252;1,243;4,921
56,88;867,35;-6,358;-0,252;1,243;4,921
56,88;867,37;-6,359;-0,252;1,243;4,92
56,88;867,4;-6,36;-0,252;1,243;4,92
56,88;867,42;-6,361;-0,252;1,243;4,92
56,88;867,45;-6,362;-0,252;1,243;4,92
56,88;867,47;-6,363;-0,252;1,243;4,92
56,89;867,5;-6,364;-0,252;1,243;4,919
56,89;867,52;-6,365;-0,252;1,243;4,919
56,89;867,55;-6,367;-0,252;1,242;4,919
56,89;867,57;-6,368;-0,252;1,242;4,919
56,89;867,6;-6,369;-0,252;1,242;4,919
56,89;867,62;-6,37;-0,252;1,242;4,918
56,89;867,65;-6,371;-0,252;1,242;4,918
56,9;867,67;-6,372;-0,252;1,242;4,918
56,9;867,7;-6,373;-0,252;1,242;4,918
56,9;867,72;-6,374;-0,252;1,242;4,918
56,9;867,75;-6,375;-0,252;1,242;4,918
56,9;867,77;-6,376;-0,252;1,242;4,917
56,91;867,8;-6,376;-0,252;1,242;4,917
56,91;867,82;-6,377;-0,252;1,242;4,917
56,91;867,84;-6,378;-0,253;1,242;4,917
56,91;867,87;-6,379;-0,253;1,242;4,917
56,91;867,9;-6,379;-0,253;1,242;4,916
56,91;867,92;-6,38;-0,253;1,242;4,916
56,91;867,95;-6,381;-0,253;1,242;4,916
56,92;867,97;-6,382;-0,253;1,242;4,916
56,92;867,99;-6,382;-0,253;1,242;4,916
56,92;868,02;-6,383;-0,253;1,242;4,916
56,92;868,04;-6,384;-0,253;1,242;4,915
56,92;868,07;-6,385;-0,253;1,242;4,915
56,93;868,09;-6,385;-0,253;1,241;4,915
56,93;868,12;-6,386;-0,253;1,241;4,915
56,93;868,14;-6,387;-0,253;1,241;4,915
56,93;868,17;-6,388;-0,253;1,241;4,914
56,93;868,19;-6,389;-0,253;1,241;4,914
56,93;868,22;-6,389;-0,253;1,241;4,914
56,94;868,24;-6,39;-0,253;1,241;4,914
56,94;868,27;-6,391;-0,253;1,241;4,914
56,94;868,29;-6,392;-0,253;1,241;4,913
56,94;868,32;-6,392;-0,253;1,241;4,913
56,94;868,34;-6,393;-0,253;1,241;4,913
56,94;868,37;-6,394;-0,253;1,241;4,913
56,94;868,39;-6,395;-0,253;1,241;4,913
56,95;868,42;-6,395;-0,253;1,241;4,913
56,95;868,44;-6,396;-0,253;1,241;4,912
56,95;868,47;-6,397;-0,253;1,241;4,912
56,95;868,49;-6,397;-0,253;1,241;4,912
56,95;868,52;-6,398;-0,253;1,241;4,912
56,96;868,54;-6,399;-0,253;1,241;4,912
56,96;868,57;-6,4;-0,253;1,241;4,911
56,96;868,59;-6,401;-0,253;1,241;4,911
56,96;868,62;-6,402;-0,253;1,24;4,911
56,96;868,64;-6,402;-0,253;1,24;4,911
56,96;868,67;-6,403;-0,254;1,24;4,911
56,96;868,69;-6,404;-0,254;1,24;4,911
56,97;868,72;-6,405;-0,254;1,24;4,91
56,97;868,74;-6,405;-0,254;1,24;4,91
56,97;868,77;-6,406;-0,254;1,24;4,91
56,97;868,79;-6,407;-0,254;1,24;4,91
56,97;868,82;-6,407;-0,254;1,24;4,91
56,98;868,84;-6,408;-0,254;1,24;4,909
56,98;868,87;-6,408;-0,254;1,24;4,909
56,98;868,89;-6,409;-0,254;1,24;4,909
56,98;868,92;-6,409;-0,254;1,24;4,909
56,98;868,94;-6,41;-0,254;1,24;4,909
56,98;868,97;-6,411;-0,254;1,24;4,909
56,99;868,99;-6,411;-0,254;1,24;4,908
56,99;869,02;-6,412;-0,254;1,24;4,908
56,99;869,04;-6,412;-0,254;1,24;4,908
56,99;869,07;-6,413;-0,254;1,24;4,908
56,99;869,09;-6,413;-0,254;1,24;4,908
56,99;869,12;-6,414;-0,254;1,24;4,907
56,99;869,15;-6,414;-0,254;1,24;4,907
57;869,17;-6,415;-0,254;1,239;4,907
57;869,19;-6,416;-0,254;1,239;4,907
57;869,22;-6,416;-0,254;1,239;4,907
57;869,24;-6,417;-0,254;1,239;4,906
57;869,27;-6,417;-0,254;1,239;4,906
57,01;869,29;-6,418;-0,254;1,239;4,906
57,01;869,32;-6,419;-0,254;1,239;4,906
57,01;869,34;-6,419;-0,254;1,239;4,906
57,01;869,37;-6,42;-0,254;1,239;4,906
57,01;869,39;-6,42;-0,254;1,239;4,905
57,01;869,42;-6,421;-0,254;1,239;4,905
57,01;869,44;-6,422;-0,254;1,239;4,905
57,02;869,47;-6,422;-0,254;1,239;4,905
57,02;869,49;-6,423;-0,254;1,239;4,905
57,02;869,52;-6,424;-0,254;1,239;4,904
57,02;869,54;-6,425;-0,254;1,239;4,904
57,02;869,57;-6,425;-0,254;1,239;4,904
57,03;869,59;-6,426;-0,254;1,239;4,904
57,03;869,62;-6,427;-0,254;1,239;4,904
57,03;869,64;-6,427;-0,254;1,239;4,904
57,03;869,67;-6,428;-0,254;1,239;4,903
57,03;869,69;-6,429;-0,255;1,238;4,903
57,03;869,72;-6,429;-0,255;1,238;4,903
57,04;869,74;-6,43;-0,255;1,238;4,903
57,04;869,77;-6,431;-0,255;1,238;4,903
57,04;869,79;-6,432;-0,255;1,238;4,902
57,04;869,82;-6,432;-0,255;1,238;4,902
57,04;869,84;-6,433;-0,255;1,238;4,902
57,04;869,87;-6,434;-0,255;1,238;4,902
57,04;869,89;-6,434;-0,255;1,238;4,902
57,05;869,92;-6,435;-0,255;1,238;4,901
57,05;869,94;-6,436;-0,255;1,238;4,901
57,05;869,97;-6,436;-0,255;1,238;4,901
57,05;869,99;-6,437;-0,255;1,238;4,901
57,05;870,02;-6,438;-0,255;1,238;4,901
57,06;870,04;-6,439;-0,255;1,238;4,901
57,06;870,07;-6,439;-0,255;1,238;4,9
57,06;870,09;-6,44;-0,255;1,238;4,9
57,06;870,12;-6,441;-0,255;1,238;4,9
57,06;870,14;-6,441;-0,255;1,238;4,9
57,06;870,17;-6,442;-0,255;1,238;4,9
57,06;870,19;-6,443;-0,255;1,238;4,899
57,07;870,22;-6,443;-0,255;1,237;4,899
57,07;870,24;-6,444;-0,255;1,237;4,899
57,07;870,27;-6,445;-0,255;1,237;4,899
57,07;870,29;-6,446;-0,255;1,237;4,899
57,07;870,32;-6,446;-0,255;1,237;4,899
57,08;870,34;-6,447;-0,255;1,237;4,898
57,08;870,37;-6,448;-0,255;1,237;4,898
57,08;870,39;-6,448;-0,255;1,237;4,898
57,08;870,42;-6,449;-0,255;1,237;4,898
57,08;870,44;-6,45;-0,255;1,237;4,898
57,08;870,47;-6,45;-0,255;1,237;4,897
57,09;870,49;-6,451;-0,255;1,237;4,897
57,09;870,52;-6,451;-0,255;1,237;4,897
57,09;870,54;-6,452;-0,255;1,237;4,897
57,09;870,57;-6,452;-0,255;1,237;4,897
57,09;870,59;-6,453;-0,255;1,237;4,896
57,09;870,62;-6,453;-0,255;1,237;4,896
57,09;870,64;-6,454;-0,256;1,237;4,896
57,1;870,67;-6,454;-0,256;1,237;4,896
57,1;870,69;-6,455;-0,256;1,237;4,896
57,1;870,72;-6,455;-0,256;1,237;4,896
57,1;870,74;-6,455;-0,256;1,237;4,895
57,1;870,77;-6,456;-0,256;1,236;4,895
57,11;870,79;-6,456;-0,256;1,236;4,895
57,11;870,82;-6,456;-0,256;1,236;4,895
57,11;870,84;-6,457;-0,256;1,236;4,895
57,11;870,87;-6,457;-0,256;1,236;4,894
57,11;870,89;-6,457;-0,256;1,236;4,894
57,11;870,92;-6,458;-0,256;1,236;4,894
57,11;870,94;-6,458;-0,256;1,236;4,894
57,12;870,97;-6,458;-0,256;1,236;4,894
57,12;870,99;-6,458;-0,256;1,236;4,894
57,12;871,02;-6,459;-0,256;1,236;4,893
57,12;871,04;-6,459;-0,256;1,236;4,893
57,12;871,07;-6,459;-0,256;1,236;4,893
57,13;871,09;-6,459;-0,256;1,236;4,893
57,13;871,12;-6,46;-0,256;1,236;4,893
57,13;871,14;-6,46;-0,256;1,236;4,892
57,13;871,17;-6,46;-0,256;1,236;4,892
57,13;871,19;-6,46;-0,256;1,236;4,892
57,13;871,22;-6,461;-0,256;1,236;4,892
57,14;871,24;-6,461;-0,256;1,236;4,892
57,14;871,27;-6,462;-0,256;1,236;4,892
57,14;871,29;-6,462;-0,256;1,235;4,891
57,14;871,32;-6,463;-0,256;1,235;4,891
57,14;871,34;-6,463;-0,256;1,235;4,891
57,14;871,37;-6,464;-0,256;1,235;4,891
57,14;871,39;-6,464;-0,256;1,235;4,891
57,15;871,42;-6,465;-0,256;1,235;4,89
57,15;871,44;-6,465;-0,256;1,235;4,89
57,15;871,47;-6,466;-0,256;1,235;4,89
57,15;871,49;-6,466;-0,256;1,235;4,89
57,15;871,52;-6,467;-0,256;1,235;4,89
57,16;871,54;-6,467;-0,256;1,235;4,89
57,16;871,57;-6,468;-0,256;1,235;4,889
57,16;871,59;-6,468;-0,256;1,235;4,889
57,16;871,62;-6,469;-0,256;1,235;4,889
57,16;871,64;-6,469;-0,256;1,235;4,889
57,16;871,67;-6,47;-0,256;1,235;4,889
57,16;871,69;-6,471;-0,256;1,235;4,888
57,17;871,72;-6,471;-0,256;1,235;4,888
57,17;871,74;-6,472;-0,256;1,235;4,888
57,17;871,77;-6,472;-0,256;1,235;4,888
57,17;871,79;-6,473;-0,256;1,235;4,888
57,17;871,82;-6,473;-0,256;1,235;4,888
57,18;871,84;-6,474;-0,256;1,234;4,887
57,18;871,87;-6,474;-0,256;1,234;4,887
57,18;871,89;-6,475;-0,256;1,234;4,887
57,18;871,92;-6,475;-0,256;1,234;4,887
57,18;871,94;-6,476;-0,256;1,234;4,887
57,18;871,97;-6,477;-0,256;1,234;4,886
57,19;871,99;-6,477;-0,256;1,234;4,886
57,19;872,02;-6,478;-0,256;1,234;4,886
57,19;872,04;-6,478;-0,256;1,234;4,886
57,19;872,07;-6,479;-0,256;1,234;4,886
57,19;872,09;-6,479;-0,257;1,234;4,886
57,19;872,12;-6,48;-0,257;1,234;4,885
57,19;872,14;-6,481;-0,257;1,234;4,885
57,2;872,17;-6,481;-0,257;1,234;4,885
57,2;872,19;-6,482;-0,257;1,234;4,885
57,2;872,22;-6,482;-0,257;1,234;4,885
57,2;872,24;-6,483;-0,257;1,234;4,884
57,2;872,27;-6,483;-0,257;1,234;4,884
57,21;872,29;-6,484;-0,257;1,234;4,884
57,21;872,32;-6,484;-0,257;1,234;4,884
57,21;872,34;-6,485;-0,257;1,234;4,884
57,21;872,37;-6,486;-0,257;1,234;4,884
57,21;872,39;-6,486;-0,257;1,233;4,883
57,21;872,42;-6,487;-0,257;1,233;4,883
57,21;872,44;-6,487;-0,257;1,233;4,883
57,22;872,47;-6,487;-0,257;1,233;4,883
57,22;872,49;-6,488;-0,257;1,233;4,883
57,22;872,52;-6,488;-0,257;1,233;4,882
57,22;872,54;-6,489;-0,257;1,233;4,882
57,22;872,57;-6,489;-0,257;1,233;4,882
57,23;872,59;-6,489;-0,257;1,233;4,882
57,23;872,62;-6,49;-0,257;1,233;4,882
57,23;872,64;-6,49;-0,257;1,233;4,882
57,23;872,67;-6,49;-0,257;1,233;4,881
57,23;872,69;-6,491;-0,257;1,233;4,881
57,23;872,72;-6,491;-0,257;1,233;4,881
57,24;872,74;-6,491;-0,257;1,233;4,881
57,24;872,77;-6,492;-0,257;1,233;4,881
57,24;872,79;-6,492;-0,257;1,233;4,88
57,24;872,82;-6,493;-0,257;1,233;4,88
57,24;872,84;-6,493;-0,257;1,233;4,88
57,24;872,87;-6,493;-0,257;1,233;4,88
57,24;872,89;-6,494;-0,257;1,233;4,88
57,25;872,92;-6,495;-0,257;1,233;4,88
57,25;872,94;-6,495;-0,257;1,232;4,879
57,25;872,97;-6,496;-0,257;1,232;4,879
57,25;872,99;-6,496;-0,257;1,232;4,879
57,25;873,02;-6,497;-0,257;1,232;4,879
57,26;873,04;-6,498;-0,257;1,232;4,879
57,26;873,07;-6,499;-0,257;1,232;4,878
57,26;873,09;-6,5;-0,257;1,232;4,878
57,26;873,12;-6,5;-0,257;1,232;4,878
57,26;873,14;-6,501;-0,257;1,232;4,878
57,26;873,17;-6,502;-0,257;1,232;4,878
57,26;873,19;-6,503;-0,257;1,232;4,878
57,27;873,22;-6,504;-0,257;1,232;4,877
57,27;873,24;-6,505;-0,258;1,232;4,877
57,27;873,27;-6,505;-0,258;1,232;4,877
57,27;873,29;-6,506;-0,258;1,232;4,877
57,27;873,32;-6,507;-0,258;1,232;4,877
57,28;873,34;-6,508;-0,258;1,232;4,876
57,28;873,37;-6,509;-0,258;1,232;4,876
57,28;873,39;-6,509;-0,258;1,232;4,876
57,28;873,42;-6,51;-0,258;1,232;4,876
57,28;873,44;-6,511;-0,258;1,232;4,876
57,28;873,47;-6,512;-0,258;1,232;4,876
57,29;873,49;-6,513;-0,258;1,231;4,875
57,29;873,52;-6,514;-0,258;1,231;4,875
57,29;873,54;-6,514;-0,258;1,231;4,875
57,29;873,57;-6,515;-0,258;1,231;4,875
57,29;873,59;-6,516;-0,258;1,231;4,875
57,29;873,62;-6,517;-0,258;1,231;4,875
57,29;873,64;-6,518;-0,258;1,231;4,874
57,3;873,67;-6,519;-0,258;1,231;4,874
57,3;873,69;-6,52;-0,258;1,231;4,874
57,3;873,72;-6,521;-0,258;1,231;4,874
57,3;873,74;-6,522;-0,258;1,231;4,874
57,3;873,77;-6,523;-0,258;1,231;4,873
57,31;873,79;-6,524;-0,258;1,231;4,873
57,31;873,82;-6,525;-0,258;1,231;4,873
57,31;873,84;-6,525;-0,258;1,231;4,873
57,31;873,87;-6,526;-0,258;1,231;4,873
57,31;873,89;-6,527;-0,258;1,231;4,873
57,31;873,92;-6,528;-0,258;1,231;4,872
57,31;873,94;-6,529;-0,258;1,231;4,872
57,32;873,97;-6,53;-0,259;1,231;4,872
57,32;873,99;-6,53;-0,259;1,231;4,872
57,32;874,02;-6,531;-0,259;1,231;4,872
57,32;874,04;-6,532;-0,259;1,23;4,872
57,32;874,07;-6,532;-0,259;1,23;4,871
57,33;874,09;-6,533;-0,259;1,23;4,871
57,33;874,12;-6,534;-0,259;1,23;4,871
57,33;874,14;-6,534;-0,259;1,23;4,871
57,33;874,17;-6,535;-0,259;1,23;4,871
57,33;874,19;-6,536;-0,259;1,23;4,87
57,33;874,22;-6,536;-0,259;1,23;4,87
57,34;874,24;-6,537;-0,259;1,23;4,87
57,34;874,27;-6,537;-0,259;1,23;4,87
57,34;874,29;-6,537;-0,259;1,23;4,87
57,34;874,32;-6,538;-0,259;1,23;4,87
57,34;874,34;-6,538;-0,259;1,23;4,869
57,34;874,37;-6,538;-0,259;1,23;4,869
57,34;874,39;-6,539;-0,259;1,23;4,869
57,35;874,42;-6,539;-0,259;1,23;4,869
57,35;874,44;-6,539;-0,259;1,23;4,869
57,35;874,47;-6,54;-0,259;1,23;4,869
57,35;874,49;-6,54;-0,259;1,23;4,868
57,35;874,52;-6,54;-0,259;1,23;4,868
57,36;874,54;-6,54;-0,259;1,23;4,868
57,36;874,57;-6,541;-0,259;1,23;4,868
57,36;874,59;-6,541;-0,259;1,23;4,868
57,36;874,62;-6,541;-0,259;1,229;4,867
57,36;874,64;-6,542;-0,259;1,229;4,867
57,36;874,67;-6,542;-0,259;1,229;4,867
57,36;874,69;-6,543;-0,259;1,229;4,867
57,37;874,72;-6,543;-0,259;1,229;4,867
57,37;874,74;-6,543;-0,259;1,229;4,867
57,37;874,77;-6,544;-0,259;1,229;4,866
57,37;874,79;-6,544;-0,259;1,229;4,866
57,37;874,82;-6,544;-0,259;1,229;4,866
57,38;874,84;-6,545;-0,259;1,229;4,866
57,38;874,87;-6,545;-0,259;1,229;4,866
57,38;874,89;-6,545;-0,259;1,229;4,866
57,38;874,92;-6,545;-0,259;1,229;4,865
57,38;874,94;-6,546;-0,259;1,229;4,865
57,38;874,97;-6,546;-0,259;1,229;4,865
57,39;874,99;-6,546;-0,259;1,229;4,865
57,39;875,02;-6,547;-0,259;1,229;4,865
57,39;875,04;-6,547;-0,259;1,229;4,865
57,39;875,07;-6,547;-0,259;1,229;4,864
57,39;875,09;-6,548;-0,259;1,229;4,864
57,39;875,12;-6,548;-0,259;1,229;4,864
57,39;875,14;-6,548;-0,259;1,229;4,864
57,4;875,17;-6,549;-0,259;1,229;4,864
57,4;875,19;-6,549;-0,259;1,228;4,864
57,4;875,22;-6,549;-0,259;1,228;4,863
57,4;875,24;-6,55;-0,259;1,228;4,863
57,4;875,27;-6,55;-0,259;1,228;4,863
57,41;875,29;-6,55;-0,259;1,228;4,863
57,41;875,32;-6,551;-0,259;1,228;4,863
57,41;875,34;-6,551;-0,259;1,228;4,862
57,41;875,37;-6,551;-0,259;1,228;4,862
57,41;875,39;-6,552;-0,259;1,228;4,862
57,41;875,42;-6,552;-0,259;1,228;4,862
57,41;875,44;-6,552;-0,259;1,228;4,862
57,42;875,47;-6,553;-0,259;1,228;4,862
57,42;875,49;-6,553;-0,259;1,228;4,861
57,42;875,52;-6,553;-0,259;1,228;4,861
57,42;875,54;-6,554;-0,259;1,228;4,861
57,42;875,57;-6,554;-0,259;1,228;4,861
57,43;875,59;-6,554;-0,259;1,228;4,861
57,43;875,62;-6,554;-0,259;1,228;4,861
57,43;875,64;-6,555;-0,26;1,228;4,86
57,43;875,67;-6,555;-0,26;1,228;4,86
57,43;875,69;-6,555;-0,26;1,228;4,86
57,43;875,72;-6,556;-0,26;1,228;4,86
57,44;875,74;-6,556;-0,26;1,228;4,86
57,44;875,77;-6,556;-0,26;1,227;4,86
57,44;875,79;-6,557;-0,26;1,227;4,859
57,44;875,82;-6,557;-0,26;1,227;4,859
57,44;875,84;-6,557;-0,26;1,227;4,859
57,44;875,87;-6,558;-0,26;1,227;4,859
57,44;875,89;-6,558;-0,26;1,227;4,859
57,45;875,92;-6,558;-0,26;1,227;4,859
57,45;875,94;-6,559;-0,26;1,227;4,858
57,45;875,97;-6,559;-0,26;1,227;4,858
57,45;875,99;-6,559;-0,26;1,227;4,858
57,45;876,02;-6,559;-0,26;1,227;4,858
57,46;876,04;-6,56;-0,26;1,227;4,858
57,46;876,07;-6,56;-0,26;1,227;4,858
57,46;876,09;-6,56;-0,26;1,227;4,857
57,46;876,12;-6,56;-0,26;1,227;4,857
57,46;876,14;-6,56;-0,26;1,227;4,857
57,46;876,17;-6,56;-0,26;1,227;4,857
57,46;876,19;-6,56;-0,26;1,227;4,857
57,47;876,22;-6,56;-0,26;1,227;4,857
57,47;876,24;-6,561;-0,26;1,227;4,856
57,47;876,27;-6,561;-0,26;1,227;4,856
57,47;876,29;-6,561;-0,26;1,227;4,856
57,47;876,32;-6,561;-0,26;1,227;4,856
57,48;876,34;-6,561;-0,26;1,226;4,856
57,48;876,37;-6,561;-0,26;1,226;4,856
57,48;876,39;-6,561;-0,26;1,226;4,855
57,48;876,42;-6,562;-0,26;1,226;4,855
57,48;876,44;-6,562;-0,26;1,226;4,855
57,48;876,47;-6,562;-0,26;1,226;4,855
57,49;876,49;-6,562;-0,26;1,226;4,855
57,49;876,52;-6,562;-0,26;1,226;4,855
57,49;876,54;-6,562;-0,26;1,226;4,854
57,49;876,57;-6,562;-0,26;1,226;4,854
57,49;876,59;-6,562;-0,26;1,226;4,854
57,49;876,62;-6,562;-0,26;1,226;4,854
57,49;876,64;-6,562;-0,26;1,226;4,854
57,5;876,67;-6,562;-0,26;1,226;4,854
57,5;876,69;-6,562;-0,26;1,226;4,853
57,5;876,72;-6,562;-0,26;1,226;4,853
57,5;876,74;-6,562;-0,26;1,226;4,853
57,5;876,77;-6,562;-0,26;1,226;4,853
57,51;876,79;-6,562;-0,26;1,226;4,853
57,51;876,82;-6,562;-0,26;1,226;4,853
57,51;876,84;-6,562;-0,26;1,226;4,852
57,51;876,87;-6,562;-0,26;1,226;4,852
57,51;876,89;-6,562;-0,26;1,226;4,852
57,51;876,92;-6,562;-0,26;1,226;4,852
57,51;876,94;-6,562;-0,26;1,225;4,852
57,52;876,97;-6,562;-0,26;1,225;4,852
57,52;876,99;-6,562;-0,26;1,225;4,851
57,52;877,02;-6,562;-0,26;1,225;4,851
57,52;877,04;-6,562;-0,26;1,225;4,851
57,52;877,07;-6,562;-0,26;1,225;4,851
57,53;877,09;-6,562;-0,26;1,225;4,851
57,53;877,12;-6,562;-0,26;1,225;4,851
57,53;877,14;-6,562;-0,26;1,225;4,85
57,53;877,17;-6,562;-0,26;1,225;4,85
57,53;877,19;-6,562;-0,26;1,225;4,85
57,53;877,22;-6,562;-0,26;1,225;4,85
57,54;877,24;-6,562;-0,26;1,225;4,85
57,54;877,27;-6,562;-0,26;1,225;4,85
57,54;877,29;-6,562;-0,26;1,225;4,849
57,54;877,32;-6,562;-0,26;1,225;4,849
57,54;877,34;-6,562;-0,26;1,225;4,849
57,54;877,37;-6,562;-0,26;1,225;4,849
57,54;877,39;-6,562;-0,26;1,225;4,849
57,55;877,42;-6,562;-0,26;1,225;4,849
57,55;877,44;-6,562;-0,26;1,225;4,848
57,55;877,47;-6,563;-0,26;1,225;4,848
57,55;877,49;-6,563;-0,26;1,225;4,848
57,55;877,52;-6,563;-0,26;1,225;4,848
57,56;877,54;-6,563;-0,26;1,224;4,848
57,56;877,57;-6,563;-0,26;1,224;4,848
57,56;877,59;-6,563;-0,26;1,224;4,847
57,56;877,62;-6,564;-0,26;1,224;4,847
57,56;877,64;-6,564;-0,26;1,224;4,847
57,56;877,67;-6,564;-0,26;1,224;4,847
57,56;877,69;-6,564;-0,26;1,224;4,847
57,57;877,72;-6,564;-0,26;1,224;4,847
57,57;877,74;-6,564;-0,26;1,224;4,846
57,57;877,77;-6,564;-0,26;1,224;4,846
57,57;877,79;-6,565;-0,26;1,224;4,846
57,57;877,82;-6,565;-0,26;1,224;4,846
57,58;877,84;-6,565;-0,26;1,224;4,846
57,58;877,87;-6,565;-0,26;1,224;4,846
57,58;877,89;-6,565;-0,26;1,224;4,845
57,58;877,92;-6,566;-0,26;1,224;4,845
57,58;877,94;-6,566;-0,26;1,224;4,845
57,58;877,97;-6,566;-0,26;1,224;4,845
57,59;877,99;-6,566;-0,26;1,224;4,845
57,59;878,02;-6,566;-0,26;1,224;4,845
57,59;878,04;-6,567;-0,26;1,224;4,844
57,59;878,07;-6,567;-0,26;1,224;4,844
57,59;878,09;-6,567;-0,26;1,224;4,844
57,59;878,12;-6,567;-0,26;1,224;4,844
57,59;878,14;-6,567;-0,26;1,223;4,844
57,6;878,17;-6,568;-0,26;1,223;4,844
57,6;878,19;-6,568;-0,26;1,223;4,844
57,6;878,22;-6,568;-0,26;1,223;4,843
57,6;878,24;-6,568;-0,26;1,223;4,843
57,6;878,27;-6,568;-0,26;1,223;4,843
57,61;878,29;-6,568;-0,26;1,223;4,843
57,61;878,32;-6,568;-0,26;1,223;4,843
57,61;878,34;-6,568;-0,26;1,223;4,843
57,61;878,37;-6,568;-0,26;1,223;4,842
57,61;878,39;-6,568;-0,26;1,223;4,842
57,61;878,42;-6,568;-0,26;1,223;4,842
57,61;878,44;-6,568;-0,26;1,223;4,842
57,62;878,47;-6,568;-0,26;1,223;4,842
57,62;878,49;-6,568;-0,26;1,223;4,842
57,62;878,52;-6,568;-0,26;1,223;4,841
57,62;878,54;-6,568;-0,26;1,223;4,841
57,62;878,57;-6,568;-0,26;1,223;4,841
57,63;878,59;-6,568;-0,26;1,223;4,841
57,63;878,62;-6,568;-0,26;1,223;4,841
57,63;878,64;-6,568;-0,26;1,223;4,841
57,63;878,67;-6,568;-0,26;1,223;4,84
57,63;878,69;-6,568;-0,26;1,223;4,84
57,63;878,72;-6,568;-0,26;1,223;4,84
57,64;878,74;-6,567;-0,26;1,223;4,84
57,64;878,77;-6,567;-0,26;1,222;4,84
57,64;878,79;-6,567;-0,26;1,222;4,84
57,64;878,82;-6,567;-0,26;1,222;4,84
57,64;878,84;-6,567;-0,26;1,222;4,839
57,64;878,87;-6,566;-0,26;1,222;4,839
57,64;878,89;-6,566;-0,26;1,222;4,839
57,65;878,92;-6,566;-0,26;1,222;4,839
57,65;878,94;-6,566;-0,26;1,222;4,839
57,65;878,97;-6,565;-0,26;1,222;4,839
57,65;878,99;-6,565;-0,26;1,222;4,838
57,65;879,02;-6,565;-0,26;1,222;4,838
57,66;879,04;-6,565;-0,26;1,222;4,838
57,66;879,07;-6,565;-0,26;1,222;4,838
57,66;879,1;-6,564;-0,26;1,222;4,838
57,66;879,12;-6,564;-0,26;1,222;4,838
57,66;879,15;-6,564;-0,26;1,222;4,838
57,66;879,17;-6,564;-0,26;1,222;4,837
57,66;879,2;-6,564;-0,26;1,222;4,837
57,67;879,22;-6,563;-0,26;1,222;4,837
57,67;879,25;-6,563;-0,26;1,222;4,837
57,67;879,27;-6,563;-0,26;1,222;4,837
57,67;879,3;-6,563;-0,26;1,222;4,837
57,67;879,32;-6,562;-0,26;1,222;4,836
57,68;879,35;-6,562;-0,26;1,222;4,836
57,68;879,37;-6,562;-0,26;1,222;4,836
57,68;879,4;-6,562;-0,26;1,222;4,836
57,68;879,42;-6,561;-0,26;1,221;4,836
57,68;879,45;-6,561;-0,26;1,221;4,836
57,68;879,47;-6,561;-0,26;1,221;4,835
57,69;879,5;-6,56;-0,26;1,221;4,835
57,69;879,52;-6,56;-0,26;1,221;4,835
57,69;879,55;-6,56;-0,26;1,221;4,835
57,69;879,57;-6,56;-0,26;1,221;4,835
57,69;879,6;-6,559;-0,26;1,221;4,835
57,69;879,62;-6,559;-0,26;1,221;4,835
57,69;879,65;-6,559;-0,26;1,221;4,834
57,7;879,67;-6,558;-0,26;1,221;4,834
57,7;879,7;-6,558;-0,26;1,221;4,834
57,7;879,72;-6,558;-0,26;1,221;4,834
57,7;879,75;-6,557;-0,26;1,221;4,834
57,7;879,77;-6,557;-0,26;1,221;4,834
57,71;879,8;-6,557;-0,26;1,221;4,833
57,71;879,82;-6,556;-0,26;1,221;4,833
57,71;879,85;-6,556;-0,26;1,221;4,833
57,71;879,87;-6,555;-0,26;1,221;4,833
57,71;879,9;-6,555;-0,26;1,221;4,833
57,71;879,92;-6,554;-0,259;1,221;4,833
57,71;879,95;-6,554;-0,259;1,221;4,833
57,72;879,97;-6,554;-0,259;1,221;4,832
57,72;880;-6,553;-0,259;1,221;4,832
57,72;880,02;-6,553;-0,259;1,221;4,832
57,72;880,05;-6,552;-0,259;1,22;4,832
57,72;880,07;-6,552;-0,259;1,22;4,832
57,73;880,1;-6,551;-0,259;1,22;4,832
57,73;880,12;-6,551;-0,259;1,22;4,831
57,73;880,15;-6,551;-0,259;1,22;4,831
57,73;880,17;-6,55;-0,259;1,22;4,831
57,73;880,2;-6,55;-0,259;1,22;4,831
57,73;880,22;-6,549;-0,259;1,22;4,831
57,74;880,25;-6,549;-0,259;1,22;4,831
57,74;880,27;-6,549;-0,259;1,22;4,831
57,74;880,3;-6,548;-0,259;1,22;4,83
57,74;880,32;-6,548;-0,259;1,22;4,83
57,74;880,35;-6,548;-0,259;1,22;4,83
57,74;880,37;-6,547;-0,259;1,22;4,83
57,74;880,4;-6,547;-0,259;1,22;4,83
57,75;880,42;-6,547;-0,259;1,22;4,83
57,75;880,45;-6,546;-0,259;1,22;4,83
57,75;880,47;-6,546;-0,259;1,22;4,829
57,75;880,5;-6,546;-0,259;1,22;4,829
57,75;880,52;-6,545;-0,259;1,22;4,829
57,76;880,55;-6,545;-0,259;1,22;4,829
57,76;880,57;-6,545;-0,259;1,22;4,829
57,76;880,6;-6,545;-0,259;1,22;4,829
57,76;880,62;-6,544;-0,259;1,22;4,828
57,76;880,65;-6,544;-0,259;1,22;4,828
57,76;880,67;-6,544;-0,259;1,22;4,828
57,76;880,7;-6,543;-0,259;1,22;4,828
57,77;880,72;-6,543;-0,259;1,219;4,828
57,77;880,75;-6,543;-0,259;1,219;4,828
57,77;880,77;-6,543;-0,259;1,219;4,828
57,77;880,8;-6,542;-0,259;1,219;4,827
57,77;880,82;-6,542;-0,259;1,219;4,827
57,78;880,85;-6,542;-0,259;1,219;4,827
57,78;880,87;-6,541;-0,259;1,219;4,827
57,78;880,9;-6,541;-0,259;1,219;4,827
57,78;880,92;-6,541;-0,259;1,219;4,827
57,78;880,95;-6,54;-0,259;1,219;4,827
57,78;880,97;-6,54;-0,259;1,219;4,826
57,79;881;-6,54;-0,259;1,219;4,826
57,79;881,02;-6,54;-0,259;1,219;4,826
57,79;881,05;-6,539;-0,259;1,219;4,826
57,79;881,07;-6,539;-0,259;1,219;4,826
57,79;881,1;-6,539;-0,259;1,219;4,826
57,79;881,12;-6,539;-0,259;1,219;4,826
57,79;881,15;-6,539;-0,259;1,219;4,825
57,8;881,17;-6,538;-0,259;1,219;4,825
57,8;881,2;-6,538;-0,259;1,219;4,825
57,8;881,22;-6,538;-0,259;1,219;4,825
57,8;881,25;-6,538;-0,259;1,219;4,825
57,8;881,27;-6,538;-0,259;1,219;4,825
57,81;881,3;-6,537;-0,259;1,219;4,825
57,81;881,32;-6,537;-0,259;1,219;4,824
57,81;881,35;-6,537;-0,259;1,219;4,824
57,81;881,37;-6,536;-0,259;1,219;4,824
57,81;881,4;-6,536;-0,259;1,218;4,824
57,81;881,42;-6,536;-0,259;1,218;4,824
57,81;881,45;-6,536;-0,259;1,218;4,824
57,82;881,47;-6,535;-0,259;1,218;4,824
57,82;881,5;-6,535;-0,259;1,218;4,823
57,82;881,52;-6,535;-0,259;1,218;4,823
57,82;881,55;-6,535;-0,259;1,218;4,823
57,82;881,57;-6,534;-0,259;1,218;4,823
57,83;881,6;-6,534;-0,259;1,218;4,823
57,83;881,62;-6,534;-0,259;1,218;4,823
57,83;881,65;-6,533;-0,259;1,218;4,823
57,83;881,67;-6,533;-0,259;1,218;4,822
57,83;881,7;-6,533;-0,259;1,218;4,822
57,83;881,72;-6,532;-0,259;1,218;4,822
57,84;881,75;-6,532;-0,259;1,218;4,822
57,84;881,77;-6,532;-0,259;1,218;4,822
57,84;881,8;-6,531;-0,259;1,218;4,822
57,84;881,82;-6,531;-0,259;1,218;4,822
57,84;881,85;-6,53;-0,259;1,218;4,821
57,84;881,87;-6,53;-0,259;1,218;4,821
57,84;881,9;-6,53;-0,259;1,218;4,821
57,85;881,92;-6,529;-0,258;1,218;4,821
57,85;881,95;-6,529;-0,258;1,218;4,821
57,85;881,97;-6,528;-0,258;1,218;4,821
57,85;882;-6,528;-0,258;1,218;4,821
57,85;882,02;-6,528;-0,258;1,218;4,82
57,86;882,05;-6,528;-0,258;1,218;4,82
57,86;882,07;-6,527;-0,258;1,218;4,82
57,86;882,1;-6,527;-0,258;1,217;4,82
57,86;882,12;-6,527;-0,258;1,217;4,82
57,86;882,15;-6,527;-0,258;1,217;4,82
57,86;882,17;-6,527;-0,258;1,217;4,82
57,86;882,2;-6,527;-0,258;1,217;4,819
57,87;882,22;-6,527;-0,258;1,217;4,819
57,87;882,25;-6,526;-0,258;1,217;4,819
57,87;882,27;-6,526;-0,258;1,217;4,819
57,87;882,3;-6,526;-0,258;1,217;4,819
57,87;882,32;-6,526;-0,258;1,217;4,819
57,88;882,35;-6,526;-0,258;1,217;4,819
57,88;882,37;-6,526;-0,258;1,217;4,818
57,88;882,4;-6,526;-0,258;1,217;4,818
57,88;882,42;-6,526;-0,258;1,217;4,818
57,88;882,45;-6,525;-0,258;1,217;4,818
57,88;882,47;-6,525;-0,258;1,217;4,818
57,89;882,5;-6,525;-0,258;1,217;4,818
57,89;882,52;-6,525;-0,258;1,217;4,818
57,89;882,55;-6,525;-0,258;1,217;4,818
57,89;882,57;-6,525;-0,258;1,217;4,817
57,89;882,6;-6,525;-0,258;1,217;4,817
57,89;882,62;-6,525;-0,258;1,217;4,817
57,89;882,65;-6,525;-0,258;1,217;4,817
57,9;882,67;-6,525;-0,258;1,217;4,817
57,9;882,7;-6,525;-0,258;1,217;4,817
57,9;882,72;-6,525;-0,258;1,217;4,817
57,9;882,75;-6,524;-0,258;1,217;4,816
57,9;882,77;-6,524;-0,258;1,217;4,816
57,91;882,8;-6,524;-0,258;1,217;4,816
57,91;882,82;-6,524;-0,258;1,216;4,816
57,91;882,85;-6,524;-0,258;1,216;4,816
57,91;882,87;-6,524;-0,258;1,216;4,816
57,91;882,9;-6,524;-0,258;1,216;4,816
57,91;882,92;-6,524;-0,258;1,216;4,815
57,91;882,95;-6,523;-0,258;1,216;4,815
57,92;882,97;-6,523;-0,258;1,216;4,815
57,92;883;-6,523;-0,258;1,216;4,815
57,92;883,02;-6,523;-0,258;1,216;4,815
57,92;883,05;-6,523;-0,258;1,216;4,815
57,92;883,07;-6,523;-0,258;1,216;4,815
57,93;883,1;-6,523;-0,258;1,216;4,815
57,93;883,12;-6,523;-0,258;1,216;4,814
57,93;883,15;-6,522;-0,258;1,216;4,814
57,93;883,17;-6,522;-0,258;1,216;4,814
57,93;883,2;-6,522;-0,258;1,216;4,814
57,93;883,22;-6,522;-0,258;1,216;4,814
57,94;883,25;-6,522;-0,258;1,216;4,814
57,94;883,27;-6,521;-0,258;1,216;4,814
57,94;883,3;-6,521;-0,258;1,216;4,813
57,94;883,32;-6,52;-0,258;1,216;4,813
57,94;883,35;-6,519;-0,258;1,216;4,813
57,94;883,37;-6,519;-0,258;1,216;4,813
57,94;883,4;-6,518;-0,258;1,216;4,813
57,95;883,42;-6,518;-0,258;1,216;4,813
57,95;883,45;-6,517;-0,258;1,216;4,813
57,95;883,47;-6,517;-0,258;1,216;4,813
57,95;883,5;-6,516;-0,258;1,216;4,812
57,95;883,52;-6,515;-0,258;1,216;4,812
57,96;883,55;-6,515;-0,258;1,215;4,812
57,96;883,57;-6,514;-0,258;1,215;4,812
57,96;883,6;-6,513;-0,258;1,215;4,812
57,96;883,62;-6,512;-0,258;1,215;4,812
57,96;883,65;-6,512;-0,258;1,215;4,812
57,96;883,67;-6,511;-0,258;1,215;4,812
57,96;883,7;-6,51;-0,258;1,215;4,811
57,97;883,72;-6,51;-0,258;1,215;4,811
57,97;883,75;-6,509;-0,258;1,215;4,811
57,97;883,77;-6,508;-0,258;1,215;4,811
57,97;883,8;-6,507;-0,258;1,215;4,811
57,97;883,82;-6,506;-0,258;1,215;4,811
57,98;883,85;-6,505;-0,258;1,215;4,811
57,98;883,87;-6,504;-0,258;1,215;4,81
57,98;883,9;-6,503;-0,257;1,215;4,81
57,98;883,92;-6,502;-0,257;1,215;4,81
57,98;883,95;-6,501;-0,257;1,215;4,81
57,98;883,97;-6,5;-0,257;1,215;4,81
57,99;884;-6,499;-0,257;1,215;4,81
57,99;884,02;-6,499;-0,257;1,215;4,81
57,99;884,05;-6,498;-0,257;1,215;4,81
57,99;884,07;-6,497;-0,257;1,215;4,809
57,99;884,1;-6,496;-0,257;1,215;4,809
57,99;884,12;-6,495;-0,257;1,215;4,809
57,99;884,15;-6,494;-0,257;1,215;4,809
58;884,17;-6,493;-0,257;1,215;4,809
58;884,2;-6,492;-0,257;1,215;4,809
58;884,22;-6,491;-0,257;1,215;4,809
58;884,25;-6,49;-0,257;1,215;4,809
58;884,27;-6,49;-0,257;1,215;4,808
58,01;884,3;-6,489;-0,257;1,215;4,808
58,01;884,32;-6,488;-0,257;1,214;4,808
58,01;884,35;-6,487;-0,257;1,214;4,808
58,01;884,37;-6,486;-0,257;1,214;4,808
58,01;884,4;-6,485;-0,257;1,214;4,808
58,01;884,42;-6,484;-0,257;1,214;4,808
58,01;884,45;-6,483;-0,257;1,214;4,808
58,02;884,47;-6,482;-0,257;1,214;4,807
58,02;884,5;-6,482;-0,257;1,214;4,807
58,02;884,52;-6,481;-0,257;1,214;4,807
58,02;884,55;-6,481;-0,257;1,214;4,807
58,02;884,57;-6,48;-0,257;1,214;4,807
58,03;884,6;-6,479;-0,257;1,214;4,807
58,03;884,62;-6,479;-0,257;1,214;4,807
58,03;884,65;-6,478;-0,256;1,214;4,807
58,03;884,67;-6,478;-0,256;1,214;4,806
58,03;884,7;-6,477;-0,256;1,214;4,806
58,03;884,72;-6,477;-0,256;1,214;4,806
58,04;884,75;-6,477;-0,256;1,214;4,806
58,04;884,77;-6,476;-0,256;1,214;4,806
58,04;884,8;-6,476;-0,256;1,214;4,806
58,04;884,82;-6,475;-0,256;1,214;4,806
58,04;884,85;-6,475;-0,256;1,214;4,806
58,04;884,87;-6,475;-0,256;1,214;4,805
58,04;884,9;-6,475;-0,256;1,214;4,805
58,05;884,92;-6,474;-0,256;1,214;4,805
58,05;884,95;-6,474;-0,256;1,214;4,805
58,05;884,97;-6,474;-0,256;1,214;4,805
58,05;885;-6,474;-0,256;1,214;4,805
58,05;885,02;-6,474;-0,256;1,214;4,805
58,06;885,05;-6,473;-0,256;1,214;4,805
58,06;885,07;-6,473;-0,256;1,214;4,804
58,06;885,1;-6,473;-0,256;1,214;4,804
58,06;885,12;-6,473;-0,256;1,213;4,804
58,06;885,15;-6,473;-0,256;1,213;4,804
58,06;885,17;-6,473;-0,256;1,213;4,804
58,06;885,2;-6,473;-0,256;1,213;4,804
58,07;885,22;-6,473;-0,256;1,213;4,804
58,07;885,25;-6,473;-0,256;1,213;4,804
58,07;885,27;-6,473;-0,256;1,213;4,803
58,07;885,3;-6,473;-0,256;1,213;4,803
58,07;885,32;-6,472;-0,256;1,213;4,803
58,08;885,35;-6,472;-0,256;1,213;4,803
58,08;885,37;-6,472;-0,256;1,213;4,803
58,08;885,4;-6,472;-0,256;1,213;4,803
58,08;885,42;-6,472;-0,256;1,213;4,803
58,08;885,45;-6,472;-0,256;1,213;4,803
58,08;885,47;-6,471;-0,256;1,213;4,802
58,09;885,5;-6,471;-0,256;1,213;4,802
58,09;885,52;-6,471;-0,256;1,213;4,802
58,09;885,55;-6,471;-0,256;1,213;4,802
58,09;885,57;-6,471;-0,256;1,213;4,802
58,09;885,6;-6,471;-0,256;1,213;4,802
58,09;885,62;-6,47;-0,256;1,213;4,802
58,09;885,65;-6,47;-0,256;1,213;4,802
58,1;885,67;-6,47;-0,256;1,213;4,801
58,1;885,7;-6,47;-0,256;1,213;4,801
58,1;885,72;-6,47;-0,256;1,213;4,801
58,1;885,75;-6,47;-0,256;1,213;4,801
58,1;885,77;-6,47;-0,256;1,213;4,801
58,11;885,8;-6,47;-0,256;1,213;4,801
58,11;885,82;-6,47;-0,256;1,213;4,801
58,11;885,85;-6,47;-0,256;1,213;4,801
58,11;885,87;-6,469;-0,256;1,213;4,801
58,11;885,9;-6,469;-0,256;1,213;4,8
58,11;885,92;-6,469;-0,256;1,212;4,8
58,11;885,95;-6,469;-0,256;1,212;4,8
58,12;885,97;-6,469;-0,256;1,212;4,8
58,12;886;-6,468;-0,256;1,212;4,8
58,12;886,02;-6,468;-0,256;1,212;4,8
58,12;886,05;-6,468;-0,256;1,212;4,8
58,12;886,07;-6,468;-0,256;1,212;4,8
58,13;886,1;-6,468;-0,256;1,212;4,799
58,13;886,12;-6,467;-0,256;1,212;4,799
58,13;886,15;-6,467;-0,256;1,212;4,799
58,13;886,17;-6,467;-0,256;1,212;4,799
58,13;886,2;-6,467;-0,256;1,212;4,799
58,13;886,22;-6,467;-0,256;1,212;4,799
58,14;886,25;-6,466;-0,256;1,212;4,799
58,14;886,27;-6,466;-0,256;1,212;4,799
58,14;886,3;-6,466;-0,256;1,212;4,798
58,14;886,32;-6,466;-0,256;1,212;4,798
58,14;886,35;-6,466;-0,256;1,212;4,798
58,14;886,37;-6,466;-0,256;1,212;4,798
58,14;886,4;-6,465;-0,256;1,212;4,798
58,15;886,42;-6,465;-0,256;1,212;4,798
58,15;886,45;-6,465;-0,256;1,212;4,798
58,15;886,47;-6,465;-0,256;1,212;4,798
58,15;886,5;-6,465;-0,256;1,212;4,798
58,15;886,52;-6,465;-0,256;1,212;4,797
58,16;886,55;-6,466;-0,256;1,212;4,797
58,16;886,57;-6,466;-0,256;1,212;4,797
58,16;886,6;-6,466;-0,256;1,212;4,797
58,16;886,62;-6,466;-0,256;1,212;4,797
58,16;886,65;-6,466;-0,256;1,212;4,797
58,16;886,67;-6,467;-0,256;1,212;4,797
58,16;886,7;-6,467;-0,256;1,212;4,797
58,17;886,72;-6,467;-0,256;1,212;4,797
58,17;886,75;-6,467;-0,256;1,212;4,796
58,17;886,77;-6,467;-0,256;1,211;4,796
58,17;886,8;-6,468;-0,256;1,211;4,796
58,17;886,82;-6,468;-0,256;1,211;4,796
58,18;886,85;-6,468;-0,256;1,211;4,796
58,18;886,87;-6,468;-0,256;1,211;4,796
58,18;886,9;-6,468;-0,256;1,211;4,796
58,18;886,92;-6,468;-0,256;1,211;4,796
58,18;886,95;-6,468;-0,256;1,211;4,795
58,18;886,98;-6,468;-0,256;1,211;4,795
58,19;887;-6,469;-0,256;1,211;4,795
58,19;887,03;-6,469;-0,256;1,211;4,795
58,19;887,05;-6,469;-0,256;1,211;4,795
58,19;887,08;-6,469;-0,256;1,211;4,795
58,19;887,1;-6,469;-0,256;1,211;4,795
58,19;887,13;-6,469;-0,256;1,211;4,795
58,19;887,15;-6,47;-0,256;1,211;4,795
58,2;887,18;-6,47;-0,256;1,211;4,794
58,2;887,2;-6,47;-0,256;1,211;4,794
58,2;887,23;-6,47;-0,256;1,211;4,794
58,2;887,25;-6,47;-0,256;1,211;4,794
58,2;887,28;-6,47;-0,256;1,211;4,794
58,21;887,3;-6,47;-0,256;1,211;4,794
58,21;887,33;-6,471;-0,256;1,211;4,794
58,21;887,35;-6,471;-0,256;1,211;4,794
58,21;887,38;-6,471;-0,256;1,211;4,794
58,21;887,4;-6,471;-0,256;1,211;4,793
58,21;887,43;-6,471;-0,256;1,211;4,793
58,21;887,45;-6,47;-0,256;1,211;4,793
58,22;887,48;-6,47;-0,256;1,211;4,793
58,22;887,5;-6,47;-0,256;1,211;4,793
58,22;887,53;-6,47;-0,256;1,211;4,793
58,22;887,55;-6,47;-0,256;1,211;4,793
58,22;887,58;-6,47;-0,256;1,211;4,793
58,23;887,6;-6,47;-0,256;1,211;4,793
58,23;887,63;-6,47;-0,256;1,211;4,792
58,23;887,65;-6,47;-0,256;1,21;4,792
58,23;887,68;-6,469;-0,256;1,21;4,792
58,23;887,7;-6,469;-0,256;1,21;4,792
58,23;887,73;-6,469;-0,256;1,21;4,792
58,24;887,75;-6,468;-0,256;1,21;4,792
58,24;887,78;-6,468;-0,256;1,21;4,792
58,24;887,8;-6,468;-0,256;1,21;4,792
58,24;887,83;-6,467;-0,256;1,21;4,792
58,24;887,85;-6,467;-0,256;1,21;4,791
58,24;887,88;-6,466;-0,256;1,21;4,791
58,24;887,9;-6,466;-0,256;1,21;4,791
58,25;887,93;-6,466;-0,256;1,21;4,791
58,25;887,95;-6,465;-0,256;1,21;4,791
58,25;887,98;-6,465;-0,256;1,21;4,791
58,25;888;-6,464;-0,256;1,21;4,791
58,25;888,03;-6,464;-0,256;1,21;4,791
58,26;888,05;-6,463;-0,256;1,21;4,791
58,26;888,08;-6,463;-0,256;1,21;4,791
58,26;888,1;-6,463;-0,256;1,21;4,79
58,26;888,13;-6,462;-0,256;1,21;4,79
58,26;888,15;-6,462;-0,256;1,21;4,79
58,26;888,18;-6,462;-0,256;1,21;4,79
58,26;888,2;-6,461;-0,256;1,21;4,79
58,27;888,23;-6,461;-0,256;1,21;4,79
58,27;888,25;-6,46;-0,256;1,21;4,79
58,27;888,28;-6,46;-0,256;1,21;4,79
58,27;888,3;-6,46;-0,256;1,21;4,79
58,27;888,33;-6,459;-0,256;1,21;4,789
58,28;888,35;-6,459;-0,256;1,21;4,789
58,28;888,38;-6,459;-0,256;1,21;4,789
58,28;888,4;-6,458;-0,256;1,21;4,789
58,28;888,43;-6,458;-0,256;1,21;4,789
58,28;888,45;-6,458;-0,256;1,21;4,789
58,28;888,48;-6,457;-0,256;1,21;4,789
58,29;888,5;-6,457;-0,256;1,21;4,789
58,29;888,53;-6,456;-0,256;1,21;4,789
58,29;888,55;-6,456;-0,256;1,21;4,789
58,29;888,58;-6,455;-0,256;1,209;4,788
58,29;888,6;-6,455;-0,256;1,209;4,788
58,29;888,63;-6,455;-0,256;1,209;4,788
58,29;888,65;-6,455;-0,256;1,209;4,788
58,3;888,68;-6,454;-0,256;1,209;4,788
58,3;888,7;-6,454;-0,256;1,209;4,788
58,3;888,73;-6,454;-0,256;1,209;4,788
58,3;888,75;-6,453;-0,255;1,209;4,788
58,3;888,78;-6,453;-0,255;1,209;4,788
58,31;888,8;-6,453;-0,255;1,209;4,787
58,31;888,83;-6,453;-0,255;1,209;4,787
58,31;888,85;-6,452;-0,255;1,209;4,787
58,31;888,88;-6,452;-0,255;1,209;4,787
58,31;888,9;-6,452;-0,255;1,209;4,787
58,31;888,93;-6,452;-0,255;1,209;4,787
58,31;888,95;-6,451;-0,255;1,209;4,787
58,32;888,98;-6,451;-0,255;1,209;4,787
58,32;889;-6,451;-0,255;1,209;4,787
58,32;889,03;-6,451;-0,255;1,209;4,787
58,32;889,05;-6,45;-0,255;1,209;4,786
58,32;889,08;-6,45;-0,255;1,209;4,786
58,33;889,1;-6,449;-0,255;1,209;4,786
58,33;889,13;-6,449;-0,255;1,209;4,786
58,33;889,15;-6,448;-0,255;1,209;4,786
58,33;889,18;-6,448;-0,255;1,209;4,786
58,33;889,2;-6,447;-0,255;1,209;4,786
58,33;889,23;-6,447;-0,255;1,209;4,786
58,34;889,25;-6,447;-0,255;1,209;4,786
58,34;889,28;-6,446;-0,255;1,209;4,786
58,34;889,3;-6,446;-0,255;1,209;4,785
58,34;889,33;-6,445;-0,255;1,209;4,785
58,34;889,35;-6,445;-0,255;1,209;4,785
58,34;889,38;-6,444;-0,255;1,209;4,785
58,34;889,4;-6,443;-0,255;1,209;4,785
58,35;889,43;-6,443;-0,255;1,209;4,785
58,35;889,45;-6,442;-0,255;1,209;4,785
58,35;889,48;-6,442;-0,255;1,209;4,785
58,35;889,5;-6,441;-0,255;1,209;4,785
58,35;889,53;-6,441;-0,255;1,209;4,785
58,36;889,55;-6,44;-0,255;1,208;4,784
58,36;889,58;-6,44;-0,255;1,208;4,784
58,36;889,6;-6,439;-0,255;1,208;4,784
58,36;889,63;-6,438;-0,255;1,208;4,784
58,36;889,65;-6,438;-0,255;1,208;4,784
58,36;889,68;-6,437;-0,255;1,208;4,784
58,36;889,7;-6,437;-0,255;1,208;4,784
58,37;889,73;-6,436;-0,255;1,208;4,784
58,37;889,75;-6,436;-0,255;1,208;4,784
58,37;889,78;-6,435;-0,255;1,208;4,784
58,37;889,8;-6,435;-0,255;1,208;4,783
58,37;889,83;-6,434;-0,255;1,208;4,783
58,38;889,85;-6,434;-0,255;1,208;4,783
58,38;889,88;-6,433;-0,255;1,208;4,783
58,38;889,9;-6,433;-0,255;1,208;4,783
58,38;889,93;-6,432;-0,255;1,208;4,783
58,38;889,95;-6,432;-0,255;1,208;4,783
58,38;889,98;-6,431;-0,255;1,208;4,783
58,39;890;-6,431;-0,255;1,208;4,783
58,39;890,03;-6,43;-0,255;1,208;4,783
58,39;890,05;-6,43;-0,255;1,208;4,782
58,39;890,08;-6,429;-0,255;1,208;4,782
58,39;890,1;-6,429;-0,255;1,208;4,782
58,39;890,13;-6,428;-0,255;1,208;4,782
58,39;890,15;-6,428;-0,254;1,208;4,782
58,4;890,18;-6,427;-0,254;1,208;4,782
58,4;890,2;-6,427;-0,254;1,208;4,782
58,4;890,23;-6,427;-0,254;1,208;4,782
58,4;890,25;-6,426;-0,254;1,208;4,782
58,4;890,28;-6,426;-0,254;1,208;4,782
58,41;890,3;-6,425;-0,254;1,208;4,782
58,41;890,33;-6,425;-0,254;1,208;4,781
58,41;890,35;-6,425;-0,254;1,208;4,781
58,41;890,38;-6,425;-0,254;1,208;4,781
58,41;890,4;-6,424;-0,254;1,208;4,781
58,41;890,43;-6,424;-0,254;1,208;4,781
58,41;890,45;-6,424;-0,254;1,208;4,781
58,42;890,48;-6,424;-0,254;1,208;4,781
58,42;890,5;-6,423;-0,254;1,208;4,781
58,42;890,53;-6,423;-0,254;1,208;4,781
58,42;890,55;-6,423;-0,254;1,208;4,781
58,42;890,58;-6,423;-0,254;1,207;4,78
58,43;890,6;-6,423;-0,254;1,207;4,78
58,43;890,63;-6,423;-0,254;1,207;4,78
58,43;890,65;-6,423;-0,254;1,207;4,78
58,43;890,68;-6,423;-0,254;1,207;4,78
58,43;890,7;-6,423;-0,254;1,207;4,78
58,43;890,73;-6,422;-0,254;1,207;4,78
58,44;890,75;-6,422;-0,254;1,207;4,78
58,44;890,78;-6,422;-0,254;1,207;4,78
58,44;890,8;-6,422;-0,254;1,207;4,78
58,44;890,83;-6,422;-0,254;1,207;4,78
58,44;890,85;-6,422;-0,254;1,207;4,779
58,44;890,88;-6,422;-0,254;1,207;4,779
58,44;890,9;-6,422;-0,254;1,207;4,779
58,45;890,9001;-6,422;-0,254;1,207;4,779
58,45;890,9002;-6,422;-0,254;1,207;4,779
58,45;890,9003;-6,422;-0,254;1,207;4,779
58,45;890,9004;-6,422;-0,254;1,207;4,779
58,45;890,9005;-6,422;-0,254;1,207;4,779
58,46;890,9006;-6,422;-0,254;1,207;4,779
58,46;890,9007;-6,422;-0,254;1,207;4,779
58,46;890,9008;-6,422;-0,254;1,207;4,778
58,46;890,9009;-6,422;-0,254;1,207;4,778
58,46;890,901;-6,422;-0,254;1,207;4,778
58,46;890,9011;-6,422;-0,254;1,207;4,778
58,46;890,9012;-6,422;-0,254;1,207;4,778
58,47;890,9013;-6,422;-0,254;1,207;4,778
58,47;890,9014;-6,422;-0,254;1,207;4,778
58,47;890,9015;-6,422;-0,254;1,207;4,778
58,47;890,9016;-6,422;-0,254;1,207;4,778
58,47;890,9017;-6,422;-0,254;1,207;4,778
58,48;890,9018;-6,422;-0,254;1,207;4,778
58,48;890,9019;-6,422;-0,254;1,207;4,777
58,48;890,902;-6,422;-0,254;1,207;4,777
58,48;890,9021;-6,422;-0,254;1,207;4,777
58,48;890,9022;-6,422;-0,254;1,207;4,777
58,48;890,9023;-6,422;-0,254;1,207;4,777
58,49;890,9024;-6,422;-0,254;1,207;4,777
58,49;890,9025;-6,422;-0,254;1,207;4,777
